1|20
260  98
1927  95
804  81
3  84
1009  79
2406  87
1587  85
3671  94
2617  80
3053  95
2571  96
1222  98
2137  89
1377  79
2395  87
2761  95
2641  79
2872  89
1258  97
2700  93
2|6
333  83
122882  83
71535  83
46970  74
58559  88
80489  83
3|8
5764  42
647  42
6835  42
5919  44
2851  32
2288  49
5048  28
4518  39
4|20
106  71
1291  79
3408  70
265  74
52  72
4347  79
2467  77
908  81
345  74
1304  78
1923  73
2959  83
368  72
1219  80
4765  82
1199  82
4166  43
1732  79
21  71
2858  79
5|9
515  77
1  79
364  81
608  83
290  81
261  79
34  74
318  88
21  73
6|20
349  70
318  85
775  70
141  69
348  72
104  68
327  60
410  63
165  71
87  65
366  64
17  72
1084  79
222  70
16  77
416  51
277  62
460  62
867  26
316  65
7|20
8528  70
3623  50
8636  70
8360  66
1517  65
466  53
8373  46
1220  69
7155  53
8808  53
6863  62
31878  65
1610  70
1219  74
4700  60
45668  62
8970  68
27741  73
6333  68
8865  53
8|10
356  81
47  78
231  62
318  86
454  72
292  68
32  79
141  70
380  69
252  68
9|10
5451  56
923  74
5890  80
2901  58
922  77
6044  65
1987  65
5378  57
3735  69
5447  57
10|20
597  65
33679  61
8533  68
8969  60
72720  69
88810  75
136020  57
6377  73
5943  48
109374  72
113394  66
61250  49
82167  51
140110  65
5377  71
77841  66
6942  69
1028  75
72330  66
66203  54
11|13
733  76
1584  75
1210  84
170  73
1438  61
648  72
1918  65
493  78
10  74
457  82
1693  71
150  79
1923  76
12|7
2717  77
2100  79
838  93
2072  79
1876  76
2581  78
6942  91
13|7
3717  68
3624  68
3798  69
2174  75
47  83
3893  74
305  59
14|10
344  60
477  68
110  77
540  55
597  69
153  57
592  68
4  45
539  69
105  65
15|20
91529  76
7438  76
111759  75
2329  80
1  76
1909  67
1240  75
115713  74
1200  77
293  78
2571  78
3949  76
120466  67
1198  81
2028  78
2011  69
158  56
160980  73
4306  75
4022  71
16|20
1230  82
78499  83
913  84
1136  85
1299  81
1617  84
1203  84
3429  88
2858  81
608  84
3683  85
4002  78
1199  85
912  85
2707  69
5782  78
1260  76
319  76
27773  81
2109  72
17|20
260  94
64839  90
296  95
5952  92
527  94
1193  94
3681  94
1240  89
2717  74
2858  91
1093  79
81932  89
5618  94
50  95
5971  90
2959  96
1201  95
541  94
82459  89
1  90
18|20
8117  75
65596  75
88094  75
145283  75
157110  75
166015  75
171023  75
103253  65
60684  80
44199  78
2  73
86628  72
59784  72
2918  80
109374  81
4226  85
53129  91
139385  80
47  82
1291  83
19|20
3692  52
3662  43
54  33
2733  37
1702  41
1240  57
1270  61
3712  44
1881  48
216  53
3  49
1834  60
2184  49
3017  50
2044  24
2354  39
2005  56
3146  34
3387  44
2694  47
20|20
1566  72
5419  67
4014  72
2140  75
586  63
661  70
3189  76
5014  79
1333  75
4161  68
3784  62
1030  60
5313  53
2804  80
2054  58
34  74
1097  76
6358  72
4519  70
1722  64
21|20
107013  65
117922  65
140301  65
57640  72
2985  63
2990  64
2717  55
5418  69
31433  58
112175  71
7153  75
30793  57
4446  63
52973  68
45186  67
2023  64
79185  62
1721  62
102125  65
5459  54
22|20
8961  57
2723  50
60950  49
64575  52
1193  62
70286  57
4993  62
2160  64
39183  52
7147  57
3996  57
3481  55
55765  58
48780  59
7361  64
51540  56
6711  63
2968  58
3949  59
48394  55
23|20
6234  73
3996  77
293  81
1206  83
1136  84
1960  76
7587  79
3424  82
3181  86
2467  78
1248  90
1617  83
6807  81
1952  83
6440  80
1258  83
1243  86
1080  79
8228  71
1711  65
24|20
1784  74
2617  64
111759  77
134853  77
58998  76
1265  78
1198  83
3147  81
1197  84
1220  76
2424  65
5418  75
72011  74
54286  72
27773  79
64957  70
356  82
44191  77
1682  76
68358  77
25|6
58559  100
60069  100
74458  100
79132  100
527  100
260  100
26|21
10  71
34  72
47  79
150  77
153  58
165  72
185  60
208  58
225  71
288  66
296  84
300  71
344  62
349  72
356  83
380  70
434  60
454  72
457  79
592  69
593  83
27|20
1196  82
2478  64
2640  73
3508  86
3555  70
1201  82
3519  65
969  79
2080  69
673  59
2886  12
2529  79
1387  80
1101  67
1947  72
1250  82
1276  83
3114  77
1083  65
3809  68
28|20
27450  60
60943  60
61011  60
63033  60
5617  68
59369  60
60046  60
507  56
3300  63
55094  58
59018  60
26695  60
2951  68
3006  63
2231  67
5418  64
26812  57
2058  57
353  66
61167  60
29|17
98961  91
7379  82
1250  93
1201  94
111362  88
48516  93
1100  65
26554  92
3441  81
4327  83
2872  84
2301  88
1617  93
3681  93
55820  88
4223  83
99114  88
30|7
5952  100
108932  100
1200  100
91529  100
116823  99
112852  100
1198  100
31|10
1198  89
1200  84
648  75
1363  69
1073  83
1036  82
1197  89
377  76
1246  84
1270  85
32|20
236  70
314  80
1356  80
357  73
224  75
627  75
1079  83
1084  83
318  89
761  60
1197  86
849  64
912  85
880  59
1198  86
58  81
203  71
608  84
497  82
410  67
33|20
110  83
17  78
2396  79
2272  65
448  76
428  79
265  78
1280  87
1177  88
1617  85
50  87
261  81
11  79
452  54
345  78
608  86
150  80
1188  75
800  82
2690  79
34|18
780  65
2273  62
3717  61
26606  76
45499  65
3996  73
4310  58
3624  61
31685  62
1721  65
5146  61
7090  77
70  68
2006  60
3000  77
4306  74
27728  43
3997  39
35|5
11  85
185  71
595  85
21  81
300  81
36|12
5171  37
3066  64
552  44
4025  40
1262  61
2735  37
2359  49
1372  48
1278  61
2194  58
3347  64
1704  59
37|5
344  76
356  95
661  83
329  82
457  93
38|16
434  53
39  59
223  69
161  65
246  75
168  53
273  52
480  65
356  73
457  70
364  71
50  74
500  60
300  62
551  64
21  63
39|20
2571  90
2391  85
1921  89
1862  54
1219  90
1907  85
2081  84
2459  76
924  88
2529  89
1729  83
47  89
260  92
2080  80
592  79
296  92
3213  93
610  84
589  88
596  81
40|20
440  76
454  77
588  80
339  75
158  63
432  60
431  80
186  63
616  80
514  77
21  76
592  74
1  83
223  82
585  63
216  77
104  74
371  75
111  85
267  66
41|20
96829  74
64839  72
122882  70
6287  56
1569  63
106920  72
86781  80
3160  70
1721  62
2028  75
6763  42
5418  69
53519  59
122904  69
55247  71
924  73
4011  75
2324  75
35836  65
5995  73
42|20
3869  75
4654  59
1021  53
2423  73
3248  47
4477  48
2500  49
1431  56
195  68
3326  72
2407  67
1090  80
2735  58
3693  56
1020  68
4545  67
4132  58
2263  60
3535  77
2805  60
43|20
225  91
296  100
596  90
588  95
587  89
420  77
158  77
631  82
5  80
597  90
168  81
355  70
47  98
367  84
519  70
594  94
236  87
1  97
60  86
259  80
44|10
36  70
663  68
12  46
661  63
94  74
1  73
104  64
112  61
494  68
889  66
45|20
2718  77
1036  83
2028  87
1653  86
1682  82
2396  81
3249  73
261  83
4308  79
329  74
1367  69
2890  80
593  88
1127  80
2431  74
6377  85
569  68
1197  90
1060  81
2858  85
46|9
590  84
588  84
315  71
208  68
1  87
432  64
225  80
434  71
339  79
47|20
508  65
68932  64
72395  70
2420  64
597  61
148626  70
5989  68
96588  68
69122  63
6155  57
4975  60
30749  65
106100  68
45950  64
2028  71
4018  54
1259  70
6373  58
33166  68
2407  57
48|7
4886  86
1320  75
1527  84
1193  91
3793  84
48  74
1653  89
49|5
2028  94
1214  91
139385  90
318  100
527  96
50|20
8143  56
114335  56
136564  56
142074  56
171759  56
175693  56
179073  56
175707  56
71264  57
82848  56
1377  48
44555  65
8157  60
6807  64
95543  54
8253  50
96610  57
924  63
32875  56
4896  60
51|20
7040  76
5620  66
2613  62
4437  83
2023  75
1500  78
522  80
858  89
4508  78
2951  84
1014  80
1407  70
2282  65
2420  78
3388  58
260  86
3186  77
3994  75
3501  68
2371  71
52|20
152081  91
51255  98
74458  94
1923  91
7438  96
40583  89
59784  87
55765  95
112852  98
86892  99
55363  97
112138  91
49272  98
52245  82
69481  97
50794  79
1704  97
54736  94
44665  95
47200  85
53|5
481  95
1100  83
249  100
1125  100
916  100
54|7
296  71
593  71
639  46
1  67
205  55
161  63
500  57
55|5
2407  49
673  41
3275  67
2890  56
4011  64
56|10
786  71
253  80
165  79
110  86
589  86
370  70
434  69
410  71
69  83
185  69
57|20
2140  71
942  79
920  70
3175  69
1784  70
3429  82
933  81
1193  78
3446  30
160  56
1499  39
2640  70
892  73
11  72
2947  73
6  76
2478  61
2291  72
1688  65
2301  73
58|20
588  82
282  73
185  68
419  63
367  71
277  69
48  71
280  84
337  81
345  81
3  74
357  77
527  88
587  76
218  77
500  75
508  81
368  79
364  86
353  83
59|20
1696  50
6460  100
3489  87
1188  86
1222  96
2076  91
3448  89
1263  92
1247  94
527  97
1244  95
904  99
903  95
965  92
2616  76
1953  93
608  97
105  82
912  98
3471  91
60|5
832  71
58559  83
805  75
455  54
858  86
61|8
266  81
1101  80
7438  91
173  69
555  89
2012  83
4878  92
3949  90
62|20
99114  88
176371  87
3793  85
56757  84
73017  86
30793  74
179819  72
68554  78
185135  97
168248  96
5903  87
4878  90
2028  91
5502  78
6058  72
344  73
1721  79
45499  78
41566  80
78105  70
63|20
5669  77
4246  75
48780  79
500  70
6016  81
31658  81
2858  80
64285  84
85414  70
1221  84
106696  73
4963  77
50  84
1097  76
260  83
110  80
1222  83
4979  76
5952  80
77561  70
64|20
5878  85
3101  68
2640  78
2959  88
8784  79
2054  61
4239  80
4025  65
5026  87
40819  82
266  72
2699  64
27266  80
3969  78
1805  65
6296  83
4776  80
3148  82
4262  80
356  86
65|7
1246  88
33660  89
7458  79
2329  91
4993  90
91542  83
3147  90
66|20
593  91
47  88
5418  84
922  92
2139  85
2956  71
3745  79
1956  87
4581  80
5349  81
1210  91
1094  76
2001  76
380  78
6539  85
671  78
1  87
6378  82
7766  92
296  92
67|8
99114  87
4306  86
27193  83
79132  88
60069  88
2012  79
4886  86
4993  90
68|20
47978  65
95218  65
6534  48
48696  68
67267  71
30825  57
1799  67
3556  70
8622  65
4351  62
63113  62
58295  64
7151  65
2413  67
6287  56
653  57
41566  63
5541  59
260  75
48043  64
69|10
4370  85
4848  96
3671  95
2476  93
1193  98
356  99
553  93
4022  90
260  99
3994  88
70|13
1193  96
1097  89
1914  85
1269  93
4995  94
318  100
8949  90
1968  91
1210  96
89492  91
1250  97
1235  99
2366  87
71|7
494  73
647  71
736  66
95  62
733  73
589  79
7  63
72|9
1047  77
150  87
858  96
2490  82
1357  91
260  93
50  94
1198  95
1196  93
73|20
1193  84
45720  75
105037  65
6333  77
59315  77
76293  69
138204  80
2706  73
152081  76
45221  56
68135  74
150  79
8376  72
93510  79
59784  72
116823  77
106072  72
1682  78
52245  66
35836  73
74|20
31522  85
2594  92
2908  90
30749  89
6870  89
3006  88
52281  87
49772  94
55118  95
2997  94
6305  90
608  96
4546  92
41863  95
27773  93
6001  96
1251  97
6552  89
46976  89
44555  95
75|14
5445  68
1240  71
5952  74
2193  68
6870  69
2529  74
168  56
541  76
3176  66
1962  67
2078  72
1889  72
1266  77
1374  71
76|20
48877  51
5956  62
2918  66
58803  63
1247  69
74458  65
7669  75
79132  68
8957  53
858  74
55820  66
1258  71
63436  46
1201  72
1208  73
48  54
288  57
34405  69
1  68
1196  72
77|6
3996  84
4973  92
7361  91
8636  84
3578  87
33794  85
78|13
296  77
165  67
3809  63
589  73
546  42
27904  71
260  76
590  70
480  68
68791  64
344  56
44974  69
380  64
79|13
3266  100
3029  82
589  93
1916  87
307  92
4005  85
260  97
1189  93
1345  84
2000  90
1374  91
2659  86
2076  91
80|20
7445  85
96691  81
84189  85
91630  87
49530  87
8950  91
6539  90
4223  86
5630  83
3527  88
76251  87
80363  73
52604  89
6502  92
34048  80
1221  97
60684  91
6952  73
5989  91
77561  83
81|26
10  71
32  80
47  79
110  80
150  77
153  58
161  73
165  72
208  58
231  62
288  66
296  84
316  67
318  89
329  67
344  62
356  83
364  80
367  64
377  70
380  70
457  79
480  74
588  75
589  79
592  69
82|20
6886  67
2381  49
2378  58
6566  44
368  68
6536  70
3253  68
4310  57
1608  64
1372  65
145  61
356  77
6708  70
1485  58
4369  58
6564  47
6888  42
5803  43
4015  51
364  76
83|20
56367  71
7143  72
7323  68
6539  71
161  69
586  57
2115  69
1270  75
6874  74
2324  76
1537  72
7153  76
68954  73
48774  72
30749  70
8014  77
1222  77
3753  64
1223  81
64983  62
84|20
55  74
987  74
912  85
1096  80
420  60
1227  85
113  61
580  54
5060  80
1293  77
900  76
1097  77
62  75
368  75
1305  75
1247  82
1296  78
11  78
1073  80
1094  70
85|7
1519  76
1624  52
1140  76
1694  62
1643  76
1747  73
1635  81
86|14
4993  88
4310  69
6947  82
2411  66
457  87
5418  83
3996  84
4901  78
1835  77
33794  85
1196  90
3555  78
1097  83
2687  77
87|5
4023  68
2009  77
3504  88
671  78
2139  84
88|12
7312  81
74795  81
4993  90
68157  89
5952  89
1193  91
223  88
8665  84
4262  86
56782  96
8677  56
58559  92
89|104
26645  69
32060  69
44851  69
53280  69
53578  69
67888  69
69211  69
81087  69
84246  69
103602  69
108078  69
109596  69
118894  69
121007  69
128089  69
128944  69
131098  69
131439  69
134847  69
140481  69
146684  69
148632  69
150554  69
164226  69
30793  61
169912  52
87869  72
1923  71
4015  53
950  73
173253  69
2324  79
27826  69
92259  79
11  73
3977  54
86298  56
8154  81
77688  69
2997  77
170837  69
49274  52
157775  69
1  76
142196  69
99117  62
62008  69
72624  69
108156  66
3752  65
2059  62
128520  84
3175  70
133879  69
48649  69
126088  69
5529  51
65588  69
99130  69
40962  58
1732  77
68659  65
91666  69
2683  62
3751  69
750  83
6650  89
149508  69
2395  69
51575  56
65230  63
171751  69
85881  78
139157  69
6863  66
4246  72
108949  68
1230  77
160567  92
73319  56
177185  69
130520  63
5220  54
121338  69
153386  69
50872  74
149566  69
145491  69
4890  63
129354  61
32243  69
84944  70
6402  69
1288  80
140133  69
119141  70
947  88
176621  69
4973  81
158398  69
69469  69
54503  76
141928  69
102481  71
90|11
1137  81
1144  81
581  96
81  74
892  87
1073  88
116  77
896  47
17  84
7  73
613  72
91|20
3013  68
6395  68
8147  68
7153  78
3360  73
2791  74
3897  75
1080  74
4850  63
3429  82
7000  66
2060  71
2916  70
1391  60
2100  60
318  83
2146  67
1225  79
1246  75
8501  67
92|5
2572  82
2114  84
1015  73
2454  78
1801  80
93|20
736  79
1917  74
552  78
1721  82
539  84
480  87
1372  82
368  86
2355  85
1923  87
2193  87
2006  77
339  83
1097  88
1591  72
260  95
2968  91
1676  81
593  95
558  77
94|12
231  50
377  59
367  53
364  68
288  55
19  45
10  59
586  50
590  64
380  58
589  67
318  75
95|20
18  85
4878  90
6979  81
4732  60
3019  89
5246  55
32  90
2952  84
1247  90
1198  94
5283  73
3361  85
1513  71
2009  80
539  81
122  67
1584  83
1240  87
4262  86
5349  82
96|16
527  87
1094  73
272  81
3819  94
150  81
2021  77
2571  86
1214  83
2058  74
1220  81
733  78
2340  70
1721  74
2396  81
367  70
1291  86
97|8
4701  79
4306  89
3578  90
4993  92
4963  88
4299  78
3981  61
4161  79
98|19
81845  88
8961  84
122912  84
5299  73
63992  57
187541  57
56152  84
134853  86
69644  66
6863  77
5618  90
56801  60
3499  87
134130  85
74789  67
82461  75
1258  90
88810  89
79132  87
99|11
318  93
161  81
420  64
592  76
196  63
122  63
145  72
150  83
316  74
236  75
588  82
100|20
497  87
296  90
1393  79
95  69
592  77
605  66
6059  79
28  92
2245  72
62  80
4308  80
1777  78
838  84
2125  86
1288  90
234  62
1197  91
2005  82
4014  78
4623  81
101|13
2580  81
3285  61
2723  69
2700  78
2908  76
2390  78
3175  72
2395  72
358  55
2702  63
3394  60
2997  80
2502  82
102|12
158  53
588  70
150  70
592  64
253  68
480  69
344  57
539  65
553  71
593  76
586  56
223  72
103|20
86014  78
1954  85
60040  72
1968  83
77206  78
2161  80
1732  87
81834  86
608  89
2384  66
4254  54
104  76
139642  66
56782  93
2096  79
101  86
6534  62
374  54
60069  86
30793  71
104|20
4740  70
743  51
5218  72
8643  68
1288  81
47997  71
468  67
76251  72
8533  73
4018  63
38038  75
1566  70
7361  81
6060  56
3034  72
1641  75
4641  71
108190  57
616  74
7034  74
105|20
4788  82
69685  82
95311  82
95313  82
110586  82
141816  82
141818  82
170597  82
172587  82
172793  82
173351  82
173535  82
6433  66
4974  70
70286  86
108981  82
95175  82
69122  84
1243  95
3916  87
106|7
69844  94
72998  88
59501  89
86880  84
5349  89
53125  87
59784  86
107|7
231  70
253  81
590  84
165  80
434  70
208  67
318  94
108|16
800  86
6022  70
4995  87
2585  84
5316  72
4975  78
3978  71
5349  80
2926  82
4246  82
4878  88
4994  79
1968  84
1684  67
497  88
5380  87
109|20
380  63
1033  66
231  55
364  73
589  71
480  67
62  66
31  58
587  63
1032  64
586  55
778  73
540  50
256  52
163  66
252  62
223  71
553  69
537  60
168  55
110|11
26171  64
2468  57
1198  86
1089  86
1222  85
1208  87
4881  81
47  82
527  85
1193  84
2428  58
111|20
100194  67
162602  67
171251  67
2145  63
96588  73
65088  66
66203  55
84772  64
2081  69
91529  73
6365  62
45666  49
3255  68
1282  72
6539  71
86833  71
122882  72
59143  80
86911  62
5283  57
112|13
788  60
161  78
1917  65
16  83
21  75
208  63
434  66
39  71
3717  68
19  60
110  83
32  83
70286  79
113|20
4083  72
39  68
3168  74
932  85
2331  57
3359  80
1086  81
3504  80
1339  74
904  85
3546  72
4063  49
4062  65
1077  76
1589  74
2475  64
3831  75
46  62
1733  91
4007  76
114|7
141718  67
54001  72
2291  71
167732  67
122886  71
8961  71
3147  76
115|20
1580  74
2804  84
1387  85
2792  73
3146  58
3273  57
3052  78
2841  75
2719  51
595  80
2700  82
383  69
2027  50
2148  72
2770  62
3785  66
2916  79
3175  77
588  80
1377  68
116|18
2716  73
858  81
1299  75
62383  60
1339  71
1276  80
597  68
1029  67
1101  65
2797  72
2657  64
1961  74
1407  63
5995  76
1704  76
165  69
2115  71
8360  69
117|20
708  64
587  65
589  74
151  69
36  71
1036  72
595  70
288  63
596  67
48  60
315  58
454  68
353  72
474  69
10  66
60  62
805  69
491  63
616  70
485  59
118|5
1221  87
1625  77
153  63
1961  81
1810  75
119|20
95441  78
117176  86
1092  77
91529  90
74458  88
4387  90
79132  91
168252  94
44022  78
78499  93
122904  87
106782  91
442  75
4993  93
31685  77
6365  79
141004  66
4148  73
88744  88
8644  81
120|5
260  78
32  75
5  57
631  58
52  68
121|12
497  74
440  67
161  69
527  77
292  64
344  57
186  53
316  62
1  73
19  51
163  68
337  69
122|20
27660  92
69784  91
7022  99
148652  84
4816  90
56174  89
94959  96
81591  92
71535  96
30810  92
2997  99
1732  99
108932  98
780  88
1090  99
3253  91
106782  98
72226  100
1200  98
1214  97
123|12
68554  76
115569  87
79132  87
109487  86
1196  91
4226  90
296  91
7153  90
143458  80
47  88
96829  88
2858  88
124|10
56145  81
2161  82
260  90
175  89
1358  83
6377  87
4226  90
3147  89
608  90
1223  94
125|20
5088  77
86721  77
110330  77
54503  84
72011  79
162578  87
119145  84
176371  82
55247  83
1240  82
86332  78
68157  85
112623  78
4082  49
160567  100
3342  73
109487  83
88140  78
98607  77
81562  78
126|8
364  75
349  67
231  57
380  65
410  60
300  66
253  68
457  75
127|5
2915  59
903  69
55276  63
5060  66
272  64
128|7
904  99
965  93
926  95
1066  100
1721  83
1080  92
1198  98
129|20
4370  75
480  81
3698  75
2692  87
2138  90
1968  83
8368  86
653  70
7143  83
316  74
6874  86
239  70
2916  80
733  79
4896  82
2028  87
3977  63
3000  87
1907  82
31658  86
130|6
208  57
316  65
292  67
110  77
590  73
296  80
131|14
2273  65
6947  74
58559  81
908  81
4878  79
89745  77
7256  75
68237  78
2722  60
2028  80
48516  82
3178  72
64614  77
969  79
132|20
6251  61
3275  74
4995  69
2987  62
7444  57
3262  60
4168  53
31658  69
44191  67
1089  72
3967  67
5502  56
50  72
58559  71
5992  71
2108  60
1844  71
2657  57
47  68
2470  54
133|7
454  61
356  70
589  67
150  65
153  48
380  58
527  71
134|7
442  62
595  74
349  71
380  69
367  64
509  70
296  82
135|20
592  70
4084  61
893  72
3994  72
2004  74
608  83
1358  75
3852  71
3489  73
1614  60
1198  84
4128  76
1883  65
2302  66
1291  81
410  65
1261  85
4022  74
4881  79
1077  76
136|20
161  70
193  46
585  54
338  56
277  59
380  65
181  45
337  70
437  50
165  68
611  56
151  69
340  64
252  65
432  51
552  61
350  65
280  74
273  56
150  72
137|20
6787  89
2716  85
1198  92
750  94
919  86
1270  89
318  95
150  85
2997  88
1200  87
6986  80
7153  90
1242  91
110  88
33493  78
1197  92
2959  93
1237  94
903  89
7762  93
138|5
2707  66
1960  74
1959  74
849  61
3996  75
139|20
4025  33
7445  42
60684  49
4865  46
68319  32
7090  52
5502  39
260  54
8371  39
53953  36
58025  35
106782  51
6957  44
7163  32
3827  33
3624  36
52722  33
54259  45
4367  31
115617  46
140|20
5699  70
5299  63
1393  71
356  80
609  68
32596  63
4795  65
34072  72
1617  80
5256  52
5943  53
1084  79
4337  70
3108  77
43396  74
4719  60
1005  46
4321  68
5812  74
4259  73
141|20
5418  75
54503  78
4963  76
2478  64
71535  76
317  65
68954  78
54286  72
6365  66
54272  73
4447  66
5502  67
6377  79
6373  67
1265  78
91529  77
2502  81
441  80
1517  72
48516  82
142|8
434  66
384  77
588  79
50  86
527  85
356  85
337  78
377  74
143|15
1721  64
61250  50
6942  71
7169  72
8533  70
106696  68
3421  72
87232  71
78316  68
69069  71
59421  54
2144  70
96821  74
7173  60
500  64
144|20
589  81
541  84
8368  82
597  73
590  78
410  67
1246  81
527  84
356  84
500  71
19  59
2700  80
434  65
733  75
780  71
1036  79
5377  79
552  67
586  64
2081  76
145|5
344  60
339  68
380  67
318  84
588  73
146|7
7293  60
3257  50
32  68
1367  51
3686  51
410  53
47610  62
147|5
1234  76
168  58
552  61
555  73
2395  68
148|10
88125  79
5618  86
108932  81
81847  80
72998  74
5816  77
8368  83
7153  85
81834  82
4993  84
149|12
1097  57
1374  59
1831  33
1527  57
260  64
173  38
1206  64
1200  61
2021  54
1580  52
1391  46
1375  49
150|6
3  69
1356  78
5  62
95  62
733  73
1073  78
151|12
786  63
562  76
780  68
837  69
747  62
1265  77
828  67
1073  77
1  77
648  69
1393  71
1359  57
152|13
50  91
2959  92
116897  88
89492  85
1193  90
69481  88
85774  81
115713  85
111  89
92259  89
1234  88
79132  87
318  95
153|20
134853  50
1732  52
8533  46
4014  43
81456  37
106782  51
8528  49
6863  41
87194  35
2617  36
1246  51
106100  50
1954  51
7458  42
4226  54
89904  52
72998  42
133780  44
586  34
36535  51
154|7
114662  88
119145  94
81834  94
122904  91
106072  85
76093  93
77561  85
155|10
153  61
3286  43
1200  80
260  84
141  72
2355  73
2384  61
2948  78
432  57
2959  85
156|20
26313  74
31038  74
1230  82
1711  66
3341  87
6296  81
762  53
2361  61
2076  79
4784  63
661  71
2926  77
8571  74
47  81
3176  73
58  81
848  66
866  84
1485  65
923  82
157|5
785  67
3617  62
2720  41
2770  55
527  79
158|6
1093  66
2605  62
2872  72
2723  68
2428  54
66320  70
159|20
2959  79
60069  73
45720  67
597  65
4022  68
89864  68
49286  65
140110  65
84954  58
4447  61
1197  78
68954  73
6942  70
1961  71
106696  67
480  69
539  65
166643  69
40819  72
63082  72
160|20
126  27
1371  48
1198  66
196  39
3408  54
5349  55
3213  66
2408  41
839  41
3593  18
2748  24
533  45
1975  39
1676  51
3745  53
2011  54
733  56
3826  34
778  63
2840  38
161|8
4980  67
7247  79
47610  77
1223  89
38038  80
3429  89
2144  77
2336  76
162|8
150  92
225  88
168  78
50  99
300  87
266  84
31  81
62  89
163|5
1608  57
1810  60
1747  57
1777  59
1837  46
164|8
1036  89
2916  86
110  91
589  91
3527  86
1101  80
1201  95
2167  80
165|13
2353  68
3624  65
110  80
5505  70
5527  78
3256  72
5956  73
5418  76
5530  55
5450  70
1127  75
3409  61
5881  67
166|20
33794  87
1721  79
4011  92
5378  74
3481  84
49530  84
2353  78
47644  72
54272  84
8961  87
1198  94
2542  91
1036  87
608  92
434  73
5219  74
5418  86
2396  86
349  82
2324  92
167|20
33493  67
4886  73
778  78
3052  71
7147  73
6857  75
45501  59
6480  69
1682  73
2231  76
784  55
33794  74
2083  76
2413  71
6333  72
8961  73
2139  73
150  73
6773  72
35836  68
168|19
3730  100
1248  100
1201  100
1089  100
296  100
923  98
1222  100
5291  92
3543  95
1302  90
3362  96
1148  100
3101  82
57669  100
2076  94
1729  91
908  99
85354  72
80463  96
169|20
3536  84
2028  94
364  93
953  93
4886  90
5400  76
8644  82
524  85
2795  87
1022  86
3114  91
3967  92
1517  85
1035  93
8641  88
6365  80
661  82
457  93
3287  64
1416  79
170|10
318  81
296  77
586  56
377  65
34  67
592  64
277  57
500  63
266  62
588  70
171|17
485  85
1220  97
1025  96
801  83
1259  100
1079  100
828  89
317  86
869  92
380  91
1136  100
1225  100
661  90
318  100
47  100
1198  100
1208  100
172|6
3087  68
3578  81
7438  81
2072  67
3793  77
2762  80
173|5
10  70
329  68
586  62
597  70
588  75
174|14
553  78
520  66
224  75
648  71
161  76
317  67
158  60
780  70
315  64
485  66
282  69
440  74
350  71
10  73
175|5
531  66
8911  71
43904  39
38388  76
8362  59
176|8
165  81
434  71
39  76
368  81
380  78
780  77
47  88
471  81
177|20
42002  65
91542  70
6332  63
3668  71
45672  60
783  64
27706  63
2657  64
114662  69
1206  78
83132  75
5218  69
508  71
3114  74
1321  66
2176  73
8798  71
88140  68
2012  66
339  66
178|16
7361  92
527  92
2329  92
5995  89
6502  88
4235  89
1198  93
208  69
6539  86
296  92
349  81
10  80
4226  91
1240  86
2579  86
318  96
179|14
367  69
589  82
161  78
231  66
288  71
743  56
1061  78
317  69
786  67
592  73
671  73
296  86
434  66
364  84
180|5
1261  85
260  83
1748  81
1242  83
2140  75
181|20
157  53
593  70
596  59
353  65
539  59
516  59
132  56
169  35
25  59
31  53
542  46
6  67
707  47
185  50
464  50
502  39
415  44
480  62
592  57
344  50
182|20
4879  70
6969  70
3911  73
2728  74
4313  67
8042  83
1291  79
3113  57
3578  77
1590  61
161  73
4452  58
224  72
4980  63
4262  75
2353  67
2890  73
1127  73
541  81
6041  76
183|12
480  78
380  74
1196  86
2951  84
2534  44
4085  75
1287  83
2194  83
3247  65
1233  87
2662  73
1408  83
184|20
158035  74
181413  74
193565  74
97304  80
74754  64
168250  75
191005  74
106072  72
166291  88
127152  97
86332  75
80463  80
5816  76
122898  61
81845  82
5810  69
170813  73
174479  74
112852  82
148626  82
185|10
1685  69
2396  73
5377  74
1721  66
5952  77
1393  69
595  72
2085  67
4995  77
899  79
186|20
2605  74
1214  88
1291  91
3745  81
1269  89
2527  80
2532  71
4361  83
1307  87
2968  88
4306  87
2541  80
1702  71
480  84
1097  85
3977  67
919  88
3527  84
593  92
1196  92
187|20
26122  76
3949  82
49272  84
231  67
1206  86
6874  84
1729  78
1209  85
48394  79
6502  83
2701  52
4027  82
288  72
2542  85
7153  86
39427  61
6890  83
1222  86
8949  80
1748  84
188|10
2346  83
1212  99
594  93
1282  95
3469  87
2396  93
1091  71
3341  100
1264  94
2206  100
189|5
48516  92
4993  90
79132  88
2959  93
58559  91
190|14
6711  89
4776  83
8784  82
4995  86
5630  76
4306  84
30749  82
1221  90
4975  77
8961  83
858  91
8464  79
69844  83
7438  85
191|17
496  74
21  74
72  69
175  84
494  76
417  79
17  77
6  82
85  82
292  72
314  80
58  82
235  74
213  63
161  77
160  63
162  86
192|5
356  90
288  76
316  76
349  80
432  64
193|7
44555  84
55442  82
4878  82
6016  83
307  81
1270  83
5618  85
194|5
163  71
1396  69
1500  71
1288  80
5060  75
195|20
3424  81
2770  58
1041  88
1653  80
1923  73
3160  76
4723  47
1863  56
2336  73
2166  53
4308  73
1909  69
260  82
2028  81
3252  75
2908  76
1392  69
1365  72
70  72
190  64
196|7
70286  81
3578  84
59315  80
58559  88
364  86
1214  84
110  85
197|7
1513  71
1240  87
1882  55
786  74
2167  78
153  69
1784  84
198|20
3894  70
3499  77
920  72
1213  81
3949  76
1994  70
1485  61
2572  72
4019  75
1089  81
110  77
593  80
4128  73
1270  78
4886  74
1079  79
2117  75
912  81
1573  67
1682  74
199|20
5464  69
2165  78
2280  46
736  62
5673  71
349  68
5502  64
482  77
8532  68
1172  77
300  67
50068  70
4881  75
3175  69
7445  67
2973  74
34338  68
41997  70
1956  75
377  67
200|20
3809  74
7022  84
50802  71
3968  68
2485  63
500  74
5610  56
590  81
1029  75
53996  76
2572  79
4993  86
4041  78
57640  83
1302  78
1784  79
6383  56
1653  85
1569  75
1517  77
201|20
1748  90
1527  85
1584  83
2858  90
339  80
589  89
2717  72
994  93
788  67
1196  93
2797  85
733  83
1259  90
2174  82
1198  94
2455  81
1569  80
1213  93
160  70
24  77
202|20
3329  76
924  83
29  84
2289  83
1197  88
1196  87
2966  83
161  79
608  87
1209  86
1296  80
3194  77
1784  78
469  80
923  85
2000  80
1587  74
1719  93
3147  85
32  84
203|9
56174  75
8665  80
2407  72
5952  85
590  81
49272  85
40815  82
333  82
296  88
204|17
1136  91
3949  86
33794  85
48394  83
27075  80
1080  86
79008  91
6104  95
8874  89
81591  80
4878  88
91658  77
711  74
2313  85
86320  76
55820  85
5218  81
205|6
912  90
99114  84
91542  81
5816  81
95167  77
96079  83
206|5
36  85
608  91
733  81
140  75
141  79
207|5
2991  58
2428  37
2707  48
3740  63
100  42
208|6
1210  76
2628  56
380  64
2353  62
2278  66
2762  71
209|7
60684  91
1291  94
68157  94
74458  90
185029  100
122886  89
88125  89
210|20
123553  83
34405  91
166203  83
3147  92
31696  78
7649  70
58559  93
2105  79
6365  78
34397  83
4625  61
84772  80
122926  94
76093  88
62836  83
33493  81
1584  84
47610  85
108932  89
122918  87
211|18
58559  89
63113  76
90405  71
57669  90
60684  84
7153  88
73017  83
2105  75
4367  67
356  89
2642  58
1556  46
318  93
44665  84
85414  76
1198  90
1136  90
260  89
212|20
170697  72
122920  75
122892  71
2571  81
5218  73
48394  75
3578  79
1196  82
135143  73
74795  72
179401  71
79132  79
77800  83
108932  78
110102  77
96821  79
8874  81
65261  83
59784  69
2291  76
213|17
3285  68
87520  55
80363  65
76251  80
8957  70
2860  66
1234  86
5419  72
51935  83
69844  83
39446  65
4132  64
858  91
69526  58
4558  63
49530  80
58559  88
214|5
83  56
628  59
743  37
1363  49
802  54
215|20
1172  87
4973  89
63082  84
1291  86
2028  86
3252  80
3210  78
1968  82
1247  85
49272  86
1089  89
72407  57
5650  79
318  92
1208  90
2000  81
1197  90
1196  88
1297  81
4019  83
216|20
104  71
21  74
3996  78
3946  57
2946  72
3993  71
3897  81
2599  76
34  75
3994  73
4034  82
3363  80
1965  75
3422  73
3555  73
3253  74
2087  77
3986  60
2018  74
1923  75
217|20
1867  55
3434  55
1275  62
2468  38
3197  45
1912  60
2302  50
1876  45
380  54
1221  67
2471  37
1918  46
1385  42
3165  65
1590  46
1562  32
1703  50
2056  55
1831  35
160  44
218|6
2657  64
2692  77
1380  63
1198  80
6934  60
5349  68
219|20
60072  54
2115  66
59315  66
6539  68
442  55
30707  71
1704  71
180  63
1219  72
1005  40
27773  71
56156  55
6188  63
6721  66
30825  56
2997  71
1552  54
1500  66
2890  66
1921  71
220|20
3996  85
733  81
1198  92
3994  80
6539  85
1258  90
1917  69
4545  75
33794  85
165  81
71264  81
4623  82
53464  59
5218  82
6365  75
3751  80
32  88
1036  85
5502  76
1591  67
221|20
4338  82
7013  89
8529  77
1080  88
3246  91
2871  90
1208  95
7063  95
2702  74
4029  90
5954  88
2352  85
922  94
2997  91
1278  93
2858  90
1212  92
1959  85
1961  88
3671  89
222|20
81831  63
100498  39
48516  74
1249  75
99813  73
91529  70
59900  50
93287  75
1721  60
2706  62
3273  44
2411  50
64622  68
7143  69
87869  66
778  72
30825  56
42011  44
673  51
64839  69
223|15
55854  65
6711  76
1  72
736  59
1961  70
457  73
2716  70
48394  68
608  75
8784  69
48516  76
3863  56
4306  70
260  75
2683  58
224|11
3496  82
3044  85
356  92
2915  82
289  76
3668  86
1270  90
2797  85
1721  79
2716  87
1259  90
225|15
2423  74
1285  77
588  77
1717  63
2791  79
1321  71
1136  85
1197  85
1753  76
2004  74
2371  68
1407  68
785  71
1060  77
3024  72
226|20
6938  69
32666  69
3552  75
542  56
1240  75
3098  74
2804  78
3668  73
3653  75
2231  77
145  63
2253  53
3052  72
2628  60
762  49
53129  86
4816  68
16  77
2144  72
46948  63
227|19
46976  87
52319  84
81845  92
109487  90
134130  89
215  92
48738  89
47099  88
1196  95
32587  89
912  96
55721  95
1682  88
750  98
778  93
40629  85
97913  88
70286  88
150  89
228|5
2571  84
1373  63
362  78
318  90
3113  62
229|13
34  76
589  82
377  74
45  73
587  73
5  64
475  89
442  66
597  74
364  83
213  63
110  82
527  85
230|20
34330  59
52715  59
47  66
7438  65
527  69
3147  68
45499  55
6537  52
2291  63
1387  68
6863  56
1485  50
595  62
4022  61
2096  59
588  63
4034  67
1676  55
8644  56
2641  50
231|5
92259  89
858  93
593  90
1198  92
109487  85
232|20
31867  65
41769  65
57526  65
70336  48
8644  62
1586  53
44972  40
4019  71
43928  37
30883  30
65802  51
8376  63
39292  71
1035  74
66198  61
66097  67
32011  43
6564  45
7451  71
33164  35
233|20
48394  69
3751  66
48516  77
1721  62
356  76
106100  72
162600  66
608  76
7153  75
134214  65
57669  77
122920  69
2329  77
4239  70
7371  76
3977  50
3147  75
3948  64
49272  74
5418  70
234|20
2616  59
2140  73
172  57
126  43
1562  46
4519  67
153  57
2710  54
3624  62
3483  61
1391  62
438  64
1460  75
2987  70
65  52
260  80
1359  55
3175  70
588  74
2080  68
235|13
480  74
736  65
500  68
454  72
592  69
235  71
595  75
32  79
527  82
648  69
223  78
588  75
377  70
236|30
1214  78
1278  80
1345  67
1350  77
1387  81
1388  56
1982  72
1997  77
1998  30
2447  63
2459  65
2490  69
2496  61
2502  83
2505  58
2542  82
2572  70
2580  79
2596  72
2598  57
2606  52
2657  66
2683  64
2694  65
2718  65
2770  57
2806  40
2858  80
3024  58
3052  72
237|10
32  74
4254  41
94959  71
293  74
1371  59
1193  76
7361  77
7980  73
43936  58
1374  71
238|9
4954  77
3528  75
4265  63
4901  72
4238  72
593  84
4499  84
4957  61
1193  84
239|20
58559  91
5459  70
4085  81
380  79
95  71
7445  80
608  91
7147  85
6378  83
2115  83
4896  85
36529  81
3994  81
33679  76
47  88
590  85
4022  83
208  68
733  82
51662  84
240|20
368  78
543  74
480  80
367  71
810  49
500  75
546  54
110  85
173  62
1  84
542  63
104  75
34  79
174  65
204  61
225  78
383  71
262  86
434  68
420  64
241|16
81786  79
71899  95
527  90
1206  89
1193  89
99114  85
100714  61
8981  84
53123  92
116897  88
56367  84
3910  86
106782  87
115569  86
4235  88
48780  86
242|7
39  68
380  70
231  63
457  80
592  70
454  73
111  81
243|8
112  79
353  89
62  85
588  88
193  62
586  74
181  61
376  78
244|19
3090  84
1049  75
110  83
257  76
165  76
151  77
1090  83
3755  69
2278  75
648  73
1580  73
1957  81
1610  80
1196  86
3256  75
1573  72
1242  86
3753  73
2243  73
245|5
3196  63
2739  62
3114  59
3274  53
1361  62
246|20
1304  93
616  89
1680  87
6016  94
3081  85
44191  91
60684  91
4973  97
1732  93
1298  89
53125  83
2291  90
2692  94
293  93
4011  95
5013  90
60069  93
48082  94
82202  70
95167  84
247|20
48516  86
593  85
2858  83
49272  83
1961  80
44191  81
527  85
116797  80
68358  81
122886  79
480  77
223  81
1265  81
2078  81
1198  87
1682  79
6377  82
1089  86
953  83
919  81
248|11
4886  80
1198  88
166528  82
176371  81
316  71
147374  72
102903  72
189333  82
122912  80
58559  86
5218  77
249|20
110350  74
102903  70
2167  70
94959  79
84601  70
2395  74
97306  73
3408  74
89047  74
91500  71
91542  76
40815  79
69844  79
904  87
46723  73
3826  54
68791  73
88812  63
67695  67
50  86
250|6
1282  88
2407  77
318  97
1597  74
1246  89
8880  84
251|5
142115  100
293  100
356  100
318  100
1089  100
252|8
164179  90
89745  90
6377  91
164909  89
1682  88
166643  87
143355  79
78499  93
253|10
44555  97
916  99
608  98
2300  97
7099  95
4217  100
26366  88
1192  100
4642  100
3363  94
254|20
46578  88
44195  91
207  80
49278  78
6333  83
780  77
110  88
1210  90
49272  88
27846  86
32587  85
2571  89
44929  95
47  87
293  88
1580  78
5995  88
32  88
592  78
48394  83
255|9
1270  62
4467  63
2023  52
3501  46
1663  58
1394  62
3392  46
2542  62
2915  53
256|20
3247  69
88744  83
377  78
4973  91
53972  77
118696  74
95441  74
104841  79
71535  84
2953  65
81229  79
53121  68
30707  87
2571  88
68791  78
170  77
6942  83
90405  72
6537  73
33493  77
257|5
1500  70
594  71
2502  78
494  69
2406  67
258|5
4995  92
7147  89
72641  87
76093  90
47099  89
259|6
508  64
5945  55
1784  63
4886  66
1356  67
1584  62
260|20
7361  87
3556  80
162  87
903  85
5690  88
6337  82
4878  83
5617  83
342  71
5219  67
2997  83
8011  88
1206  85
3317  84
6709  71
8874  85
2348  83
3822  80
2959  88
8645  84
261|11
3897  83
16  84
2060  79
296  87
2723  74
1682  81
4085  76
2194  84
7361  88
4238  74
58559  87
262|12
708  60
539  62
457  71
322  65
339  61
85  70
26  68
17  65
213  51
273  52
593  73
728  62
263|20
223  81
150  79
500  72
2987  75
2953  61
110  82
4226  85
8370  83
1197  87
7458  73
708  72
1111  82
2125  82
6942  78
5013  79
163  77
457  82
8636  79
1967  83
2085  73
264|12
7841  100
1376  73
151  75
5816  76
1907  77
1320  67
1917  62
150  78
3578  80
1090  81
253  75
1876  63
265|20
3807  66
316  62
253  68
1302  68
724  59
1240  72
3504  74
230  66
3831  69
1956  73
3098  70
529  72
1270  75
3791  62
1177  79
2322  60
1488  61
2474  68
1198  78
1962  68
266|20
476  71
2812  71
2700  77
2278  71
24  66
2770  57
2702  63
64  51
1405  60
2580  80
1527  74
2167  67
457  79
1580  69
2300  80
1923  73
2094  66
132  67
2571  80
2097  64
267|12
2858  92
593  95
1175  95
3006  87
1302  86
3999  65
3113  72
1093  80
589  92
2571  93
923  93
3996  89
268|20
1641  71
587  65
1125  68
1911  53
2802  58
1036  71
1370  65
50  78
2064  72
1784  69
1912  71
1966  63
454  67
1234  74
2247  57
1394  75
2829  64
802  64
260  77
2858  74
269|6
724  65
743  53
95  62
1  79
63  56
648  70
270|8
661  58
62  62
79  46
628  63
14  62
1356  67
141  60
25  61
271|9
3897  69
32  70
2791  68
969  70
6787  71
2858  70
55765  68
1320  56
2288  69
272|7
177765  70
1240  79
51662  76
122922  78
49272  82
158238  79
6365  69
273|11
440  80
593  90
500  77
608  90
223  86
111  89
150  84
21  80
466  68
235  79
520  73
274|20
50147  65
2947  70
3037  78
1645  63
4951  64
2036  50
1359  51
35957  64
553  69
76293  59
3918  63
1503  48
45431  65
4816  64
54999  65
5667  65
4876  43
56805  65
1921  73
54004  67
275|20
1784  84
2289  89
5884  82
1171  82
357  82
1912  86
2539  74
235  82
4886  87
2572  84
2355  82
3253  82
1192  96
926  90
111  91
2100  74
3089  92
1393  83
1719  99
1392  80
276|9
673  75
356  98
466  76
104  85
631  78
648  86
2  86
1367  79
344  78
277|6
637  62
736  65
656  63
1  78
780  68
260  82
278|5
2371  75
1347  74
4002  84
318  95
2369  67
279|20
134130  78
1101  69
166528  79
90405  66
61132  73
79132  80
56782  87
97913  77
1608  70
4226  83
59315  76
88129  75
54286  74
1258  83
8665  76
58559  83
4993  82
8376  71
107406  72
1200  80
280|20
92535  89
344  69
262  87
3146  60
4239  82
4447  73
8638  78
919  84
72641  80
86817  62
8368  86
49530  79
6863  75
35836  77
55052  81
54503  85
4246  81
48516  89
1911  65
3916  82
281|5
46578  70
8361  52
35836  61
3897  69
3861  52
282|20
5995  90
3977  66
3263  74
25  82
6708  84
2683  75
4718  71
6711  93
5481  70
6863  79
5669  86
3752  77
588  86
80463  88
1921  90
1193  92
4369  72
48322  100
1194  88
784  68
283|7
1580  64
39  62
1704  74
356  76
586  56
2082  52
805  68
284|18
474  77
173  58
2  73
296  85
15  66
348  77
248  67
318  89
47  82
353  80
275  48
44  56
339  73
367  68
276  69
165  75
637  65
235  74
285|8
1193  89
949  85
1247  87
6978  74
113207  79
4447  74
441  87
296  90
286|20
454  75
778  83
5989  81
1333  77
165  75
500  72
7438  81
2294  69
4993  84
4995  82
7361  86
70  75
4980  67
1258  84
4963  79
1097  78
4848  82
539  74
377  74
110  82
287|20
3160  58
3578  60
223  60
2633  62
1059  57
586  44
3005  45
532  44
1193  63
2599  56
2028  63
1485  45
3826  33
2081  56
8949  58
2012  52
101  61
4034  62
2422  24
2115  56
288|20
4473  63
4966  63
1008  63
2867  68
42015  60
141  62
2571  72
13  61
53519  56
2407  58
5418  67
3916  67
2347  44
2528  56
30810  64
575  48
32587  68
587  62
2517  52
8361  53
289|24
3  66
16  78
235  71
266  67
594  72
708  68
750  85
1080  78
1101  66
1208  85
1220  77
1258  82
1917  59
2012  68
2174  69
2710  56
2797  74
4322  72
6125  70
6327  70
6453  70
7025  50
7028  70
26704  80
290|20
1228  94
1299  90
2494  95
2739  92
608  93
2130  84
908  93
341  83
1447  83
342  78
1056  75
1719  100
953  91
928  93
1394  91
2648  80
475  97
2731  89
1357  91
2385  64
291|7
40815  94
122892  88
106489  84
134853  94
7153  98
88125  92
1  95
292|20
520  59
103339  57
122900  68
4896  70
2291  71
474  69
85056  61
46972  61
95167  65
164909  71
3176  66
3476  67
1608  63
31221  40
1101  62
3985  66
3984  68
1017  68
69844  71
231  57
293|5
1682  54
1673  60
344  41
1617  60
1097  54
294|20
416  34
3869  55
1064  49
2794  39
610  55
2133  53
1391  44
3868  54
1129  52
520  45
3387  44
355  32
2378  43
3693  36
785  50
2193  54
2367  44
2458  43
348  55
3501  45
295|9
1221  86
3198  81
1287  81
1213  86
4351  71
1198  86
858  87
318  89
2329  85
296|6
160848  80
2028  89
169034  80
4144  90
50  92
2324  90
297|15
832  48
543  47
1645  48
111  58
454  50
1089  61
6  57
1249  62
1047  44
1370  49
1488  44
150  54
170  48
1092  43
866  60
298|20
57640  54
95510  43
6811  43
8370  56
8807  50
63131  47
6881  49
3785  38
122900  49
103042  42
6294  31
2167  43
2005  51
6006  40
653  40
55995  34
3018  50
69757  51
103772  45
3825  34
299|5
3793  77
1387  84
188  77
1198  87
1214  81
300|32
318  89
356  83
527  84
593  83
1172  84
1704  82
2028  84
2324  82
2329  84
2571  83
2762  78
2858  80
2959  86
4848  77
4973  84
5995  82
6016  83
6711  81
7361  84
8950  80
48394  76
56174  69
63082  77
79132  82
81591  70
92259  86
99114  78
109487  79
112183  65
112290  75
112552  80
112556  76
301|20
21  68
357  68
2490  68
6711  79
589  75
8949  73
837  67
3948  66
364  77
527  79
5989  74
4963  73
608  79
292  66
3578  75
3897  75
4226  78
3753  66
1393  69
1792  61
302|7
480  83
14  81
3  77
25  80
648  78
707  68
110  88
303|11
5378  68
3703  86
1127  80
5544  85
1196  87
3471  81
1580  75
1394  85
2683  70
920  79
1358  80
304|20
314  83
2571  86
2433  68
10  77
1376  77
480  80
1373  65
1777  76
1270  86
1517  78
151  79
356  87
208  65
474  80
1214  84
1375  73
640  63
1722  69
185  67
2701  54
305|20
74624  78
140627  78
87869  82
919  85
1197  91
106100  85
138210  79
788  64
7482  86
80590  68
103075  64
903  88
6537  72
93840  85
54736  84
592  76
2288  85
58803  81
55276  82
1272  90
306|20
5784  44
68954  72
69644  52
6377  73
95543  64
81847  70
111743  59
85367  67
168418  72
167018  65
72998  64
122904  69
69406  62
85788  44
4963  70
115664  64
134368  66
112852  74
161634  63
133419  65
307|20
2190  54
4181  54
31424  54
49314  54
5010  58
7845  51
3392  46
1220  58
6793  25
6483  10
2332  10
56003  40
1991  44
3273  34
4876  32
3421  59
1409  40
413  41
4447  49
52867  54
308|20
2959  61
45517  44
96821  55
72998  47
318  63
2  47
904  61
589  55
8961  53
56152  52
56367  53
5618  59
36  53
410  41
79132  55
4993  57
8464  49
1221  60
2248  53
6  56
309|20
2202  94
1645  75
898  92
1682  81
296  88
1089  88
1269  84
7153  87
6947  80
8340  79
1104  95
7218  77
25886  99
1219  86
8154  89
971  86
1944  82
6365  72
1262  87
2762  82
310|13
6863  69
6947  74
1101  68
6503  54
2524  77
2457  72
5899  80
733  73
246  84
3254  69
1223  86
1080  78
2671  71
311|6
6561  45
5992  55
1517  45
6461  49
1407  39
2706  43
312|20
5816  77
1375  70
3499  82
589  81
2454  73
1358  78
4878  82
4103  82
3793  77
2028  83
1371  68
4121  71
2366  75
2747  61
4105  79
5446  76
2699  63
2529  83
1350  82
1356  80
313|20
4980  61
170  67
3917  68
2455  68
5544  77
541  79
2193  71
2000  72
6  76
1968  73
1089  80
1301  70
1240  74
3175  69
4865  71
2005  72
2167  65
1375  64
2087  72
2530  57
314|20
7  52
1042  54
44  43
165  62
457  69
293  69
597  60
329  57
442  52
26  66
830  54
728  60
618  61
107  60
536  51
10  60
1376  60
153  49
208  49
150  65
315|7
1262  76
2729  70
2529  74
2067  77
2553  68
909  73
902  73
316|11
1748  69
253  62
3968  51
158  47
5445  62
3751  60
7438  67
6874  68
48  53
3882  46
2572  63
317|20
133115  75
73321  69
91529  81
74545  78
7445  74
1213  86
48774  80
4262  79
1884  82
5989  81
3578  82
4011  85
68358  81
1208  87
72011  77
3897  82
3499  82
96829  83
116797  80
56782  89
318|20
26713  75
81191  75
90245  75
111817  75
127180  75
145080  75
150696  75
7445  74
1090  83
116799  79
82459  81
48385  71
2294  70
64839  81
88125  79
109487  81
4021  97
33794  81
54286  76
89753  80
319|7
115617  93
6377  97
356  100
136864  65
1221  100
122904  93
110  97
320|5
72998  67
71535  73
31184  70
59315  71
1013  64
321|12
587  70
356  82
160  60
592  70
597  71
780  69
339  71
355  51
410  65
3  69
500  69
457  80
322|20
2882  44
1968  73
2542  78
58559  79
2788  80
2146  68
2617  61
2918  74
778  78
2599  71
4027  74
4993  78
1230  77
51540  72
1  75
1617  79
1923  70
4010  66
11  72
1035  77
323|20
377  61
480  64
356  72
1094  58
161  64
115569  69
1198  74
29  69
551  63
22  60
318  77
112183  59
253  63
111659  48
3257  52
260  72
150  66
329  58
342  57
266  58
324|5
2764  68
3972  68
3864  32
3949  65
3897  66
325|20
2848  71
235  71
2986  59
262  80
1573  68
2596  73
1584  72
1217  86
1676  67
4714  43
3770  54
3261  68
2894  71
2155  68
1279  81
1614  58
3994  71
2268  76
2915  71
5008  84
326|20
8665  83
47610  83
20  65
2858  88
86882  83
5418  84
4973  92
133771  88
48774  86
2324  90
1293  84
2692  89
72605  75
70159  63
54286  81
5446  82
6591  97
4226  90
105844  81
31410  82
327|10
3301  82
150  86
858  95
1923  83
51255  91
48516  93
1304  89
765  75
6888  57
2706  80
328|20
2687  63
112852  73
70286  69
1196  75
457  72
364  73
80463  71
3489  65
318  80
595  68
5349  65
2542  74
1219  73
35836  64
3751  65
79091  67
7153  74
596  64
2398  73
1148  76
329|5
130482  52
136850  52
858  65
1884  60
750  66
330|20
5378  65
316  69
1639  75
2918  79
919  80
3949  80
3535  79
5349  74
380  72
1676  70
2502  84
3703  82
1682  78
2683  67
1206  83
1721  70
2791  80
2081  76
8874  83
592  71
331|20
8874  82
6157  58
88125  76
6539  77
3897  80
4446  71
7361  84
50872  77
4995  81
4306  78
6874  81
5502  69
3911  75
608  83
4447  68
593  83
3751  73
8665  76
4367  61
2959  85
332|20
47  80
1653  81
1258  82
316  68
8983  76
431  76
97757  72
2291  77
1835  71
356  82
5502  68
4308  73
1203  82
1682  77
1249  84
76251  74
2905  88
318  87
2294  67
32  81
333|5
3785  44
3752  50
3616  52
3615  45
3646  30
334|20
55820  74
1196  79
1580  66
1291  77
3996  73
589  75
30810  69
4027  74
1  75
64957  67
1625  70
50601  53
44195  79
27416  75
6867  74
2997  76
293  77
480  71
5378  60
51935  74
335|6
780  69
592  70
356  82
296  83
2699  60
2001  67
336|12
1267  98
1  94
38798  83
33660  96
1784  90
2001  82
2268  92
293  95
1625  89
4886  92
50  99
150  92
337|16
318  99
47  91
16  91
805  86
1393  84
266  81
667  66
168  74
784  70
65  66
110  91
708  81
25  84
1356  90
277  75
786  76
338|8
189111  64
190207  64
190215  64
190219  64
7153  74
593  74
187541  41
185029  79
339|20
72641  84
5445  83
84152  87
96079  85
106072  79
69122  83
5617  89
41285  83
56869  81
48322  100
65216  88
91630  84
86504  85
91529  88
83613  72
4993  91
3470  91
102407  78
2028  91
5952  89
340|28
10  71
110  80
150  77
153  58
161  73
165  72
185  60
208  58
253  71
288  66
292  68
296  84
316  67
318  89
329  67
344  62
349  72
356  83
454  72
457  79
480  74
589  79
590  76
592  69
595  75
648  70
780  69
1356  78
341|11
2335  74
3624  68
130087  69
1370  74
135137  67
117529  71
5459  65
45672  68
1  82
47099  80
4025  65
342|14
2683  52
2598  46
2881  52
2369  45
1268  63
2605  50
2599  61
1198  71
3157  47
3826  38
2428  42
2827  33
3863  50
1959  61
343|12
858  95
3000  91
48394  85
4226  92
4878  90
3993  79
2571  91
1617  92
31658  90
55363  90
55820  87
296  93
344|14
111362  81
380  73
316  71
2628  65
4226  85
2571  84
4014  74
2012  73
4034  83
260  86
2541  74
4973  87
5418  79
2712  73
345|13
1019  81
2539  71
926  87
5902  87
8810  66
344  69
5707  70
2366  79
56949  72
3649  63
6658  74
3489  79
412  79
346|20
3174  74
778  83
608  85
6711  85
6286  84
306  85
7323  75
307  81
3535  79
1212  84
357  74
3949  80
714  76
7937  89
7396  81
5878  84
1120  76
1131  80
3627  80
7115  70
347|9
434  62
590  75
39  67
150  76
454  72
380  69
587  70
317  65
457  79
348|11
318  100
2324  100
4368  69
1213  100
6016  100
2959  100
6893  100
4973  100
1221  100
1960  96
2019  100
349|8
10  75
161  78
589  82
381  76
349  76
231  66
588  79
509  74
350|8
852  60
7  57
637  57
648  64
733  68
12  46
858  79
661  64
351|20
88932  73
87222  70
73344  87
52579  62
2231  80
88744  77
43836  61
79132  80
597  73
58559  84
12  53
8914  77
8950  79
63082  80
6214  79
90376  82
84152  79
480  76
4878  81
1193  83
352|20
72998  75
71745  60
1801  76
34319  72
2600  81
65682  77
1080  82
79695  67
110730  53
38038  81
130490  68
97752  77
1214  82
94864  69
41566  74
56587  74
44191  82
114935  81
59315  79
47610  79
353|18
552  63
25  70
267  59
216  71
367  63
288  65
144  65
186  56
333  74
266  66
112  65
198  68
234  53
145  63
293  78
158  56
163  72
296  81
354|20
1610  79
4306  80
2692  83
3147  84
47  82
903  84
733  76
3977  59
1225  85
35836  74
648  73
44191  80
8665  78
1917  64
7147  79
1923  76
589  81
2959  87
4718  64
1196  85
355|6
316  75
1580  77
3035  90
3175  80
317  73
916  91
356|20
2248  86
52435  93
52975  84
7122  80
44889  80
1641  85
2706  79
4011  91
802  78
7323  82
2502  91
56367  85
1223  95
55118  91
3949  87
3996  85
1246  88
1466  83
223  87
7153  90
357|20
4354  79
8998  79
27329  79
2804  87
595  83
529  85
4663  60
4091  76
1224  85
1242  90
34  81
208  67
58559  90
6296  87
30793  71
1042  72
2100  72
551  80
471  80
2067  90
358|9
26095  65
605  52
5066  64
52328  68
2226  65
42728  62
7361  76
69844  70
36525  51
359|15
405  49
1092  62
1101  64
51412  55
648  66
296  79
1097  72
2396  72
2424  61
593  79
2701  45
2942  51
1682  72
2530  57
4995  76
360|5
1422  59
1620  58
1488  59
1711  57
1414  53
361|20
47099  67
1580  61
377  62
1552  54
49272  72
1263  70
53125  61
589  70
49822  64
8360  64
318  78
2529  71
5218  65
6188  63
2422  33
3082  60
1732  71
1370  62
46972  59
7458  62
362|20
1945  97
592  83
6539  90
51540  89
5989  91
637  76
70  85
7153  95
1252  96
44665  91
407  82
6874  93
2959  97
1196  96
1208  97
8961  90
48516  96
7438  92
356  95
1201  97
363|6
1552  55
1732  72
1517  64
296  75
653  56
318  79
364|5
858  97
9  76
783  81
376  78
1  91
365|20
59315  58
81229  55
128975  46
6874  63
90345  55
158872  55
129354  47
103075  40
135536  44
70286  59
112852  64
76077  52
112818  59
1777  54
6502  62
155820  28
541  65
95720  44
93270  32
135569  55
366|7
116797  86
59315  83
33794  86
91529  87
2028  90
122882  85
7438  87
367|20
926  86
3061  78
1270  86
1287  85
486  66
3536  77
3824  61
2384  66
3072  79
898  93
3618  79
3225  62
2248  83
3157  66
3969  80
3717  71
1259  86
4023  66
1196  88
1258  88
368|20
3753  55
2112  45
1944  62
2986  45
3869  60
1214  63
2947  62
415  42
3035  68
832  55
50  69
2819  60
1801  57
2490  56
1917  46
1391  49
2193  59
225  57
161  60
2881  50
369|20
1256  74
785  66
47  76
2706  67
839  55
377  67
52973  71
743  49
4214  56
5418  72
3863  60
1372  66
27904  73
60069  76
2857  62
1967  76
150  73
2011  68
1580  66
3174  69
370|19
4011  82
4878  80
8961  76
6377  79
2628  62
1748  80
2116  67
589  79
2329  83
7438  79
3977  56
1676  68
593  82
4973  84
4226  82
1240  77
1089  83
8636  76
2716  77
371|9
2571  99
112512  90
1258  100
4090  90
56715  100
3000  99
4226  100
4993  99
1748  98
372|20
335  67
924  75
318  83
1603  52
1479  65
589  75
81  60
387  50
616  71
337  71
1220  72
1201  79
165  68
1243  81
1258  78
377  67
1401  66
450  60
1206  78
1306  55
373|20
216  65
60  58
169  39
350  61
585  50
44  45
371  62
163  65
616  67
198  62
265  67
25  63
6  71
733  65
47  71
2  62
736  57
305  47
357  63
141  63
374|7
296  84
208  61
1219  82
480  76
592  71
1258  83
1339  75
375|7
344  68
1027  69
32  86
2628  68
3256  77
4226  87
500  75
376|20
91535  73
2002  72
1214  88
1101  78
2916  84
33794  87
1198  94
349  82
1371  75
376  76
1240  87
1375  78
4993  91
858  95
457  89
4226  92
5952  90
344  72
2763  84
2797  85
377|20
4942  78
2793  55
1262  89
2791  85
748  74
1345  76
5027  71
5113  73
27692  78
3421  84
6021  78
3364  80
2072  71
8641  82
2163  60
92760  78
2858  86
1503  62
2124  76
2015  78
378|10
33794  86
7153  90
48516  91
3114  87
858  93
68954  87
91529  87
71535  85
90600  78
364  89
379|8
318  87
377  71
19  56
292  69
480  74
367  65
597  71
344  62
380|20
60818  74
172875  74
172881  74
172887  74
355  53
6979  73
5476  33
2735  60
68194  88
63433  65
72356  85
105731  48
1833  64
551  75
6731  76
27831  80
1665  67
393  57
140956  70
2791  80
381|20
2085  70
1088  69
3253  72
185  61
317  65
27808  68
1240  76
19  56
3753  69
4321  69
72011  73
3082  67
333  76
2140  74
1385  58
2273  65
1208  83
457  79
104  69
2716  76
382|20
1204  85
142372  53
135532  55
1201  82
112171  66
1198  82
912  82
81847  75
4638  58
63540  33
1681  51
170289  70
103042  64
72737  73
2496  66
357  70
81537  62
59501  70
101362  52
4890  64
383|7
2436  82
2541  73
2496  71
1584  76
2558  54
1246  82
903  84
384|14
3527  64
1388  53
2683  55
2502  72
4333  54
3098  66
4396  52
457  70
358  45
968  66
2724  48
296  73
3991  53
1204  77
385|20
736  62
1080  74
249  74
1219  77
1036  73
1136  79
282  63
1073  74
1200  75
1228  79
1022  68
1007  57
1201  79
1246  75
344  58
589  75
1023  69
1287  75
594  71
1303  77
386|14
110  63
410  48
112  51
165  56
223  62
648  53
185  45
608  66
485  48
305  39
44  37
585  42
349  56
10  55
387|20
4393  65
5156  65
5780  65
7336  65
26124  65
40966  65
2712  63
5062  75
1247  73
5489  65
4195  67
7132  78
2946  64
1387  74
3000  74
51939  55
4995  73
912  77
7938  65
1783  50
388|6
6158  70
63239  70
33615  66
86298  57
62999  68
8360  71
389|7
17  86
140  79
628  86
762  63
743  65
95  74
32  92
390|17
6344  75
64957  74
4239  80
5220  61
1193  86
2571  84
9010  83
2291  80
5296  60
4226  86
7254  76
6377  83
63062  79
1206  86
2329  86
4014  75
1784  78
391|20
5575  75
500  72
3994  74
1213  86
516  74
199  86
4027  80
150  79
1408  82
4014  74
1527  78
1059  78
2916  77
4973  87
357  74
555  80
5026  86
4936  74
1210  85
3067  73
392|5
3004  52
2858  75
707  55
1198  79
1125  69
393|20
91658  73
102125  76
48394  79
36517  78
8636  80
110102  80
44199  79
5388  72
54259  77
4848  83
5669  80
1291  84
68848  78
86190  74
2571  84
1206  86
122892  75
106642  97
1625  77
106489  72
394|5
588  64
316  56
344  51
225  60
457  68
395|13
329  57
1025  63
296  71
160  49
208  48
173  44
485  52
355  39
520  53
595  64
126  33
48  53
367  54
396|6
1276  79
1597  59
1777  66
44  49
204  50
2081  69
397|5
4017  82
8645  87
1701  87
8228  77
6993  83
398|10
6408  84
1197  96
5971  90
7022  92
1198  96
60069  91
2455  84
1136  95
48516  95
82459  90
399|8
1198  91
110  87
5445  81
1196  90
593  90
480  82
1270  88
2194  87
400|9
608  100
356  100
2571  100
2959  100
7153  100
1221  100
3578  98
858  100
59615  79
401|15
5952  79
6297  74
55768  69
48982  75
166461  71
49274  55
50872  76
32031  67
79091  74
170939  71
38038  77
8360  73
3114  78
33615  68
1136  83
402|10
1084  84
597  75
52  76
329  72
296  87
586  66
315  66
1036  81
434  66
527  86
403|7
110  81
2427  67
3210  74
296  85
61465  58
1663  78
180  73
404|12
204  51
349  68
474  71
34  70
364  77
508  71
105  64
593  78
509  67
277  60
315  59
185  58
405|20
70708  80
293  89
7254  82
37731  83
2959  93
345  84
1213  92
7134  80
64614  86
6023  67
1241  87
2329  91
1247  89
3052  83
68237  88
1199  92
27592  86
27664  75
3418  80
1215  93
406|5
1586  49
135  50
56949  55
46972  57
724  54
407|5
7153  92
2959  95
6539  87
1240  88
54286  84
408|20
1198  94
122904  86
44840  75
165101  59
6618  89
1291  91
1210  92
89745  89
1278  93
7324  81
44  64
8641  86
115210  86
103596  54
68554  79
2571  91
109487  88
63131  82
80489  88
4649  88
409|20
2485  64
2490  77
2028  87
3812  77
1278  88
2997  86
296  89
1078  75
3016  74
1073  84
2683  71
2289  84
3846  76
912  89
2013  70
1911  65
2352  80
1230  86
2541  76
3174  78
410|20
389  81
3224  100
318  96
2302  75
4002  85
1060  85
4297  77
3263  73
1859  78
111  90
58  89
2145  77
3255  82
2321  79
3504  89
3948  79
11  85
4019  86
3  78
597  80
411|20
508  69
261  72
586  56
432  50
353  71
431  70
194  67
318  81
272  70
515  70
356  76
266  63
257  67
349  66
10  65
31  59
344  57
227  51
455  47
122  51
412|20
2828  33
2384  67
2915  79
903  88
608  90
2720  51
2858  87
1883  72
1307  84
1214  85
1784  81
2239  100
1  86
930  92
1136  91
2710  64
915  83
2398  88
17  82
1079  88
413|12
2706  88
1198  100
3753  87
2424  83
593  100
128360  93
4993  99
16  97
5574  89
3948  88
64957  88
2959  100
414|20
4458  68
4666  68
5285  68
5635  68
6033  68
6493  68
6563  68
6628  68
6797  68
48319  68
58879  68
169992  68
3802  51
3599  66
1600  76
8666  29
4975  67
7444  65
4081  39
177593  88
415|19
296  94
1213  94
4321  80
3507  93
4308  84
47  90
1021  64
111  91
2617  75
1276  94
3861  72
4369  73
99114  88
1221  94
63082  89
1234  91
45722  83
1197  95
175  92
416|11
5952  68
5951  44
531  56
1296  64
1199  72
1721  57
830  53
1206  70
7323  62
4848  68
3677  72
417|14
778  98
4995  97
4975  88
7254  90
1198  100
106782  97
27773  96
168250  91
1625  91
7153  99
74458  94
110102  94
48394  92
4878  97
418|19
356  85
296  86
63082  81
104374  83
1276  86
1136  86
117176  77
1573  72
137337  81
1682  79
5816  77
88125  78
74458  79
367  68
89745  81
45672  67
87869  78
7361  86
54001  80
419|20
4093  76
111  85
46976  79
27822  56
2858  84
319  79
6287  67
3578  83
1213  87
64969  76
47  83
79592  72
34319  72
89580  76
60756  77
27704  76
90943  76
2412  50
1240  81
52245  68
420|20
1161  87
4993  86
45499  74
923  86
26693  77
48385  73
1927  85
5608  82
2052  68
6934  69
7022  85
3979  61
59295  77
2329  88
54259  79
1131  84
2762  82
4973  89
5669  81
527  88
421|8
2858  88
909  87
5008  94
953  89
1178  96
2313  86
2478  73
1203  90
422|19
2539  59
2710  52
4947  73
4971  62
5039  74
4925  67
2581  58
4916  58
1265  73
2804  75
3053  75
2665  67
1283  82
4835  71
2908  71
3943  62
1213  78
2670  73
858  80
423|5
1653  86
110  85
2194  85
5349  78
1320  71
424|20
1193  84
141  73
2804  82
40278  79
608  84
108729  73
293  82
69122  76
1092  68
54503  81
58559  84
3186  75
66097  76
778  83
5679  70
3176  73
2288  81
2174  74
71668  82
112556  78
425|20
45517  67
377  70
2329  82
733  72
6  78
1645  69
8368  79
2081  73
4306  76
1680  73
1909  68
367  64
46723  70
1625  72
1036  76
4901  69
750  85
2353  67
1342  60
145  64
426|18
59784  69
150  76
471  72
337  75
54001  78
1197  84
6378  74
72641  74
4886  77
8644  69
37729  73
597  71
5444  76
91325  55
588  76
3247  61
4022  74
79091  74
427|17
4887  50
5463  50
5015  61
110  71
58  71
5528  65
6348  54
5312  56
2710  48
5696  50
4993  73
5266  54
2683  57
5400  55
5816  66
1208  76
5574  63
428|20
2471  35
2762  59
3827  43
1089  65
2953  40
2916  56
1380  48
1997  60
3440  27
4022  56
317  48
4255  33
1208  66
1391  46
6377  61
2581  45
260  64
3285  43
588  58
653  46
429|12
339  77
421  73
150  83
225  79
165  80
266  76
329  75
252  76
279  69
317  73
237  75
204  62
430|12
923  82
2987  75
3745  72
6287  65
2858  82
6365  69
2571  83
4447  69
4014  73
329  70
2076  79
4446  72
431|5
172  43
1625  57
1376  55
3948  53
802  53
432|20
1831  53
5630  71
6870  76
8640  62
6539  78
3916  77
5989  79
84189  73
110  81
35836  72
4886  78
2762  78
1206  83
49272  81
19  58
318  88
58559  83
69481  81
7158  77
33660  82
433|5
91529  79
1089  84
50  84
5299  65
110  80
434|20
1136  88
3147  85
1090  84
1265  83
5989  82
1101  72
1779  66
586  67
344  67
3863  68
1208  88
3160  80
589  83
780  73
6796  80
2791  82
4226  86
2194  84
8665  79
1291  85
435|9
2353  84
44191  93
485  80
3510  86
34405  95
2302  81
158  74
82459  93
48780  94
436|20
204  47
435  41
440  64
432  47
161  66
480  66
377  62
531  59
536  53
502  43
364  72
235  63
371  62
344  54
2  62
585  50
450  56
587  62
437  46
227  48
437|20
748  72
318  92
5  67
640  62
1299  84
1120  79
1396  77
1246  84
454  78
1171  77
1225  88
1183  79
1097  80
1307  82
1268  82
592  75
198  76
155  53
112  72
246  89
438|20
7154  57
2501  72
8966  63
27801  76
1527  70
6711  78
3898  29
1784  69
8644  64
6367  60
2424  60
3889  42
223  73
1517  68
7361  78
2641  59
5009  63
2617  60
3753  65
2393  61
439|5
356  90
4022  82
7153  90
78499  89
1240  85
440|7
8690  77
541  87
29  85
1653  85
1274  85
3174  77
1235  90
441|9
589  96
2683  83
2959  100
4306  95
260  100
296  100
51255  98
47  97
68358  95
442|5
2908  28
2881  17
1186  26
3752  19
4361  25
443|8
2329  94
79132  90
296  94
48394  86
106487  82
108190  70
7153  93
63082  90
444|9
356  85
592  73
208  62
21  75
111  84
110  82
235  74
296  86
344  65
445|16
2028  87
590  82
34405  86
47  86
116897  87
780  75
4011  88
899  89
593  89
33794  84
1080  84
45722  78
17  81
1230  86
306  90
2710  63
446|17
237  60
339  62
300  63
296  75
480  66
368  64
288  59
172  51
17  66
16  71
357  63
150  68
434  54
153  51
648  61
593  74
337  66
447|16
257  79
293  85
337  80
531  72
382  68
589  84
552  71
253  79
362  80
532  68
292  75
31  71
474  80
540  63
442  68
160  66
448|373
2368  57
3284  57
3933  57
6302  57
6476  57
7245  57
48262  57
49688  57
75803  57
75816  57
78116  57
79590  57
86593  57
92198  57
98908  57
100326  57
102819  57
104760  57
108715  57
109191  57
111680  57
113416  57
116207  57
116985  57
129657  57
130083  57
133377  57
136654  57
138546  57
142424  57
151777  57
152658  57
157130  57
158022  57
161290  57
164375  57
53996  56
136778  57
5418  61
288  53
88356  31
2580  66
155358  57
2889  66
4034  65
148888  40
81156  67
2713  42
103335  58
95441  52
34048  51
80126  41
3057  57
1057  56
2794  44
33830  78
8665  60
6059  57
110553  42
90374  73
151501  57
3764  41
6143  65
103819  22
4361  58
104913  58
3986  44
5528  59
1196  68
105351  43
83349  51
3276  57
1090  65
5349  57
587  56
106330  25
4677  52
95508  57
109895  30
110611  57
671  55
2289  64
152077  59
80693  48
111360  44
170  55
87444  52
94323  45
8493  48
3671  64
91653  57
4981  57
2991  62
78034  57
119145  64
5099  42
4299  52
2567  47
6996  18
109864  22
6582  47
73017  62
370  49
543  54
115617  60
590  61
154065  57
5553  53
41569  53
3286  27
6645  68
589  64
1920  45
2857  51
111663  53
78499  67
2657  53
6537  51
1148  68
46974  45
48516  68
80241  56
445  49
4262  62
3689  23
114935  63
6428  57
127194  57
109673  45
127096  58
89388  57
4156  57
3793  60
33679  53
2014  47
64285  69
3968  48
49530  59
3450  54
160563  51
5502  53
8169  63
6314  29
122490  57
3386  59
140725  58
4896  61
2642  37
127136  69
2763  59
2520  57
457  65
48783  58
3263  49
5400  48
5541  52
4011  67
58351  57
127132  57
152091  55
3698  54
435  35
4799  44
84152  63
3401  42
2858  65
3174  57
7076  64
106542  57
6218  53
2860  45
1283  72
3618  58
2616  47
90439  58
2404  33
4660  57
2530  46
26386  57
4327  57
3030  67
71464  55
32  65
91529  63
4158  38
99114  63
98585  56
93326  43
2268  62
80489  63
130576  39
105504  66
2791  63
50601  42
7007  55
4234  50
3623  42
80727  68
78467  25
8641  61
4128  61
106782  65
2537  28
112138  59
3247  47
112818  61
2027  31
3101  49
5779  57
82202  42
1704  65
98296  57
6863  54
89305  53
4203  58
1201  69
6212  32
637  48
84954  49
6814  57
94864  50
67695  50
159077  57
92439  65
6812  29
3156  46
802  55
118354  57
134130  62
138036  58
65135  57
52975  60
4368  33
90717  57
45722  57
79259  57
68157  65
4233  26
74458  62
3258  49
1262  67
3949  63
101025  39
69526  38
1831  37
1083  51
1884  65
1476  59
156609  46
3755  51
111659  44
4734  50
161  60
95201  57
135887  55
2598  45
87232  61
4634  85
5334  44
5459  46
146730  57
72694  57
157432  57
132488  57
4558  42
1375  53
6424  57
71518  56
2716  62
94780  44
3593  21
129354  49
158  44
1409  44
6514  57
2881  51
51662  60
90522  50
68554  53
2126  45
122932  57
93510  62
137857  59
125916  10
2953  43
2090  55
1760  16
480  60
58803  59
2109  56
50792  29
46062  22
85510  52
80864  57
112171  53
122900  59
2587  50
1527  60
117529  52
4993  66
92264  50
5247  38
533  48
912  69
26464  57
2249  56
4678  54
103772  55
114601  61
96861  51
420  43
59615  46
2349  61
109372  45
95207  45
348  60
19  42
136020  48
4502  27
91094  48
138208  52
3511  41
79428  57
2643  28
109183  57
2139  62
4212  57
5942  51
96417  54
112852  66
99728  58
89470  58
142448  51
64983  53
2640  60
2046  51
4881  64
3882  43
3744  45
1032  56
116799  61
5  47
4040  36
157407  57
2115  60
1617  67
4367  45
105254  62
3388  40
3760  61
2146  57
2968  63
6281  50
466  46
96448  39
86332  58
64969  57
115170  57
1036  62
3397  62
2474  59
1408  65
155743  57
106920  64
8542  61
120466  55
2051  28
7143  62
7150  47
89087  40
34150  44
2253  40
2973  63
449|8
1917  58
2502  79
4034  77
1222  79
2770  54
762  48
2011  68
2324  78
450|11
3977  64
589  87
110  87
3363  86
3535  85
3948  78
3409  69
1035  88
3568  80
358  63
1259  88
451|7
733  77
593  86
7  67
5  65
494  77
25  76
17  78
452|20
4025  80
2858  99
2617  84
5292  96
1206  100
1676  87
3219  83
47  98
3101  83
163  93
1092  85
1917  80
2126  79
1356  97
552  84
2628  81
1200  98
608  100
2707  86
3273  71
453|20
208  67
858  92
2335  77
4022  81
3618  80
1617  89
3452  72
1357  87
112  75
2671  78
1884  87
1894  66
2294  74
318  94
1614  66
3534  75
2959  92
798  67
5266  70
780  76
454|9
7361  86
2692  83
7116  42
55820  80
6016  84
27773  82
2160  86
2858  83
26131  89
455|12
272  74
432  54
367  63
590  74
253  71
364  79
555  75
252  67
110  78
225  70
588  74
597  69
456|9
1407  70
634  51
135  64
5  65
724  68
780  72
733  77
260  86
706  75
457|10
329  67
3593  34
2692  79
1356  76
223  77
2394  70
2701  47
3608  62
733  71
2094  66
458|12
597  81
185  72
10  81
380  80
95  72
454  83
300  81
595  85
153  70
587  80
150  86
552  75
459|6
79132  93
5618  96
8961  90
48780  93
50872  90
260  96
460|17
89039  84
4886  89
4703  75
3831  88
1441  85
4878  93
3483  76
8970  87
1  91
49272  93
40815  90
85414  82
68237  92
76093  90
47610  87
63082  91
2571  93
461|6
74458  67
2762  68
1036  68
91500  60
3578  70
539  62
462|20
26838  68
89090  68
164655  68
188189  68
1136  79
1219  77
158966  88
1248  86
508  71
1653  77
1674  70
8917  66
8620  10
3424  78
2146  68
7044  74
3814  83
1213  79
82857  68
26131  82
463|7
6377  85
2028  87
4310  68
3753  75
2006  70
1092  72
5995  86
464|20
1370  74
58025  67
63853  59
296  86
2019  87
3527  77
5254  71
7007  73
1101  71
1779  64
377  74
1653  84
55820  80
648  73
33493  73
1610  80
65088  74
74727  83
1617  85
62374  74
465|20
2941  89
2987  84
1200  90
3448  86
5060  89
1299  90
3703  91
3649  67
1625  84
292  80
904  95
3101  75
1754  85
750  96
1256  88
593  93
3732  80
3740  92
3334  92
377  82
466|20
5418  83
30793  71
79091  81
92259  88
5989  85
5459  68
318  94
63082  85
59784  76
5010  83
74458  83
6281  72
5952  87
8529  73
64716  87
68954  86
4993  88
45447  71
81845  87
55247  85
467|22
41  74
58  81
389  70
466  56
527  84
593  83
780  69
1183  73
1233  84
1357  79
1365  72
1408  78
1721  68
2028  84
2125  75
2324  82
2334  54
2384  54
2390  78
2393  65
2394  71
2493  70
468|7
592  67
349  70
1  76
317  63
296  81
32  78
165  70
469|20
3658  74
3832  74
3507  84
3032  85
2736  85
2132  85
1958  79
910  83
1090  81
1485  65
1388  64
2321  72
1234  82
2081  76
1193  84
36  78
2908  78
909  80
2023  73
3255  75
470|16
253  72
318  85
110  78
588  74
282  66
5  60
597  69
32  78
595  74
592  68
500  67
26  75
356  80
357  70
434  61
300  69
471|6
2571  87
8874  87
527  89
1  85
8360  79
7147  83
472|6
58559  90
3450  77
3298  85
2840  64
1221  92
858  93
473|8
4979  70
2959  80
60  62
7147  72
6281  60
3897  74
48322  86
2596  70
474|422
638  68
2179  68
2697  68
4046  68
5114  68
5311  68
5353  68
5455  68
5601  68
6201  68
6273  68
6382  68
6407  68
6592  68
6912  68
7702  68
7826  68
7832  68
7839  68
8057  68
8446  68
8458  68
8459  68
8611  68
8650  68
8774  68
8938  68
1466  70
6708  71
2940  74
2616  58
2334  58
7139  74
4218  68
371  67
750  82
2935  73
8645  77
5481  56
6370  81
25865  68
2553  70
912  80
2467  74
5548  69
7301  83
52967  64
5945  63
480  71
1983  50
3462  68
1068  68
8600  80
6650  88
8482  68
6791  82
4016  71
1784  71
3668  72
3977  53
8961  73
4160  71
30820  67
6984  68
2750  63
5034  47
7716  68
2612  68
4419  89
1300  76
4187  80
1187  62
6565  75
272  72
5440  68
25937  64
1099  56
3125  68
5826  68
5649  68
7256  73
4912  73
6016  77
1208  80
2083  76
3385  64
2310  65
3360  73
3163  74
1413  78
4081  39
1643  68
968  72
2116  64
26965  83
5954  74
1263  74
5116  68
3536  67
8778  68
63433  60
2952  70
318  83
3394  56
1200  76
3384  84
4356  80
932  82
7698  70
516  67
4873  73
48385  64
39869  75
1902  68
2641  60
7036  60
2181  69
4638  56
31116  79
2455  68
2146  68
628  70
3897  75
1030  56
4022  70
344  59
3196  79
92  51
237  65
6770  67
3259  63
3368  65
26151  73
1293  72
34072  70
3044  72
1639  70
5944  61
6539  73
477  66
7361  79
55687  68
58  76
4014  67
3467  71
8154  80
4191  59
2134  64
4644  76
4293  61
5013  72
1399  59
1196  79
2918  73
5899  76
4465  65
100  57
361  60
3341  82
8921  68
195  64
3789  68
4709  68
1588  63
3468  81
4678  65
2723  66
2118  75
1939  79
7019  55
3147  77
1792  61
33903  74
1682  72
41566  67
1693  65
1957  74
5021  68
2313  74
3870  68
948  76
47099  72
3447  81
6614  63
216  69
5619  66
3987  45
5060  74
3111  91
45950  70
32584  58
5525  68
2567  58
5956  69
7  59
1172  78
3217  61
8331  68
587  67
5238  63
1189  75
2416  63
832  66
3095  75
7386  71
1223  83
7058  68
5246  41
5418  72
27803  77
26  74
4002  72
1135  65
45  66
6945  100
2411  55
2520  68
7347  66
5375  68
5673  71
3039  71
7833  68
33781  62
720  82
2103  52
33154  75
608  79
1327  53
101  75
7061  68
5451  59
5682  58
5434  69
6609  68
31658  76
4578  45
2009  66
4704  68
7572  68
4929  52
3306  71
6334  64
5379  83
5437  64
42418  68
4128  72
7451  74
2786  40
2243  66
27846  75
6197  62
3264  51
3608  60
5603  86
6124  58
1222  79
1663  73
3566  52
3755  62
2628  58
4815  57
2089  69
7102  56
27706  64
7013  75
1348  67
45666  51
5755  42
4055  100
2058  65
4462  20
1544  55
2405  58
4998  68
273  57
1977  55
1732  76
7822  68
7073  68
41527  80
4787  68
1676  65
3708  64
6669  71
317  62
25940  68
971  77
7366  61
3115  77
7026  52
2710  53
50685  77
2114  73
3809  66
3516  66
2770  54
535  64
4878  76
5992  78
41997  70
1083  62
4487  65
7293  69
1016  66
2006  60
1007  57
4993  77
3412  72
5007  68
3929  55
6639  62
8712  68
1876  58
3546  68
34359  68
7579  71
7325  68
6837  68
2634  59
7753  63
8943  20
8385  68
4308  69
3246  77
3745  67
1148  79
42002  66
50740  81
3952  60
1927  76
7581  63
910  77
3948  66
54881  77
1284  79
4007  72
5341  63
3675  81
52975  71
6244  63
965  75
454  69
1247  76
7215  64
1282  74
8207  81
6242  66
6502  75
4509  68
3528  70
2391  72
4262  73
4039  63
42018  13
3271  74
976  68
48394  71
5384  68
5168  68
1358  71
6534  52
8773  68
2384  56
48780  75
1269  75
4600  80
2642  48
111  77
933  81
3578  75
5297  40
944  73
6020  68
2123  57
748  64
4896  72
5380  75
53953  61
3712  60
25996  68
1997  74
4464  74
4085  68
51540  72
2707  63
2069  86
6710  76
1488  62
6378  70
928  78
3038  81
7116  36
44511  68
594  71
1962  69
421  62
4316  30
2761  76
4823  59
892  73
1345  66
5294  79
1408  76
6579  88
3272  70
3421  74
3844  71
6787  77
37736  74
2249  67
1610  73
2468  51
3498  77
4902  71
6268  80
5225  76
5404  91
929  68
25999  68
7835  68
805  70
4126  68
475|20
6539  93
4993  97
87232  92
40815  93
5816  90
8644  85
81564  90
4701  84
81834  95
6564  68
68791  87
111759  94
7153  98
1527  91
71530  76
4896  92
106487  87
112852  97
3578  95
82461  83
476|14
594  79
34  77
380  73
158  62
153  63
586  66
440  76
364  84
378  69
357  75
224  77
165  76
296  87
11  79
477|20
34  77
913  85
3100  82
2105  72
1271  76
1207  84
70687  30
2174  75
45672  67
4571  78
3973  39
4226  85
1103  86
5291  78
348  77
3593  38
1  82
1274  83
6502  82
59615  63
478|5
1917  46
3114  63
594  60
1584  57
1101  53
479|20
5365  65
4488  66
524  65
1025  69
3707  50
1220  70
4010  63
3244  66
3526  67
4092  47
1968  70
4700  60
4003  65
3671  72
2671  65
341  65
2012  64
2542  74
454  66
2384  53
480|20
43914  65
2700  71
8533  68
2193  68
2797  69
3484  51
2571  74
1210  76
2596  68
8866  59
47610  68
6306  80
5379  81
2018  65
7153  75
3911  68
44191  71
38061  77
5673  68
380  64
481|7
1608  51
1687  49
1629  46
1729  56
1620  47
1597  46
1485  45
482|20
2068  98
8985  56
1036  73
474  71
1042  61
4389  68
780  65
27706  64
3211  80
1610  73
4367  56
1374  73
1220  73
1602  47
653  60
592  66
30812  69
4862  55
8361  58
8529  63
483|20
105325  72
783  69
2541  71
2959  85
109971  72
45722  73
1199  84
50872  77
2000  76
4306  78
69757  76
2683  66
2273  67
1588  67
109487  78
66934  80
1721  69
2328  63
68522  72
8972  72
484|20
93320  76
1438  63
6155  72
6944  76
2706  75
33166  83
6874  84
3697  68
1059  80
76293  71
919  82
2762  81
1821  64
837  75
5810  72
1753  80
3254  74
4718  66
2413  79
3646  52
485|5
588  85
161  84
253  83
292  79
231  72
486|12
653  72
47  87
110  87
153  67
474  82
95  70
288  75
329  76
161  82
318  95
292  77
6  87
487|12
27611  66
8961  66
318  77
1198  74
31658  70
1197  74
6539  66
5445  63
116797  67
4027  67
8874  71
86377  80
488|20
720  91
838  83
608  88
1223  92
26  83
5135  83
2109  76
7720  67
7303  85
4014  77
5995  85
457  85
105  73
1136  89
272  82
1269  84
3176  77
1278  88
1125  79
910  87
489|20
79536  61
86000  61
4848  68
736  55
8387  13
4700  56
45666  43
4720  63
2683  54
2021  61
2389  30
1619  58
950  65
58559  71
2236  55
2167  57
1616  53
247  71
376  55
2717  51
490|20
46578  71
89492  69
81591  64
91077  74
60074  55
5816  66
4144  74
54001  69
1  70
1784  66
7153  73
4993  73
89759  87
86320  60
60128  65
76251  65
8368  71
69122  65
2006  55
78499  73
491|13
106782  92
69757  88
7293  85
27808  82
4246  87
3948  82
104374  93
86833  89
140110  83
8529  79
180231  84
4306  90
88405  76
492|20
736  72
784  64
628  80
858  91
852  72
64  58
990  66
830  71
743  59
62  79
52  79
1499  49
66  59
1210  88
881  56
1474  52
1405  67
724  71
1047  73
65  61
493|13
2985  70
4444  75
2916  74
1275  79
2571  81
1527  75
2028  81
3793  75
2167  68
1215  84
4701  68
2924  85
260  82
494|5
1196  94
4498  76
3578  91
2028  93
1210  94
495|20
140523  80
115149  86
1259  88
1721  77
136562  78
80489  85
19  65
50872  85
231  71
102123  77
52319  80
7254  81
7360  87
8528  85
1645  78
46578  88
30810  81
2918  85
148626  88
56775  75
496|6
1221  78
99149  67
858  79
904  79
8865  54
114713  66
497|11
1193  80
112556  74
112290  77
1916  71
92259  80
2329  81
112552  78
1258  80
2762  75
5349  70
111362  76
498|7
344  74
231  74
648  81
10  82
300  82
356  93
316  78
499|6
1202  79
2337  72
38304  89
327  68
56286  85
1304  85
500|18
2599  65
2987  63
543  59
2700  68
2542  71
1265  68
2916  64
356  72
3301  62
1784  64
1914  61
595  65
2355  62
3536  61
1885  55
322  64
838  67
720  76
501|9
6  70
62  64
93  54
45  61
3  60
637  54
11  67
18  66
662  58
502|7
7236  81
1077  77
4412  30
3469  70
2001  68
2520  72
1777  72
503|19
7455  67
7361  78
4878  75
356  77
91500  64
593  77
527  77
858  80
4226  77
1259  75
1342  56
2877  56
92509  63
90866  71
500  64
441  75
48516  78
2858  75
48394  70
504|18
4995  84
5812  80
2321  74
1  82
3556  81
7153  85
6708  78
1288  87
6927  76
4033  83
4700  71
6565  82
342  71
3408  75
6879  77
4361  77
5952  84
5955  77
505|7
1241  90
4105  88
1029  82
74685  83
273  73
6502  91
54999  84
506|9
59258  63
54272  69
37741  72
56782  81
62293  73
51834  59
49286  65
112556  71
61024  70
507|5
165  68
266  64
253  69
377  67
593  78
508|5
2872  44
2011  43
1952  53
1175  53
898  58
509|20
26958  64
130073  64
2028  73
87232  68
33830  85
5313  45
48  57
2090  62
2080  63
6942  68
8907  46
6156  57
5816  67
39  61
3988  54
6807  73
7458  63
1196  75
45447  57
616  68
510|20
1882  31
7026  41
35836  57
494  59
1198  69
514  58
457  65
2935  62
858  70
2699  46
317  51
8949  62
2918  62
145  51
1262  67
6787  66
1208  69
372  45
1242  68
40819  64
511|11
2959  95
53953  75
115149  89
164179  88
6534  66
99114  88
92259  92
318  97
2324  92
1653  91
56757  84
512|10
480  77
150  79
349  75
47  82
350  72
442  66
457  82
50  86
317  69
593  85
513|7
5952  86
318  93
2174  78
235  77
1304  85
1220  82
1080  84
514|20
1335  66
5704  66
62586  66
168358  66
180263  66
1704  75
2005  70
2792  63
2013  59
1673  77
134130  72
76093  72
1333  69
58998  71
68157  75
2406  66
3210  67
54503  73
4855  72
1644  42
515|6
33794  100
2028  100
527  100
91529  100
58559  100
2959  100
516|26
260  84
457  79
480  74
647  68
708  68
1042  64
1090  79
1197  85
1198  84
1954  77
1958  78
2021  70
2259  64
2268  76
3052  72
3471  74
4027  76
4291  54
4306  77
4321  67
4322  72
4333  59
4337  70
4349  74
4361  69
4429  80
517|20
4306  54
53125  46
1265  55
165489  48
97938  50
88744  52
86880  43
4148  38
26761  48
3398  52
1293  52
3988  38
2858  56
4963  53
1204  63
1704  56
47629  52
7669  62
1206  58
46578  56
518|5
3101  62
2657  66
783  66
1876  59
6365  65
519|6
1704  95
356  97
140110  86
6378  89
7445  86
1968  91
520|20
7266  78
318  93
1049  77
59315  80
4995  85
32  86
2716  83
4333  69
1291  86
1732  86
4085  78
2723  75
3081  77
3994  77
33493  76
135  67
2393  71
60516  49
2406  77
1584  79
521|8
661  70
112  67
86  80
104  70
58  80
79  57
52  73
852  66
522|20
99114  82
81932  82
89492  81
63113  73
2959  89
1193  86
1375  72
4993  85
223  82
27611  80
76060  79
180  76
59315  79
1617  86
10  75
67255  84
2023  75
6187  86
318  91
127098  89
523|15
168252  100
8970  97
5989  100
318  100
91529  100
1721  90
293  100
65261  100
4270  85
3147  100
27731  98
134130  99
31696  89
527  100
101962  93
524|20
1356  75
150  74
552  63
748  65
344  60
442  61
253  71
1225  81
20  54
589  77
1242  80
544  63
173  54
1302  71
380  68
457  77
1020  66
788  55
193  48
466  58
525|20
120807  71
317  65
6863  68
8622  71
33004  70
7147  76
2396  75
40815  76
137337  77
1639  73
1968  76
91869  71
45880  70
2100  63
339  69
4886  76
50872  76
86332  72
8983  74
3996  76
526|12
593  93
55247  89
46578  91
176415  83
1295  75
90430  91
4014  82
2352  85
176413  83
215  91
81845  91
51255  92
527|20
2137  83
3114  88
3210  82
3016  78
2161  83
4571  84
2118  88
3421  87
455  62
2867  87
2450  52
1909  79
1214  88
4299  76
736  76
2477  78
588  86
4016  84
1259  89
2533  74
528|15
4886  72
2278  67
80906  76
4037  69
1240  72
64614  73
3821  44
150  72
1291  76
80463  73
593  78
99813  77
85342  73
48516  78
58559  78
529|5
653  55
135  52
65  46
62  64
733  64
530|6
292  75
500  74
300  77
586  68
593  88
11  81
531|5
593  88
590  82
919  84
480  80
1215  90
532|10
1721  84
4863  100
457  95
290  95
1245  100
1242  98
2023  86
2329  98
1304  94
517  84
533|8
1200  98
6502  97
79132  98
46578  98
93840  97
4973  100
2455  90
66934  98
534|20
116724  76
97913  80
94953  75
2003  77
2167  72
7569  83
153  64
1485  67
65514  80
104218  70
344  67
2571  85
5445  78
95875  69
112818  80
82461  71
96610  78
2987  77
138036  77
1566  76
535|6
2571  62
2581  45
2700  59
2688  46
2583  66
2882  29
536|8
232  71
272  69
356  75
335  65
225  65
150  70
434  56
589  72
537|10
80906  89
367  74
7153  90
53322  79
104218  74
97304  87
6539  85
318  96
89745  87
105504  90
538|8
595  92
3671  96
80549  94
4039  83
69757  92
5047  85
44889  89
66934  96
539|8
4306  78
6753  74
5218  74
50872  78
88  66
3301  73
4886  78
69122  75
540|9
2598  69
2959  94
1073  88
8874  91
1681  63
2183  86
2841  81
2747  68
1196  93
541|18
590  72
457  75
413  55
15  59
110  75
595  71
597  67
480  70
356  78
203  65
529  73
357  67
22  66
345  71
546  44
586  58
281  75
350  66
542|20
6539  76
30793  63
5299  64
2542  80
34319  67
33679  66
4963  76
5481  59
1997  77
4025  60
3623  56
924  78
4369  62
6378  73
2571  80
7254  72
41566  69
37733  71
7361  82
45517  67
543|16
73881  94
1702  75
595  90
3301  87
231  77
2378  77
2379  65
86882  89
6377  94
588  90
377  85
48385  82
2571  95
4526  70
4388  69
92259  96
544|22
1  79
3  66
14  74
32  80
40  70
62  72
68  60
95  59
116  63
619  40
626  70
648  70
650  47
694  57
736  66
780  69
839  57
1042  64
1047  63
1059  73
1105  90
1356  78
545|5
1438  52
1267  76
2763  67
1367  57
44  47
546|13
1270  75
3328  78
480  69
1970  56
2456  50
1976  42
589  74
2657  63
1673  77
3941  67
3959  67
3566  51
1977  54
547|5
1211  84
2859  86
2917  89
1394  90
1288  93
548|26
69  75
260  84
356  83
733  72
1196  84
1393  71
1477  70
1621  40
2571  83
2716  76
3263  57
3578  79
3916  73
4776  75
4899  39
5955  66
6874  80
7458  70
8531  52
49910  67
58559  84
74532  48
80862  75
122904  78
125916  10
168712  70
549|5
2571  80
2028  80
4226  81
1210  81
589  78
550|6
167296  85
102125  85
106782  93
116797  91
112852  94
122882  90
551|20
5010  79
34162  74
60069  82
1544  62
45186  76
103772  72
51935  80
4226  85
2353  71
7153  84
5989  81
135569  75
115149  81
88129  77
134130  80
6934  66
47  82
4701  71
2959  87
98809  79
552|20
2916  64
3317  70
1405  51
2953  48
2245  56
2944  67
2890  64
2125  69
508  65
3948  60
5349  62
2959  75
2857  56
173  46
2991  67
2871  70
2628  52
4308  63
4878  70
3101  54
553|17
55765  92
3481  88
1923  88
2571  95
4011  96
50  98
3949  92
1089  97
44199  90
5513  86
2231  93
2395  86
3052  88
61257  86
1221  98
33166  93
2959  99
554|18
1196  91
1022  81
2820  80
1207  89
1517  81
1282  86
1210  91
1760  39
2282  70
1225  91
907  72
1358  84
2096  81
1028  89
593  91
608  91
953  89
2324  90
555|20
790  69
3664  69
1  76
3111  92
3395  68
104  67
1334  62
2506  65
2072  61
4002  73
1266  80
2641  61
2256  59
2791  75
2701  46
1333  72
1320  63
337  72
1393  70
3526  71
556|7
162600  81
122890  73
3081  81
88125  85
588  85
72998  80
74789  69
557|6
648  75
231  68
1291  86
260  88
1210  87
150  82
558|12
5329  71
5064  84
4903  75
2297  79
2568  69
4993  87
4306  84
367  72
5283  69
1097  82
4164  90
5294  89
559|20
552  59
608  76
355  45
329  62
544  58
1527  69
173  50
377  65
745  73
174  53
529  71
350  63
349  66
533  56
836  53
1210  76
420  52
786  58
227  50
253  67
560|20
5839  71
91535  63
136018  55
67997  86
79132  79
3253  72
142558  71
2355  72
39435  64
1527  75
40414  78
64614  77
48744  75
56587  70
593  82
76251  73
84944  72
109313  71
5878  81
40819  78
561|20
168174  67
5308  57
78469  60
3703  76
60069  75
91535  59
2105  64
73017  72
5445  69
2000  71
83134  71
79132  75
79592  63
80463  74
89745  74
527  78
8972  66
353  73
33162  68
68157  76
562|20
27140  82
6870  85
6377  89
2580  91
1249  94
4776  86
36529  82
1259  90
1982  84
2268  87
2133  82
83134  86
3210  82
48394  85
30707  89
33836  62
2692  90
88163  90
99191  82
1240  87
563|20
61071  66
70932  66
80858  66
919  72
74450  60
588  70
5943  49
118997  54
86833  70
1197  79
128832  66
85397  61
45221  48
33499  54
7380  68
96821  73
81784  60
95307  48
65585  65
55250  49
564|20
50942  72
356  82
31685  65
131013  68
61024  75
79224  54
87869  75
500  69
108156  68
81784  65
93270  48
6188  72
106918  80
65230  66
67087  72
80693  62
94677  70
8984  67
73266  62
2671  71
565|6
590  77
231  64
19  58
21  73
50  85
539  73
566|15
648  69
10  70
231  62
329  67
342  66
141  70
203  68
345  74
39  67
497  79
265  74
588  75
708  69
353  76
2  70
567|20
8189  45
26743  45
92681  45
109897  45
152071  45
5690  58
136602  51
122888  45
6333  49
1274  53
122922  49
153070  45
151687  45
117877  45
108928  35
954  56
122924  38
27773  52
648  43
135887  43
568|23
50  84
147  70
296  84
356  83
480  74
593  83
765  63
1103  82
1104  91
1257  73
1298  74
1895  67
2313  77
2359  73
2863  68
3053  78
3148  74
3261  67
3363  77
8169  68
46723  69
63853  50
65088  68
569|5
231  76
50  97
380  84
588  90
592  83
570|20
208  56
8636  73
48516  79
1225  79
586  59
2683  62
457  76
1196  79
110  76
4993  77
7361  80
1198  80
1079  78
10  68
3793  71
1391  61
589  75
380  66
527  79
185  58
571|20
1331  51
2982  51
2366  52
1128  35
610  54
2902  38
1998  11
3696  57
1980  51
1987  51
70  51
1924  41
2279  33
1327  36
3732  49
1972  28
1278  61
1644  27
2327  72
1978  25
572|20
1961  88
2570  75
2788  94
2321  81
111  92
904  96
2987  84
2302  77
1834  91
2539  75
2917  91
1307  88
1  90
161  86
3421  88
838  89
1356  89
2006  75
3167  81
1953  90
573|20
89745  91
72998  83
3752  80
356  95
7293  85
6754  85
8665  88
32587  89
1073  91
88744  89
1127  87
68954  92
98809  89
2640  87
48516  96
71535  90
59369  84
60069  92
88140  85
1562  61
574|23
47  79
110  80
150  77
153  58
161  73
185  60
225  71
231  62
292  68
296  84
300  71
316  67
318  89
329  67
339  69
344  62
380  70
410  62
434  60
588  75
592  69
593  83
595  75
575|8
2566  52
2580  71
296  73
2581  53
2572  64
2542  71
2574  34
2598  49
576|5
849  51
1321  59
1373  49
1479  58
2289  68
577|20
2415  71
1183  73
1288  82
1129  71
2944  76
2194  78
733  72
1213  82
2076  76
2020  78
1262  81
1931  80
1391  63
2987  72
952  79
1909  68
260  81
919  77
2248  76
1270  79
578|6
6751  81
52668  94
45668  78
830  75
72407  62
75446  81
579|15
3174  80
2485  66
1022  80
2018  79
838  85
1917  69
1391  72
596  79
1573  77
2965  79
1653  88
2599  82
892  85
2687  78
595  83
580|20
5767  71
6583  71
480  73
8844  71
6989  70
3809  68
41569  67
3699  66
4041  72
33166  77
356  81
508  74
8376  69
3578  78
608  81
3785  61
3089  81
1320  65
54286  72
1201  82
581|8
7153  97
5995  96
4973  100
116797  93
3949  94
4306  93
109487  93
6377  95
582|12
91529  88
2959  94
116797  87
4993  90
5618  92
2571  90
76251  83
69844  86
104841  81
48516  92
97752  82
76093  87
583|12
8533  69
88405  58
2706  65
117590  75
317  61
60756  68
6942  71
595  70
46578  75
104  65
2694  62
7451  73
584|17
288  78
22  80
203  79
315  73
500  79
316  77
539  81
234  65
296  93
257  83
434  73
586  72
338  71
349  82
282  77
480  85
590  86
585|13
3173  80
1228  98
54503  93
2959  99
428  91
1405  76
7254  88
441  95
1805  77
296  98
27373  87
5325  89
79132  94
586|20
34332  77
4016  90
111659  74
106002  81
149406  86
167036  93
45499  84
136556  87
5445  89
117851  82
1291  96
71264  89
106489  83
135436  81
3753  85
2640  90
3147  97
122916  92
3793  90
101362  70
587|20
1234  88
628  82
2012  78
534  81
2002  70
1641  85
236  77
1376  79
2622  79
1541  64
3260  87
497  88
3082  76
445  72
3448  83
2574  53
765  73
691  68
329  76
3406  74
588|12
50  76
16  72
20  49
356  74
350  62
198  63
593  75
364  73
163  66
253  66
223  71
3  61
589|8
1092  73
318  94
590  83
373  80
586  69
587  77
527  89
337  82
590|20
924  74
8807  70
2371  62
38061  79
81834  74
40815  72
4890  61
903  76
5  57
3624  60
555  72
4047  75
51662  70
2085  66
419  53
595  71
329  64
2376  67
3635  69
2398  76
591|11
2908  69
2706  63
2712  62
2355  65
3615  56
3578  72
2394  64
3798  59
356  75
223  71
2724  51
592|19
514  73
2  72
153  61
415  58
110  81
177  64
420  59
380  71
44  55
788  58
588  77
163  75
204  56
610  76
39  69
419  58
253  74
432  57
240  65
593|20
1196  77
1073  73
1086  76
1617  76
4034  75
41566  65
1197  79
344  57
8368  74
339  65
2959  79
8961  71
5816  69
2797  70
4896  70
588  70
595  70
5952  74
377  65
141  66
594|20
7031  80
2671  79
7115  76
1616  72
5943  62
1188  80
2269  73
1733  99
4902  83
6996  41
780  77
1429  80
6140  87
7046  70
39  76
595  83
799  84
2028  89
8482  80
7169  84
595|5
265  85
50  93
1186  84
1199  93
1966  78
596|20
33649  70
43744  70
182793  70
129397  57
128908  70
1  77
142488  84
122922  74
4310  60
71838  63
4025  60
2501  75
110102  75
149406  69
2774  70
5502  66
8665  73
6537  64
2571  79
345  73
597|20
1799  82
490  73
3040  77
2529  88
2858  87
903  89
3039  82
2000  83
1291  88
357  79
1228  91
1845  92
2411  66
1580  78
1148  91
1198  92
2723  77
485  72
592  78
2692  88
598|5
56367  84
8360  81
593  90
114265  79
103543  62
599|496
26142  53
26567  53
26590  53
26676  53
26854  53
27595  53
34800  53
53450  53
60803  53
69131  53
74696  53
79895  53
84523  53
87960  53
92674  53
98799  53
102735  53
102852  53
104017  53
105020  53
122433  53
157865  53
158874  53
160978  53
161044  53
174727  53
179053  53
1801  53
6035  68
3387  44
33437  56
112  48
5995  61
167706  53
4394  53
836  41
7235  56
8809  65
102749  53
89087  36
42011  33
432  36
471  53
5628  51
1015  46
2  51
2269  46
69  58
3947  50
79091  55
104837  53
4037  55
7587  59
6881  55
1449  58
7225  63
81229  53
68952  68
4728  43
5081  47
33966  53
1779  42
3669  53
87197  53
170297  53
79057  53
95965  53
55207  53
4007  57
1220  57
80831  52
46723  52
71282  63
7757  59
3259  48
92309  59
1376  52
7192  46
4654  40
101423  53
53468  46
62662  53
3174  53
3698  49
2882  28
2359  52
1183  55
2792  49
1095  55
8387  10
53125  51
115713  58
2949  58
2471  34
3  50
1231  61
3861  43
240  45
1480  51
2301  58
1445  35
8045  53
586  43
2942  36
1185  59
4594  53
2474  54
3671  60
3196  64
64839  59
98697  53
2606  39
1777  52
5309  39
7022  61
4873  58
541  63
27311  69
43921  57
67734  52
4240  53
5026  65
168  43
33493  51
4125  10
7354  49
207  53
1094  49
742  46
1609  42
1042  46
3362  59
4553  57
4632  53
2278  53
468  50
122904  56
75416  53
42718  60
4285  35
79274  69
1794  53
45081  44
108192  53
3489  54
3503  63
89804  49
163809  53
577  36
3071  51
1204  68
3981  30
95771  53
45382  65
6548  46
59387  58
166528  59
168492  75
6691  53
605  40
424  20
2991  57
248  46
97950  53
3865  57
1216  52
342  48
35836  52
27772  42
176419  68
151781  53
277  44
6320  10
39381  61
5111  53
4090  53
2450  24
2676  54
2356  34
79702  56
1597  45
410  46
1721  50
3702  50
183301  53
1387  62
2072  45
26729  61
2393  47
4247  32
4591  42
1032  52
3087  46
1895  52
634  28
210  50
2074  65
51575  40
3505  63
5247  34
481  48
4215  27
1355  31
2657  49
2028  62
4011  63
420  39
552  46
1196  63
2395  53
5303  53
1752  36
3186  54
4310  43
1784  55
3200  68
7254  54
688  41
473  33
1079  62
1552  44
1148  64
1544  40
63113  50
2325  49
26649  73
6804  53
161  56
4109  43
34332  43
1653  61
4808  31
7707  53
3468  66
502  32
1221  65
1792  45
68319  42
6787  61
2119  23
3884  15
4254  28
3973  17
103609  53
8934  53
5377  58
42632  62
55290  55
4506  50
7840  55
5568  40
1689  37
7005  53
103228  56
59947  53
786  45
4351  50
172253  53
4679  45
1411  64
117630  53
1590  43
112623  54
3146  35
8984  49
1920  41
519  32
179817  65
3979  36
3741  58
44020  39
26630  53
7285  60
3030  63
1021  34
8638  53
87  48
7153  63
2877  42
2018  53
3173  46
5198  53
7101  45
7701  22
3213  64
26159  59
2339  53
33896  57
2000  57
4006  51
136562  51
37382  44
6645  64
171763  69
8528  58
27008  53
4017  56
4167  48
86142  66
1249  65
3255  54
736  47
2779  51
84414  79
27773  60
2083  60
98499  39
4034  61
119828  53
1993  37
94864  46
6631  15
2321  51
26242  50
3703  62
41566  51
2529  61
1968  58
8914  56
3257  43
159403  53
1036  58
76093  58
5103  51
6947  55
1952  63
2124  51
4084  42
6016  62
778  62
81  45
2171  51
1253  59
4275  46
7982  43
3723  60
849  43
2681  50
6565  59
39414  47
122916  57
6440  60
8917  50
72011  55
1605  46
1240  58
923  61
68157  61
5961  53
5053  53
3571  62
2403  56
3871  68
44238  53
72226  63
7004  39
2054  38
62970  49
5159  46
354  57
122924  46
48774  58
1394  61
3763  50
70286  57
1904  47
3969  55
81562  53
102590  53
233  55
4155  47
1031  56
76  51
459  34
1097  56
1178  69
60291  68
3328  64
1232  56
3036  57
5283  44
4327  53
610  56
2726  63
4732  31
5970  50
2396  57
594  56
1247  61
45499  49
3476  53
2399  36
137218  53
1997  59
3271  58
27801  62
6365  48
1799  55
580  33
122900  54
2803  47
80219  48
466  41
110882  62
3997  24
26176  53
2378  44
117895  21
26662  63
90603  67
119218  53
44  34
809  36
1960  56
4519  51
1959  56
414  37
1073  59
61236  44
1479  50
4019  58
1245  65
37857  61
161032  53
371  52
3020  55
88593  53
6774  61
2005  56
90405  46
26285  53
6793  25
627  54
1617  63
6734  19
108090  53
2427  46
51024  58
122922  57
3440  26
6874  61
4919  52
338  42
81591  54
1704  61
1499  24
357  52
62155  54
144  48
34148  56
53519  46
4504  53
2796  40
216  54
6827  15
1429  53
7445  52
1385  39
90471  50
8425  53
10  52
26542  49
7387  57
72998  52
89470  53
3629  64
1297  57
3424  63
1672  51
44761  65
196  37
70703  53
2383  31
180  53
4040  31
6333  56
4440  69
5291  56
88235  56
1639  55
4580  10
153236  53
86190  51
4477  29
103027  53
32291  54
34811  53
5171  39
122260  53
8784  57
5954  59
8798  56
707  40
880  38
314  59
61323  52
600|20
3269  49
1394  68
3785  50
2717  50
5569  65
4306  66
1206  70
56775  55
2015  60
7  51
2013  52
262  69
1210  70
1060  64
2431  57
2077  62
2423  61
4641  61
527  70
5076  51
601|20
141846  88
68157  96
1262  98
106782  96
60069  95
49272  97
5445  90
1193  98
1207  97
79132  95
904  100
166024  100
1917  77
7153  98
2324  98
170697  89
31658  96
5989  94
88810  98
2571  97
602|20
161  70
19  52
350  65
494  69
14  68
471  68
125  71
434  58
235  67
481  62
315  58
371  66
474  70
527  78
21  67
349  67
440  67
339  66
480  70
163  69
603|20
602  70
803  70
2008  70
2577  70
3459  70
4787  71
2912  76
1769  59
485  63
4420  70
920  73
1  77
2706  69
1844  80
3787  91
1222  81
190  62
2716  75
3983  83
101  78
604|20
220  70
292  67
151  72
329  67
410  63
426  71
435  48
316  66
22  68
235  70
181  47
332  61
273  59
637  61
285  70
173  54
588  74
23  62
553  75
1  77
605|20
35347  64
6787  73
1197  77
5667  64
42738  57
51662  67
7373  61
596  64
780  61
4571  67
2316  62
7454  50
150  69
60040  58
8977  44
3269  54
72982  64
1210  74
62376  45
60937  43
606|20
263  73
563  73
583  73
3808  73
4671  73
4840  73
5856  73
6111  73
6573  73
8685  73
32728  73
55805  73
3147  82
4392  74
2311  73
6308  54
50842  86
6591  90
8270  78
2025  84
607|20
891  78
1610  80
448  76
3147  85
1094  72
1307  81
592  73
204  59
1552  66
527  86
3476  76
296  87
2313  81
3440  49
423  67
1518  72
2118  82
2193  78
380  74
2028  85
608|20
52245  55
2997  71
3793  66
2763  65
174  50
2000  67
1214  69
919  69
2700  69
4161  59
5146  56
1639  65
541  73
473  44
2529  71
522  67
4343  54
1909  61
2431  60
1220  67
609|8
296  76
833  38
356  75
339  64
454  66
318  80
208  53
292  62
610|20
5953  74
58975  74
70206  74
78626  74
82765  74
97988  74
107447  74
107462  74
110591  74
110746  74
118082  74
139655  74
160341  74
86644  61
56801  54
61024  77
77561  72
4816  73
62434  75
3972  83
