1|20
260  90
1927  76
804  74
3  78
1009  71
2406  75
1587  73
3671  79
2617  70
3053  74
2571  92
1222  86
2137  73
1377  71
2395  77
2761  79
2641  69
2872  77
1258  84
2700  81
2|6
333  70
122882  70
71535  70
46970  69
58559  72
80489  70
3|8
5764  42
647  68
6835  42
5919  68
2851  68
2288  64
5048  70
4518  68
4|20
106  71
1291  71
3408  68
265  70
52  68
4347  69
2467  69
908  73
345  70
1304  72
1923  69
2959  74
368  68
1219  73
4765  70
1199  74
4166  68
1732  73
21  70
2858  74
5|9
515  70
1  72
364  72
608  73
290  70
261  70
34  70
318  76
21  70
6|20
349  71
318  78
775  70
141  70
348  70
104  72
327  68
410  69
165  73
87  69
366  70
17  71
1084  70
222  70
16  70
416  69
277  69
460  69
867  69
316  70
7|20
8528  70
3623  62
8636  71
8360  69
1517  69
466  63
8373  64
1220  71
7155  64
8808  66
6863  68
31878  70
1610  72
1219  73
4700  67
45668  67
8970  70
27741  69
6333  70
8865  66
8|10
356  75
47  73
231  67
318  77
454  70
292  69
32  73
141  69
380  69
252  69
9|10
5451  68
923  71
5890  69
2901  68
922  71
6044  65
1987  65
5378  68
3735  70
5447  68
10|20
597  68
33679  68
8533  68
8969  69
72720  68
88810  68
136020  68
6377  67
5943  70
109374  67
113394  66
61250  70
82167  68
140110  69
5377  67
77841  66
6942  68
1028  68
72330  66
66203  68
11|13
733  71
1584  72
1210  77
170  70
1438  67
648  71
1918  68
493  70
10  71
457  75
1693  70
150  74
1923  72
12|7
2717  70
2100  70
838  70
2072  70
1876  71
2581  71
6942  70
13|7
3717  69
3624  69
3798  69
2174  70
47  73
3893  69
305  69
14|10
344  67
477  69
110  71
540  68
597  69
153  67
592  69
4  68
539  69
105  69
15|20
91529  72
7438  71
111759  70
2329  74
1  73
1909  69
1240  71
115713  70
1200  72
293  73
2571  75
3949  71
120466  69
1198  74
2028  74
2011  70
158  66
160980  69
4306  72
4022  71
16|20
1230  71
78499  71
913  71
1136  73
1299  71
1617  72
1203  72
3429  70
2858  73
608  73
3683  70
4002  70
1199  72
912  73
2707  69
5782  70
1260  70
319  70
27773  71
2109  69
17|20
260  83
64839  73
296  83
5952  80
527  82
1193  79
3681  75
1240  76
2717  68
2858  79
1093  72
81932  72
5618  78
50  82
5971  75
2959  83
1201  77
541  78
82459  75
1  78
18|20
8117  75
65596  75
88094  75
145283  75
157110  75
166015  75
171023  75
103253  69
60684  75
44199  74
2  70
86628  70
59784  71
2918  78
109374  76
4226  85
53129  72
139385  76
47  81
1291  80
19|20
3692  52
3662  63
54  59
2733  61
1702  53
1240  69
1270  72
3712  63
1881  64
216  58
3  52
1834  68
2184  64
3017  64
2044  61
2354  57
2005  64
3146  47
3387  61
2694  57
20|20
1566  70
5419  65
4014  74
2140  72
586  66
661  71
3189  71
5014  72
1333  74
4161  68
3784  69
1030  65
5313  61
2804  79
2054  65
34  74
1097  79
6358  72
4519  68
1722  66
21|20
107013  65
117922  65
140301  65
57640  66
2985  67
2990  69
2717  68
5418  70
31433  67
112175  68
7153  70
30793  67
4446  68
52973  69
45186  67
2023  69
79185  67
1721  69
102125  69
5459  70
22|20
8961  62
2723  67
60950  66
64575  67
1193  64
70286  62
4993  62
2160  64
39183  66
7147  62
3996  62
3481  64
55765  64
48780  61
7361  63
51540  64
6711  63
2968  66
3949  63
48394  64
23|20
6234  73
3996  71
293  71
1206  72
1136  72
1960  70
7587  70
3424  71
3181  70
2467  70
1248  71
1617  72
6807  71
1952  71
6440  70
1258  72
1243  71
1080  71
8228  70
1711  69
24|20
1784  71
2617  68
111759  71
134853  71
58998  70
1265  72
1198  74
3147  73
1197  73
1220  71
2424  69
5418  71
72011  70
54286  71
27773  71
64957  70
356  75
44191  72
1682  72
68358  71
25|6
58559  77
60069  75
74458  74
79132  78
527  78
260  78
26|21
10  71
34  72
47  79
150  77
153  58
165  72
185  60
208  58
225  71
288  66
296  84
300  71
344  62
349  72
356  83
380  70
434  60
454  72
457  79
592  69
593  83
27|20
1196  76
2478  69
2640  70
3508  71
3555  69
1201  72
3519  69
969  71
2080  70
673  68
2886  69
2529  71
1387  73
1101  71
1947  70
1250  72
1276  72
3114  73
1083  69
3809  69
28|20
27450  60
60943  60
61011  60
63033  60
5617  65
59369  64
60046  60
507  65
3300  63
55094  65
59018  60
26695  60
2951  65
3006  65
2231  65
5418  64
26812  64
2058  63
353  66
61167  60
29|17
98961  72
7379  70
1250  76
1201  76
111362  73
48516  78
1100  67
26554  70
3441  71
4327  71
2872  72
2301  71
1617  77
3681  74
55820  75
4223  71
99114  75
30|7
5952  79
108932  71
1200  78
91529  77
116823  72
112852  76
1198  81
31|10
1198  73
1200  72
648  71
1363  69
1073  71
1036  72
1197  73
377  71
1246  72
1270  73
32|20
236  69
314  70
1356  72
357  71
224  71
627  70
1079  73
1084  72
318  79
761  68
1197  76
849  67
912  75
880  67
1198  76
58  72
203  69
608  75
497  72
410  68
33|20
110  79
17  74
2396  75
2272  70
448  70
428  71
265  71
1280  72
1177  71
1617  77
50  81
261  72
11  71
452  69
345  72
608  78
150  75
1188  71
800  72
2690  70
34|18
780  68
2273  67
3717  67
26606  69
45499  68
3996  69
4310  67
3624  68
31685  68
1721  68
5146  68
7090  70
70  69
2006  67
3000  69
4306  70
27728  69
3997  67
35|5
11  71
185  69
595  71
21  70
300  70
36|12
5171  66
3066  68
552  66
4025  65
1262  68
2735  66
2359  67
1372  66
1278  68
2194  67
3347  68
1704  67
37|5
344  68
356  75
661  69
329  70
457  73
38|16
434  65
39  67
223  70
161  68
246  70
168  65
273  67
480  69
356  73
457  71
364  71
50  73
500  67
300  69
551  69
21  68
39|20
2571  83
2391  71
1921  74
1862  67
1219  76
1907  73
2081  72
2459  70
924  76
2529  74
1729  71
47  78
260  81
2080  71
592  72
296  83
3213  73
610  71
589  79
596  71
40|20
440  71
454  71
588  74
339  70
158  67
432  66
431  72
186  67
616  71
514  70
21  71
592  71
1  75
223  73
585  67
216  70
104  70
371  70
111  75
267  69
41|20
96829  68
64839  68
122882  67
6287  67
1569  66
106920  68
86781  68
3160  69
1721  66
2028  66
6763  67
5418  66
53519  67
122904  67
55247  69
924  69
4011  67
2324  68
35836  67
5995  68
42|20
3869  72
4654  68
1021  62
2423  70
3248  63
4477  64
2500  67
1431  66
195  69
3326  70
2407  69
1090  79
2735  66
3693  68
1020  69
4545  71
4132  68
2263  67
3535  76
2805  66
43|20
225  75
296  71
596  74
588  76
587  76
420  76
158  77
631  72
5  76
597  77
168  78
355  77
47  74
367  75
519  75
594  72
236  73
1  76
60  76
259  72
44|10
36  70
663  69
12  67
661  69
94  70
1  72
104  68
112  68
494  68
889  66
45|20
2718  72
1036  86
2028  92
1653  82
1682  84
2396  84
3249  71
261  75
4308  74
329  72
1367  68
2890  75
593  95
1127  75
2431  71
6377  84
569  70
1197  89
1060  76
2858  84
46|9
590  73
588  73
315  70
208  68
1  74
432  69
225  70
434  69
339  71
47|20
508  67
68932  68
72395  68
2420  67
597  66
148626  67
5989  66
96588  67
69122  66
6155  68
4975  67
30749  65
106100  67
45950  67
2028  64
4018  67
1259  66
6373  66
33166  67
2407  67
48|7
4886  72
1320  69
1527  70
1193  72
3793  72
48  69
1653  71
49|5
2028  74
1214  72
139385  71
318  77
527  74
50|20
8143  56
114335  56
136564  56
142074  56
171759  56
175693  56
179073  56
175707  56
71264  64
82848  56
1377  63
44555  66
8157  64
6807  66
95543  65
8253  65
96610  64
924  67
32875  56
4896  63
51|20
7040  76
5620  65
2613  66
4437  76
2023  71
1500  77
522  73
858  97
4508  72
2951  81
1014  71
1407  71
2282  70
2420  74
3388  65
260  91
3186  69
3994  73
3501  69
2371  70
52|20
152081  77
51255  80
74458  80
1923  77
7438  76
40583  73
59784  76
55765  77
112852  79
86892  72
55363  74
112138  73
49272  80
52245  72
69481  78
50794  69
1704  84
54736  72
44665  76
47200  71
53|5
481  70
1100  70
249  70
1125  70
916  70
54|7
296  69
593  69
639  69
1  69
205  69
161  68
500  67
55|5
2407  68
673  66
3275  70
2890  69
4011  70
56|10
786  69
253  70
165  72
110  75
589  74
370  70
434  69
410  69
69  70
185  69
57|20
2140  71
942  73
920  70
3175  71
1784  74
3429  74
933  79
1193  87
3446  65
160  49
1499  44
2640  69
892  68
11  67
2947  75
6  78
2478  63
2291  74
1688  65
2301  71
58|20
588  77
282  70
185  68
419  69
367  69
277  68
48  70
280  71
337  73
345  72
3  72
357  73
527  80
587  71
218  70
500  73
508  73
368  72
364  78
353  72
59|20
1696  71
6460  73
3489  72
1188  72
1222  78
2076  75
3448  73
1263  76
1247  77
527  80
1244  75
904  78
903  76
965  73
2616  68
1953  74
608  79
105  70
912  79
3471  74
60|5
832  69
58559  72
805  69
455  68
858  72
61|8
266  70
1101  71
7438  73
173  65
555  73
2012  70
4878  75
3949  74
62|20
99114  82
176371  75
3793  80
56757  77
73017  79
30793  71
179819  73
68554  73
185135  73
168248  76
5903  80
4878  84
2028  90
5502  75
6058  70
344  69
1721  73
45499  75
41566  72
78105  70
63|20
5669  72
4246  71
48780  75
500  67
6016  76
31658  74
2858  78
64285  70
85414  70
1221  79
106696  69
4963  73
50  79
1097  72
260  79
110  75
1222  76
4979  73
5952  76
77561  69
64|20
5878  74
3101  70
2640  72
2959  88
8784  75
2054  66
4239  74
4025  63
5026  75
40819  75
266  71
2699  65
27266  73
3969  75
1805  68
6296  73
4776  75
3148  76
4262  78
356  84
65|7
1246  72
33660  71
7458  70
2329  74
4993  74
91542  70
3147  73
66|20
593  91
47  84
5418  79
922  79
2139  76
2956  71
3745  72
1956  75
4581  80
5349  77
1210  86
1094  72
2001  69
380  74
6539  80
671  73
1  82
6378  76
7766  73
296  92
67|8
99114  72
4306  72
27193  69
79132  74
60069  73
2012  70
4886  72
4993  74
68|20
47978  65
95218  65
6534  60
48696  67
67267  67
30825  61
1799  68
3556  66
8622  68
4351  66
63113  65
58295  65
7151  65
2413  67
6287  67
653  61
41566  69
5541  63
260  76
48043  67
69|10
4370  70
4848  72
3671  73
2476  71
1193  77
356  81
553  74
4022  73
260  80
3994  72
70|13
1193  77
1097  74
1914  71
1269  74
4995  76
318  82
8949  72
1968  74
1210  78
89492  72
1250  75
1235  73
2366  72
71|7
494  70
647  69
736  71
95  70
733  70
589  71
7  69
72|9
1047  69
150  74
858  79
2490  70
1357  71
260  78
50  78
1198  78
1196  78
73|20
1193  78
45720  73
105037  69
6333  74
59315  75
76293  69
138204  70
2706  71
152081  73
45221  68
68135  70
150  75
8376  68
93510  72
59784  72
116823  72
106072  70
1682  76
52245  69
35836  72
74|20
31522  85
2594  73
2908  76
30749  78
6870  76
3006  74
52281  76
49772  73
55118  75
2997  81
6305  74
608  84
4546  74
41863  72
27773  79
6001  75
1251  75
6552  73
46976  76
44555  78
75|14
5445  69
1240  70
5952  71
2193  69
6870  69
2529  70
168  67
541  71
3176  68
1962  69
2078  70
1889  69
1266  70
1374  69
76|20
48877  66
5956  67
2918  67
58803  68
1247  70
74458  68
7669  68
79132  67
8957  65
858  71
55820  69
1258  69
63436  67
1201  69
1208  71
48  64
288  68
34405  68
1  66
1196  67
77|6
3996  71
4973  73
7361  72
8636  72
3578  74
33794  72
78|13
296  75
165  69
3809  68
589  73
546  66
27904  69
260  75
590  71
480  71
68791  68
344  66
44974  69
380  69
79|13
3266  71
3029  70
589  78
1916  70
307  72
4005  70
260  80
1189  70
1345  71
2000  73
1374  74
2659  86
2076  73
80|20
7445  74
96691  72
84189  85
91630  73
49530  76
8950  77
6539  80
4223  75
5630  76
3527  76
76251  75
80363  70
52604  73
6502  78
34048  74
1221  80
60684  75
6952  72
5989  79
77561  74
81|26
10  71
32  80
47  79
110  80
150  77
153  58
161  73
165  72
208  58
231  62
288  66
296  84
316  67
318  89
329  67
344  62
356  83
364  80
367  64
377  70
380  70
457  79
480  74
588  75
589  79
592  69
82|20
6886  67
2381  67
2378  68
6566  68
368  69
6536  69
3253  69
4310  67
1608  68
1372  69
145  68
356  73
6708  69
1485  68
4369  68
6564  67
6888  66
5803  67
4015  67
364  71
83|20
56367  70
7143  70
7323  69
6539  70
161  69
586  66
2115  69
1270  72
6874  72
2324  72
1537  69
7153  73
68954  71
48774  71
30749  70
8014  70
1222  72
3753  68
1223  71
64983  68
84|20
55  74
987  74
912  80
1096  72
420  63
1227  74
113  70
580  69
5060  74
1293  72
900  71
1097  75
62  69
368  70
1305  70
1247  78
1296  73
11  71
1073  76
1094  70
85|7
1519  76
1624  69
1140  76
1694  69
1643  69
1747  69
1635  70
86|14
4993  75
4310  69
6947  71
2411  69
457  75
5418  73
3996  72
4901  70
1835  70
33794  73
1196  76
3555  70
1097  73
2687  71
87|5
4023  68
2009  69
3504  70
671  69
2139  70
88|12
7312  81
74795  70
4993  78
68157  77
5952  77
1193  77
223  74
8665  73
4262  74
56782  73
8677  69
58559  78
89|104
26645  69
32060  69
44851  69
53280  69
53578  69
67888  69
69211  69
81087  69
84246  69
103602  69
108078  69
109596  69
118894  69
121007  69
128089  69
128944  69
131098  69
131439  69
134847  69
140481  69
146684  69
148632  69
150554  69
164226  69
30793  68
169912  70
87869  68
1923  60
4015  73
950  69
173253  69
2324  51
27826  69
92259  57
11  63
3977  74
86298  70
8154  68
77688  69
2997  59
170837  69
49274  68
157775  69
1  52
142196  69
99117  70
62008  69
72624  69
108156  70
3752  67
2059  71
128520  70
3175  60
133879  69
48649  69
126088  69
5529  71
65588  69
99130  69
40962  70
1732  57
68659  65
91666  69
2683  64
3751  63
750  55
6650  69
149508  69
2395  62
51575  71
65230  64
171751  69
85881  67
139157  69
6863  69
4246  67
108949  69
1230  57
160567  70
73319  67
177185  69
130520  70
5220  70
121338  69
153386  69
50872  59
149566  69
145491  69
4890  71
129354  65
32243  69
84944  62
6402  69
1288  61
140133  69
119141  71
947  69
176621  69
4973  53
158398  69
69469  69
54503  60
141928  69
102481  65
90|11
1137  81
1144  81
581  70
81  70
892  70
1073  72
116  70
896  70
17  71
7  69
613  70
91|20
3013  68
6395  68
8147  68
7153  83
3360  69
2791  72
3897  77
1080  77
4850  66
3429  73
7000  66
2060  67
2916  70
1391  64
2100  63
318  87
2146  68
1225  78
1246  75
8501  68
92|5
2572  70
2114  70
1015  69
2454  69
1801  70
93|20
736  74
1917  74
552  72
1721  73
539  73
480  78
1372  73
368  73
2355  76
1923  74
2193  72
2006  74
339  74
1097  76
1591  71
260  78
2968  71
1676  72
593  79
558  71
94|12
231  66
377  68
367  67
364  71
288  68
19  65
10  68
586  66
590  70
380  68
589  70
318  74
95|20
18  73
4878  81
6979  71
4732  68
3019  74
5246  69
32  82
2952  71
1247  80
1198  85
5283  70
3361  75
1513  68
2009  71
539  72
122  67
1584  76
1240  79
4262  78
5349  76
96|16
527  80
1094  70
272  72
3819  70
150  75
2021  70
2571  82
1214  77
2058  70
1220  73
733  71
2340  68
1721  70
2396  75
367  68
1291  77
97|8
4701  70
4306  74
3578  75
4993  75
4963  73
4299  71
3981  69
4161  70
98|19
81845  74
8961  74
122912  72
5299  71
63992  67
187541  70
56152  71
134853  73
69644  70
6863  70
5618  76
56801  69
3499  72
134130  73
74789  70
82461  70
1258  75
88810  71
79132  78
99|11
318  78
161  72
420  68
592  71
196  68
122  69
145  70
150  74
316  70
236  70
588  74
100|20
497  73
296  76
1393  73
95  70
592  72
605  70
6059  72
28  71
2245  71
62  73
4308  72
1777  72
838  72
2125  71
1288  73
234  70
1197  76
2005  73
4014  73
4623  71
101|13
2580  71
3285  68
2723  69
2700  71
2908  71
2390  70
3175  70
2395  70
358  69
2702  68
3394  68
2997  73
2502  73
102|12
158  66
588  71
150  71
592  69
253  70
480  71
344  66
539  69
553  70
593  75
586  67
223  71
103|20
86014  78
1954  79
60040  72
1968  79
77206  78
2161  75
1732  83
81834  74
608  85
2384  68
4254  67
104  70
139642  72
56782  78
2096  72
101  75
6534  67
374  63
60069  80
30793  70
104|20
4740  70
743  67
5218  71
8643  69
1288  71
47997  70
468  69
76251  70
8533  71
4018  69
38038  70
1566  70
7361  73
6060  69
3034  70
1641  70
4641  70
108190  69
616  70
7034  69
105|20
4788  82
69685  82
95311  82
95313  82
110586  82
141816  82
141818  82
170597  82
172587  82
172793  82
173351  82
173535  82
6433  73
4974  73
70286  80
108981  82
95175  82
69122  79
1243  80
3916  76
106|7
69844  73
72998  72
59501  70
86880  71
5349  73
53125  71
59784  71
107|7
231  70
253  70
590  72
165  72
434  70
208  69
318  75
108|16
800  72
6022  70
4995  74
2585  70
5316  70
4975  70
3978  70
5349  72
2926  70
4246  71
4878  74
4994  71
1968  73
1684  70
497  72
5380  71
109|20
380  67
1033  68
231  65
364  71
589  71
480  69
62  67
31  66
587  67
1032  68
586  65
778  71
540  66
256  65
163  69
252  67
223  70
553  69
537  67
168  64
110|11
26171  69
2468  66
1198  75
1089  75
1222  74
1208  75
4881  71
47  74
527  77
1193  75
2428  66
111|20
100194  67
162602  67
171251  67
2145  66
96588  70
65088  69
66203  64
84772  66
2081  68
91529  69
6365  60
45666  65
3255  67
1282  72
6539  68
86833  69
122882  72
59143  68
86911  68
5283  64
112|13
788  66
161  72
1917  68
16  73
21  70
208  66
434  66
39  69
3717  68
19  66
110  79
32  76
70286  74
113|20
4083  72
39  68
3168  71
932  71
2331  68
3359  72
1086  73
3504  73
1339  70
904  77
3546  72
4063  67
4062  68
1077  71
1589  70
2475  69
3831  69
46  67
1733  70
4007  71
114|7
141718  67
54001  69
2291  69
167732  67
122886  69
8961  69
3147  69
115|20
1580  73
2804  75
1387  76
2792  68
3146  68
3273  66
3052  72
2841  71
2719  67
595  73
2700  74
383  68
2027  67
2148  68
2770  66
3785  67
2916  73
3175  73
588  76
1377  68
116|18
2716  69
858  69
1299  69
62383  69
1339  68
1276  69
597  70
1029  69
1101  69
2797  69
2657  69
1961  69
1407  68
5995  69
1704  70
165  70
2115  70
8360  69
117|20
708  68
587  68
589  73
151  69
36  71
1036  71
595  71
288  68
596  69
48  66
315  66
454  69
353  71
474  69
10  68
60  66
805  69
491  68
616  69
485  66
118|5
1221  72
1625  70
153  67
1961  71
1810  69
119|20
95441  72
117176  74
1092  72
91529  80
74458  79
4387  73
79132  85
168252  76
44022  74
78499  80
122904  77
106782  77
442  71
4993  82
31685  73
6365  76
141004  72
4148  73
88744  76
8644  75
120|5
260  72
32  71
5  68
631  69
52  69
121|12
497  70
440  69
161  69
527  73
292  68
344  67
186  66
316  68
1  71
19  66
163  69
337  70
122|20
27660  77
69784  74
7022  83
148652  73
4816  77
56174  78
94959  78
81591  80
71535  82
30810  76
2997  85
1732  88
108932  77
780  75
1090  85
3253  76
106782  85
72226  80
1200  92
1214  90
123|12
68554  70
115569  71
79132  75
109487  73
1196  76
4226  75
296  76
7153  75
143458  80
47  74
96829  70
2858  74
124|10
56145  71
2161  71
260  77
175  71
1358  71
6377  74
4226  76
3147  74
608  75
1223  73
125|20
5088  77
86721  77
110330  77
54503  75
72011  73
162578  72
119145  75
176371  73
55247  74
1240  76
86332  73
68157  79
112623  73
4082  70
160567  71
3342  71
109487  77
88140  73
98607  77
81562  73
126|8
364  71
349  69
231  68
380  69
410  68
300  69
253  69
457  71
127|5
2915  68
903  68
55276  68
5060  69
272  68
128|7
904  74
965  71
926  72
1066  70
1721  70
1080  73
1198  75
129|20
4370  70
480  75
3698  71
2692  73
2138  71
1968  74
8368  73
653  70
7143  73
316  71
6874  74
239  70
2916  73
733  72
4896  73
2028  78
3977  68
3000  74
1907  73
31658  73
130|6
208  68
316  69
292  69
110  70
590  70
296  71
131|14
2273  68
6947  69
58559  72
908  71
4878  71
89745  70
7256  69
68237  70
2722  67
2028  72
48516  72
3178  69
64614  70
969  70
132|20
6251  61
3275  68
4995  67
2987  64
7444  65
3262  66
4168  66
31658  67
44191  67
1089  68
3967  66
5502  64
50  69
58559  70
5992  67
2108  67
1844  66
2657  65
47  67
2470  62
133|7
454  68
356  69
589  68
150  68
153  68
380  67
527  69
134|7
442  68
595  70
349  70
380  70
367  68
509  69
296  73
135|20
592  71
4084  65
893  69
3994  70
2004  69
608  83
1358  75
3852  69
3489  70
1614  65
1198  84
4128  72
1883  68
2302  67
1291  80
410  66
1261  77
4022  73
4881  73
1077  72
136|20
161  70
193  67
585  68
338  68
277  68
380  69
181  67
337  70
437  68
165  69
611  68
151  69
340  69
252  69
432  67
552  68
350  69
280  69
273  68
150  71
137|20
6787  73
2716  75
1198  78
750  79
919  74
1270  76
318  83
150  75
2997  77
1200  77
6986  80
7153  78
1242  75
110  77
33493  70
1197  79
2959  81
1237  73
903  76
7762  71
138|5
2707  69
1960  69
1959  69
849  68
3996  70
139|20
4025  57
7445  61
60684  65
4865  63
68319  61
7090  61
5502  56
260  63
8371  61
53953  59
58025  61
106782  62
6957  61
7163  62
3827  61
3624  58
52722  62
54259  61
4367  58
115617  59
140|20
5699  70
5299  70
1393  73
356  82
609  69
32596  69
4795  69
34072  70
1617  74
5256  68
5943  67
1084  71
4337  70
3108  70
43396  69
4719  68
1005  67
4321  70
5812  69
4259  69
141|20
5418  71
54503  71
4963  72
2478  68
71535  71
317  68
68954  73
54286  70
6365  68
54272  70
4447  68
5502  69
6377  73
6373  68
1265  73
91529  72
2502  73
441  71
1517  70
48516  74
142|8
434  68
384  69
588  72
50  74
527  74
356  75
337  70
377  70
143|15
1721  69
61250  69
6942  69
7169  69
8533  68
106696  69
3421  68
87232  68
78316  69
69069  69
59421  69
2144  68
96821  68
7173  69
500  69
144|20
589  75
541  74
8368  73
597  71
590  73
410  68
1246  74
527  78
356  78
500  70
19  66
2700  72
434  67
733  70
780  69
1036  73
5377  72
552  68
586  67
2081  71
145|5
344  67
339  69
380  69
318  75
588  70
146|7
7293  69
3257  67
32  71
1367  67
3686  68
410  67
47610  69
147|5
1234  69
168  68
552  69
555  69
2395  69
148|10
88125  70
5618  70
108932  70
81847  70
72998  70
5816  70
8368  70
7153  71
81834  70
4993  71
149|12
1097  68
1374  68
1831  64
1527  69
260  71
173  65
1206  71
1200  70
2021  67
1580  67
1391  67
1375  67
150|6
3  69
1356  70
5  68
95  68
733  70
1073  71
151|12
786  70
562  69
780  71
837  69
747  69
1265  70
828  69
1073  70
1  71
648  71
1393  70
1359  69
152|13
50  77
2959  78
116897  71
89492  71
1193  76
69481  73
85774  71
115713  72
111  75
92259  73
1234  74
79132  76
318  80
153|20
134853  58
1732  61
8533  59
4014  57
81456  65
106782  60
8528  60
6863  64
87194  65
2617  60
1246  55
106100  62
1954  55
7458  59
4226  55
89904  65
72998  53
133780  44
586  58
36535  62
154|7
114662  71
119145  73
81834  73
122904  73
106072  70
76093  73
77561  71
155|10
153  69
3286  69
1200  70
260  71
141  69
2355  70
2384  69
2948  69
432  69
2959  71
156|20
26313  74
31038  74
1230  77
1711  65
3341  73
6296  72
762  57
2361  68
2076  77
4784  69
661  71
2926  71
8571  74
47  76
3176  70
58  72
848  67
866  75
1485  63
923  79
157|5
785  69
3617  68
2720  67
2770  68
527  72
158|6
1093  69
2605  69
2872  69
2723  69
2428  69
66320  70
159|20
2959  68
60069  69
45720  68
597  69
4022  69
89864  68
49286  69
140110  68
84954  68
4447  69
1197  69
68954  69
6942  69
1961  68
106696  68
480  70
539  69
166643  68
40819  68
63082  68
160|20
126  63
1371  60
1198  77
196  45
3408  60
5349  61
3213  69
2408  54
839  50
3593  39
2748  58
533  57
1975  58
1676  58
3745  64
2011  51
733  58
3826  37
778  76
2840  46
161|8
4980  69
7247  69
47610  70
1223  71
38038  70
3429  70
2144  70
2336  70
162|8
150  73
225  70
168  69
50  75
300  71
266  70
31  70
62  71
163|5
1608  68
1810  69
1747  68
1777  69
1837  68
164|8
1036  74
2916  72
110  76
589  75
3527  72
1101  72
1201  72
2167  70
165|13
2353  69
3624  68
110  73
5505  69
5527  69
3256  69
5956  70
5418  71
5530  69
5450  69
1127  70
3409  68
5881  69
166|20
33794  79
1721  71
4011  81
5378  70
3481  75
49530  75
2353  71
47644  69
54272  73
8961  78
1198  84
2542  78
1036  80
608  80
434  67
5219  69
5418  77
2396  79
349  73
2324  81
167|20
33493  69
4886  72
778  73
3052  71
7147  70
6857  69
45501  66
6480  69
1682  72
2231  70
784  65
33794  72
2083  70
2413  69
6333  71
8961  72
2139  69
150  70
6773  69
35836  69
168|19
3730  76
1248  76
1201  81
1089  83
296  88
923  79
1222  81
5291  74
3543  73
1302  76
3362  76
1148  80
3101  71
57669  78
2076  76
1729  72
908  78
85354  71
80463  77
169|20
3536  75
2028  85
364  84
953  79
4886  81
5400  73
8644  77
524  77
2795  75
1022  73
3114  82
3967  76
1517  79
1035  78
8641  74
6365  78
661  73
457  85
3287  72
1416  74
170|10
318  74
296  72
586  67
377  68
34  69
592  68
277  68
500  68
266  68
588  69
171|17
485  70
1220  76
1025  73
801  70
1259  78
1079  78
828  71
317  71
869  71
380  73
1136  81
1225  79
661  72
318  87
47  80
1198  82
1208  81
172|6
3087  69
3578  71
7438  70
2072  69
3793  70
2762  70
173|5
10  69
329  69
586  69
597  69
588  70
174|14
553  70
520  70
224  70
648  71
161  71
317  70
158  69
780  71
315  69
485  69
282  69
440  70
350  70
10  71
175|5
531  69
8911  71
43904  69
38388  69
8362  69
176|8
165  72
434  69
39  70
368  71
380  72
780  72
47  73
471  70
177|20
42002  65
91542  71
6332  66
3668  69
45672  63
783  63
27706  67
2657  64
114662  70
1206  78
83132  69
5218  72
508  72
3114  73
1321  65
2176  70
8798  70
88140  68
2012  67
339  65
178|16
7361  77
527  80
2329  79
5995  75
6502  75
4235  73
1198  79
208  66
6539  75
296  82
349  71
10  72
4226  79
1240  74
2579  70
318  83
179|14
367  69
589  75
161  72
231  69
288  69
743  67
1061  70
317  71
786  69
592  70
671  71
296  75
434  69
364  75
180|5
1261  70
260  73
1748  70
1242  70
2140  69
181|20
157  66
593  71
596  67
353  69
539  67
516  67
132  67
169  66
25  68
31  66
542  66
6  69
707  66
185  64
464  67
502  65
415  66
480  68
592  67
344  65
182|20
4879  70
6969  70
3911  76
2728  73
4313  70
8042  73
1291  76
3113  61
3578  72
1590  63
161  64
4452  64
224  73
4980  67
4262  77
2353  60
2890  73
1127  69
541  88
6041  71
183|12
480  74
380  72
1196  76
2951  72
2534  69
4085  70
1287  72
2194  71
3247  69
1233  71
2662  70
1408  71
184|20
158035  74
181413  74
193565  74
97304  73
74754  70
168250  70
191005  74
106072  69
166291  70
127152  70
86332  71
80463  74
5816  71
122898  69
81845  74
5810  70
170813  69
174479  74
112852  75
148626  72
185|10
1685  69
2396  71
5377  70
1721  68
5952  72
1393  69
595  70
2085  69
4995  72
899  71
186|20
2605  71
1214  79
1291  79
3745  72
1269  76
2527  72
2532  73
4361  74
1307  77
2968  74
4306  79
2541  73
1702  71
480  80
1097  79
3977  70
919  75
3527  75
593  84
1196  83
187|20
26122  76
3949  77
49272  70
231  62
1206  79
6874  79
1729  72
1209  74
48394  74
6502  73
2701  60
4027  74
288  72
2542  74
7153  75
39427  71
6890  72
1222  76
8949  73
1748  74
188|10
2346  70
1212  72
594  72
1282  72
3469  70
2396  74
1091  69
3341  71
1264  70
2206  71
189|5
48516  72
4993  73
79132  73
2959  74
58559  73
190|14
6711  73
4776  71
8784  71
4995  74
5630  70
4306  73
30749  72
1221  75
4975  69
8961  72
858  77
8464  71
69844  72
7438  73
191|17
496  74
21  71
72  68
175  71
494  68
417  71
17  73
6  74
85  71
292  68
314  69
58  72
235  72
213  70
161  70
160  62
162  72
192|5
356  73
288  68
316  70
349  70
432  70
193|7
44555  71
55442  70
4878  71
6016  71
307  70
1270  71
5618  72
194|5
163  69
1396  69
1500  69
1288  70
5060  70
195|20
3424  71
2770  66
1041  71
1653  74
1923  71
3160  71
4723  68
1863  67
2336  71
2166  69
4308  70
1909  70
260  79
2028  78
3252  71
2908  70
1392  69
1365  69
70  70
190  69
196|7
70286  71
3578  72
59315  71
58559  72
364  72
1214  71
110  73
197|7
1513  69
1240  72
1882  68
786  69
2167  70
153  68
1784  71
198|20
3894  70
3499  71
920  70
1213  77
3949  74
1994  69
1485  66
2572  69
4019  70
1089  76
110  77
593  80
4128  70
1270  76
4886  74
1079  74
2117  69
912  77
1573  68
1682  73
199|20
5464  69
2165  69
2280  67
736  57
5673  71
349  66
5502  66
482  70
8532  68
1172  73
300  69
50068  70
4881  71
3175  69
7445  66
2973  72
34338  68
41997  70
1956  71
377  64
200|20
3809  72
7022  76
50802  70
3968  68
2485  70
500  74
5610  69
590  79
1029  71
53996  72
2572  73
4993  82
4041  70
57640  72
1302  79
1784  77
6383  66
1653  78
1569  74
1517  76
201|20
1748  73
1527  74
1584  77
2858  78
339  73
589  83
2717  69
994  72
788  70
1196  85
2797  77
733  73
1259  77
2174  72
1198  83
2455  73
1569  73
1213  81
160  67
24  72
202|20
3329  76
924  80
29  77
2289  74
1197  85
1196  87
2966  73
161  74
608  83
1209  76
1296  74
3194  71
1784  76
469  71
923  79
2000  75
1587  70
1719  76
3147  81
32  82
203|9
56174  70
8665  72
2407  69
5952  74
590  72
49272  72
40815  71
333  71
296  74
204|17
1136  79
3949  76
33794  76
48394  74
27075  80
1080  76
79008  71
6104  72
8874  76
81591  73
4878  77
91658  73
711  69
2313  71
86320  70
55820  75
5218  72
205|6
912  72
99114  71
91542  70
5816  70
95167  70
96079  70
206|5
36  71
608  72
733  70
140  69
141  70
207|5
2991  69
2428  67
2707  68
3740  70
100  68
208|6
1210  72
2628  68
380  69
2353  69
2278  69
2762  71
209|7
60684  72
1291  76
68157  76
74458  74
185029  70
122886  72
88125  72
210|20
123553  83
34405  75
166203  83
3147  77
31696  73
7649  72
58559  79
2105  70
6365  75
34397  83
4625  71
84772  72
122926  73
76093  76
62836  83
33493  76
1584  76
47610  74
108932  72
122918  74
211|18
58559  78
63113  71
90405  70
57669  74
60684  72
7153  78
73017  73
2105  69
4367  67
356  80
2642  67
1556  63
318  82
44665  72
85414  71
1198  79
1136  77
260  79
212|20
170697  70
122920  70
122892  69
2571  73
5218  70
48394  71
3578  71
1196  72
135143  70
74795  70
179401  70
79132  73
77800  70
108932  71
110102  70
96821  70
8874  72
65261  70
59784  69
2291  70
213|17
3285  69
87520  69
80363  69
76251  71
8957  70
2860  69
1234  73
5419  70
51935  71
69844  72
39446  69
4132  69
858  75
69526  69
4558  69
49530  72
58559  75
214|5
83  56
628  68
743  67
1363  68
802  68
215|20
1172  73
4973  76
63082  74
1291  75
2028  77
3252  72
3210  71
1968  73
1247  74
49272  73
1089  76
72407  68
5650  71
318  80
1208  75
2000  72
1197  77
1196  77
1297  71
4019  71
216|20
104  68
21  71
3996  74
3946  69
2946  69
3993  69
3897  73
2599  72
34  72
3994  70
4034  73
3363  72
1965  70
3422  69
3555  69
3253  69
2087  71
3986  66
2018  70
1923  71
217|20
1867  55
3434  55
1275  62
2468  59
3197  61
1912  62
2302  58
1876  56
380  63
1221  72
2471  53
1918  60
1385  58
3165  65
1590  59
1562  53
1703  62
2056  55
1831  55
160  53
218|6
2657  69
2692  70
1380  68
1198  72
6934  67
5349  69
219|20
60072  61
2115  71
59315  76
6539  73
442  53
30707  76
1704  79
180  69
1219  78
1005  57
27773  77
56156  64
6188  68
6721  66
30825  59
2997  80
1552  55
1500  68
2890  70
1921  77
220|20
3996  79
733  74
1198  88
3994  74
6539  81
1258  82
1917  69
4545  72
33794  82
165  78
71264  71
4623  72
53464  64
5218  76
6365  74
3751  74
32  83
1036  83
5502  72
1591  66
221|20
4338  82
7013  74
8529  70
1080  82
3246  77
2871  77
1208  88
7063  75
2702  69
4029  75
5954  76
2352  75
922  80
2997  83
1278  81
2858  86
1212  79
1959  73
1961  80
3671  77
222|20
81831  63
100498  65
48516  73
1249  70
99813  68
91529  70
59900  65
93287  68
1721  64
2706  65
3273  62
2411  64
64622  68
7143  70
87869  67
778  71
30825  64
42011  63
673  62
64839  69
223|15
55854  65
6711  70
1  70
736  68
1961  69
457  70
2716  69
48394  69
608  70
8784  69
48516  70
3863  68
4306  70
260  71
2683  67
224|11
3496  82
3044  70
356  77
2915  71
289  70
3668  70
1270  75
2797  73
1721  71
2716  73
1259  73
225|15
2423  70
1285  70
588  72
1717  69
2791  71
1321  70
1136  72
1197  72
1753  70
2004  70
2371  70
1407  69
785  70
1060  70
3024  69
226|20
6938  69
32666  69
3552  75
542  63
1240  77
3098  71
2804  77
3668  69
3653  69
2231  73
145  66
2253  60
3052  73
2628  63
762  55
53129  71
4816  71
16  79
2144  72
46948  69
227|19
46976  73
52319  72
81845  75
109487  76
134130  74
215  72
48738  74
47099  74
1196  80
32587  75
912  77
55721  72
1682  76
750  78
778  76
40629  73
97913  73
70286  75
150  76
228|5
2571  73
1373  68
362  69
318  75
3113  69
229|13
34  70
589  74
377  71
45  69
587  70
5  69
475  71
442  69
597  71
364  74
213  69
110  75
527  75
230|20
34330  59
52715  59
47  64
7438  66
527  63
3147  65
45499  66
6537  67
2291  67
1387  64
6863  67
1485  66
595  65
4022  65
2096  67
588  63
4034  66
1676  67
8644  66
2641  68
231|5
92259  72
858  74
593  75
1198  74
109487  72
232|20
31867  65
41769  65
57526  65
70336  63
8644  68
1586  62
44972  56
4019  69
43928  54
30883  64
65802  64
8376  64
39292  70
1035  71
66198  66
66097  72
32011  61
6564  58
7451  69
33164  60
233|20
48394  70
3751  68
48516  71
1721  67
356  72
106100  69
162600  68
608  72
7153  72
134214  68
57669  70
122920  68
2329  71
4239  69
7371  69
3977  64
3147  71
3948  67
49272  69
5418  69
234|20
2616  67
2140  71
172  66
126  68
1562  62
4519  68
153  64
2710  65
3624  68
3483  67
1391  67
438  68
1460  69
2987  73
65  64
260  81
1359  66
3175  72
588  76
2080  71
235|13
480  73
736  68
500  70
454  70
592  70
235  70
595  72
32  74
527  77
648  70
223  72
588  73
377  70
236|30
1214  78
1278  80
1345  67
1350  77
1387  81
1388  56
1982  72
1997  77
1998  30
2447  63
2459  65
2490  69
2496  61
2502  83
2505  58
2542  82
2572  70
2580  79
2596  72
2598  57
2606  52
2657  66
2683  64
2694  65
2718  65
2770  57
2806  40
2858  80
3024  58
3052  72
237|10
32  70
4254  68
94959  69
293  69
1371  68
1193  70
7361  70
7980  69
43936  68
1374  69
238|9
4954  69
3528  69
4265  69
4901  69
4238  69
593  71
4499  70
4957  69
1193  71
239|20
58559  85
5459  68
4085  73
380  76
95  65
7445  74
608  80
7147  79
6378  76
2115  77
4896  75
36529  75
3994  75
33679  73
47  84
590  80
4022  76
208  65
733  74
51662  79
240|20
368  71
543  72
480  74
367  72
810  73
500  73
546  72
110  74
173  72
1  73
542  72
104  73
34  70
174  71
204  72
225  72
383  71
262  70
434  73
420  73
241|16
81786  79
71899  71
527  76
1206  74
1193  74
99114  73
100714  70
8981  70
53123  71
116897  71
56367  72
3910  71
106782  72
115569  71
4235  71
48780  73
242|7
39  69
380  69
231  68
457  72
592  69
454  70
111  72
243|8
112  69
353  69
62  72
588  71
193  70
586  71
181  72
376  70
244|19
3090  70
1049  69
110  78
257  69
165  72
151  71
1090  74
3755  68
2278  71
648  71
1580  72
1957  71
1610  74
1196  80
3256  70
1573  70
1242  73
3753  70
2243  71
245|5
3196  68
2739  68
3114  68
3274  68
1361  69
246|20
1304  81
616  73
1680  74
6016  82
3081  74
44191  80
60684  76
4973  84
1732  80
1298  75
53125  74
2291  75
2692  79
293  83
4011  83
5013  75
60069  82
48082  73
82202  70
95167  77
247|20
48516  76
593  78
2858  75
49272  73
1961  73
44191  73
527  78
116797  73
68358  73
122886  72
480  73
223  72
1265  74
2078  71
1198  77
1682  73
6377  74
1089  76
953  73
919  72
248|11
4886  71
1198  72
166528  70
176371  70
316  69
147374  69
102903  69
189333  69
122912  70
58559  72
5218  70
249|20
110350  74
102903  72
2167  73
94959  75
84601  72
2395  74
97306  73
3408  72
89047  74
91500  74
91542  74
40815  76
69844  78
904  84
46723  72
3826  60
68791  70
88812  71
67695  70
50  93
250|6
1282  70
2407  69
318  76
1597  69
1246  72
8880  70
251|5
142115  70
293  77
356  80
318  83
1089  78
252|8
164179  71
89745  72
6377  73
164909  70
1682  72
166643  70
143355  70
78499  73
253|10
44555  73
916  72
608  76
2300  72
7099  72
4217  70
26366  88
1192  71
4642  71
3363  72
254|20
46578  76
44195  74
207  69
49278  70
6333  74
780  69
110  81
1210  81
49272  76
27846  71
32587  75
2571  84
44929  70
47  79
293  79
1580  72
5995  76
32  79
592  72
48394  75
255|9
1270  66
4467  67
2023  68
3501  68
1663  66
1394  65
3392  68
2542  65
2915  68
256|20
3247  71
88744  73
377  75
4973  74
53972  71
118696  72
95441  71
104841  73
71535  73
2953  70
81229  71
53121  71
30707  73
2571  80
68791  71
170  72
6942  73
90405  71
6537  72
33493  75
257|5
1500  69
594  69
2502  70
494  69
2406  69
258|5
4995  74
7147  72
72641  71
76093  72
47099  72
259|6
508  69
5945  68
1784  68
4886  69
1356  69
1584  68
260|20
7361  75
3556  71
162  72
903  74
5690  72
6337  70
4878  74
5617  72
342  70
5219  68
2997  74
8011  70
1206  75
3317  71
6709  70
8874  74
2348  71
3822  70
2959  78
8645  71
261|11
3897  73
16  73
2060  69
296  78
2723  69
1682  73
4085  70
2194  72
7361  76
4238  69
58559  76
262|12
708  68
539  68
457  69
322  69
339  68
85  69
26  68
17  69
213  69
273  68
593  70
728  68
263|20
223  74
150  76
500  70
2987  74
2953  65
110  80
4226  80
8370  71
1197  81
7458  71
708  71
1111  70
2125  71
6942  72
5013  72
163  73
457  77
8636  74
1967  73
2085  71
264|12
7841  69
1376  69
151  69
5816  70
1907  70
1320  68
1917  68
150  71
3578  72
1090  70
253  70
1876  68
265|20
3807  66
316  67
253  69
1302  70
724  67
1240  72
3504  70
230  67
3831  68
1956  69
3098  69
529  70
1270  74
3791  67
1177  70
2322  67
1488  67
2474  69
1198  76
1962  70
266|20
476  71
2812  71
2700  76
2278  69
24  66
2770  64
2702  66
64  66
1405  64
2580  73
1527  75
2167  68
457  74
1580  68
2300  76
1923  72
2094  65
132  67
2571  83
2097  66
267|12
2858  75
593  80
1175  71
3006  71
1302  75
3999  68
3113  69
1093  72
589  79
2571  81
923  72
3996  73
268|20
1641  70
587  66
1125  69
1911  63
2802  67
1036  68
1370  66
50  73
2064  71
1784  68
1912  70
1966  69
454  66
1234  71
2247  68
1394  72
2829  68
802  66
260  72
2858  75
269|6
724  69
743  68
95  68
1  71
63  69
648  70
270|8
661  69
62  68
79  66
628  69
14  69
1356  70
141  68
25  69
271|9
3897  69
32  70
2791  69
969  69
6787  69
2858  70
55765  69
1320  68
2288  69
272|7
177765  69
1240  70
51662  70
122922  70
49272  70
158238  70
6365  69
273|11
440  71
593  76
500  71
608  74
223  72
111  73
150  73
21  70
466  68
235  71
520  70
274|20
50147  65
2947  76
3037  75
1645  69
4951  65
2036  62
1359  60
35957  66
553  72
76293  65
3918  65
1503  61
45431  65
4816  69
54999  67
5667  65
4876  59
56805  66
1921  76
54004  65
275|20
1784  77
2289  78
5884  82
1171  72
357  79
1912  77
2539  72
235  76
4886  79
2572  72
2355  77
3253  71
1192  74
926  80
111  88
2100  71
3089  79
1393  73
1719  79
1392  72
276|9
673  71
356  78
466  70
104  72
631  70
648  74
2  72
1367  70
344  69
277|6
637  69
736  69
656  69
1  71
780  69
260  71
278|5
2371  69
1347  69
4002  70
318  75
2369  68
279|20
134130  72
1101  70
166528  72
90405  69
61132  71
79132  76
56782  72
97913  71
1608  69
4226  76
59315  72
88129  72
54286  72
1258  74
8665  71
58559  76
4993  77
8376  69
107406  71
1200  76
280|20
92535  73
344  68
262  73
3146  69
4239  73
4447  71
8638  71
919  74
72641  73
86817  71
8368  74
49530  74
6863  71
35836  72
55052  71
54503  74
4246  72
48516  78
1911  70
3916  73
281|5
46578  70
8361  68
35836  69
3897  70
3861  68
282|20
5995  79
3977  65
3263  69
25  75
6708  74
2683  72
4718  70
6711  78
5481  70
6863  71
5669  74
3752  72
588  81
80463  78
1921  77
1193  82
4369  69
48322  72
1194  71
784  70
283|7
1580  69
39  68
1704  71
356  73
586  68
2082  68
805  69
284|18
474  71
173  67
2  71
296  75
15  69
348  70
248  69
318  78
47  74
353  71
275  69
44  68
339  71
367  69
276  69
165  73
637  69
235  70
285|8
1193  74
949  70
1247  73
6978  69
113207  79
4447  69
441  72
296  76
286|20
454  71
778  75
5989  74
1333  71
165  71
500  69
7438  74
2294  69
4993  78
4995  75
7361  77
70  70
4980  68
1258  76
4963  74
1097  73
4848  72
539  70
377  70
110  78
287|20
3160  72
3578  63
223  68
2633  67
1059  68
586  56
3005  60
532  62
1193  73
2599  69
2028  68
1485  56
3826  52
2081  63
8949  68
2012  63
101  71
4034  70
2422  55
2115  63
288|20
4473  63
4966  63
1008  63
2867  64
42015  65
141  64
2571  85
13  65
53519  65
2407  61
5418  71
3916  64
2347  64
2528  60
30810  69
575  53
32587  75
587  60
2517  58
8361  57
289|24
3  66
16  78
235  71
266  67
594  72
708  68
750  85
1080  78
1101  66
1208  85
1220  77
1258  82
1917  59
2012  68
2174  69
2710  56
2797  74
4322  72
6125  70
6327  70
6453  70
7025  50
7028  70
26704  80
290|20
1228  80
1299  79
2494  73
2739  74
608  86
2130  72
908  81
341  83
1447  72
342  71
1056  71
1719  78
953  81
928  76
1394  81
2648  75
475  79
2731  76
1357  75
2385  71
291|7
40815  72
122892  71
106489  69
134853  72
7153  75
88125  72
1  74
292|20
520  66
103339  66
122900  69
4896  72
2291  68
474  70
85056  67
46972  66
95167  69
164909  67
3176  66
3476  68
1608  67
31221  64
1101  70
3985  67
3984  68
1017  67
69844  72
231  67
293|5
1682  69
1673  70
344  67
1617  70
1097  69
294|20
416  58
3869  62
1064  56
2794  53
610  63
2133  63
1391  59
3868  62
1129  64
520  52
3387  62
355  39
2378  54
3693  56
785  58
2193  62
2367  58
2458  57
348  66
3501  60
295|9
1221  77
3198  71
1287  73
1213  77
4351  69
1198  77
858  80
318  81
2329  77
296|6
160848  80
2028  76
169034  80
4144  71
50  77
2324  75
297|15
832  64
543  66
1645  66
111  74
454  66
1089  75
6  71
1249  72
1047  65
1370  65
1488  65
150  68
170  66
1092  65
866  70
298|20
57640  69
95510  54
6811  60
8370  67
8807  59
63131  62
6881  57
3785  43
122900  61
103042  52
6294  49
2167  56
2005  63
6006  51
653  43
55995  54
3018  64
69757  56
103772  55
3825  34
299|5
3793  70
1387  71
188  69
1198  72
1214  71
300|32
318  89
356  83
527  84
593  83
1172  84
1704  82
2028  84
2324  82
2329  84
2571  83
2762  78
2858  80
2959  86
4848  77
4973  84
5995  82
6016  83
6711  81
7361  84
8950  80
48394  76
56174  69
63082  77
79132  82
81591  70
92259  86
99114  78
109487  79
112183  65
112290  75
112552  80
112556  76
301|20
21  69
357  69
2490  68
6711  73
589  72
8949  70
837  68
3948  67
364  72
527  77
5989  72
4963  71
608  76
292  67
3578  71
3897  72
4226  76
3753  66
1393  67
1792  66
302|7
480  73
14  70
3  70
25  71
648  70
707  68
110  75
303|11
5378  71
3703  71
1127  71
5544  69
1196  75
3471  70
1580  72
1394  71
2683  69
920  70
1358  70
304|20
314  71
2571  86
2433  68
10  75
1376  72
480  81
1373  70
1777  72
1270  82
1517  76
151  72
356  85
208  67
474  74
1214  78
1375  70
640  69
1722  71
185  69
2701  64
305|20
74624  78
140627  78
87869  73
919  79
1197  89
106100  77
138210  74
788  65
7482  75
80590  70
103075  70
903  83
6537  68
93840  79
54736  73
592  74
2288  82
58803  73
55276  75
1272  83
306|20
5784  68
68954  69
69644  68
6377  69
95543  68
81847  68
111743  68
85367  68
168418  68
167018  68
72998  68
122904  68
69406  68
85788  68
4963  68
115664  68
134368  68
112852  69
161634  68
133419  68
307|20
2190  54
4181  54
31424  54
49314  54
5010  65
7845  64
3392  54
1220  68
6793  36
6483  56
2332  58
56003  63
1991  49
3273  45
4876  51
3421  67
1409  41
413  54
4447  42
52867  54
308|20
2959  54
45517  65
96821  63
72998  61
318  55
2  61
904  60
589  53
8961  59
56152  65
56367  62
5618  58
36  66
410  65
79132  54
4993  56
8464  60
1221  57
2248  61
6  60
309|20
2202  71
1645  70
898  73
1682  73
296  78
1089  75
1269  73
7153  76
6947  71
8340  70
1104  73
7218  77
25886  70
1219  74
8154  71
971  71
1944  71
6365  69
1262  73
2762  74
310|13
6863  69
6947  70
1101  69
6503  66
2524  69
2457  69
5899  70
733  69
246  72
3254  68
1223  72
1080  73
2671  70
311|6
6561  45
5992  68
1517  66
6461  68
1407  67
2706  66
312|20
5816  70
1375  68
3499  74
589  81
2454  69
1358  75
4878  80
4103  73
3793  72
2028  83
1371  67
4121  69
2366  74
2747  69
4105  71
5446  71
2699  64
2529  75
1350  73
1356  73
313|20
4980  67
170  69
3917  68
2455  69
5544  69
541  76
2193  69
2000  70
6  73
1968  72
1089  77
1301  69
1240  72
3175  69
4865  71
2005  70
2167  68
1375  67
2087  69
2530  66
314|20
7  66
1042  66
44  64
165  66
457  70
293  70
597  66
329  66
442  64
26  68
830  66
728  68
618  61
107  66
536  68
10  66
1376  67
153  63
208  64
150  69
315|7
1262  69
2729  69
2529  69
2067  69
2553  69
909  69
902  69
316|11
1748  70
253  69
3968  68
158  65
5445  68
3751  68
7438  70
6874  70
48  66
3882  66
2572  68
317|20
133115  75
73321  69
91529  75
74545  70
7445  70
1213  79
48774  75
4262  75
1884  74
5989  75
3578  77
4011  77
68358  74
1208  78
72011  71
3897  74
3499  73
96829  71
116797  74
56782  74
318|20
26713  75
81191  75
90245  75
111817  75
127180  75
145080  75
150696  75
7445  72
1090  76
116799  73
82459  74
48385  74
2294  71
64839  74
88125  73
109487  75
4021  74
33794  75
54286  72
89753  73
319|7
115617  73
6377  76
356  80
136864  68
1221  77
122904  73
110  79
320|5
72998  69
71535  69
31184  69
59315  69
1013  69
321|12
587  70
356  72
160  70
592  69
597  70
780  71
339  70
355  69
410  69
3  70
500  70
457  71
322|20
2882  69
1968  70
2542  70
58559  71
2788  70
2146  69
2617  68
2918  70
778  70
2599  69
4027  70
4993  71
1230  70
51540  69
1  70
1617  70
1923  69
4010  68
11  69
1035  70
323|20
377  67
480  67
356  71
1094  68
161  67
115569  69
1198  71
29  69
551  69
22  67
318  74
112183  68
253  68
111659  66
3257  66
260  71
150  69
329  67
342  67
266  67
324|5
2764  69
3972  69
3864  68
3949  70
3897  70
325|20
2848  71
235  72
2986  63
262  71
1573  67
2596  69
1584  67
1217  75
1676  67
4714  68
3770  65
3261  69
2894  71
2155  69
1279  73
1614  65
3994  68
2268  71
2915  69
5008  72
326|20
8665  74
47610  73
20  70
2858  79
86882  73
5418  75
4973  80
133771  72
48774  76
2324  78
1293  72
2692  76
72605  71
70159  69
54286  74
5446  71
6591  72
4226  80
105844  71
31410  73
327|10
3301  71
150  74
858  74
1923  72
51255  72
48516  73
1304  72
765  70
6888  69
2706  72
328|20
2687  66
112852  68
70286  66
1196  68
457  66
364  67
80463  68
3489  65
318  72
595  67
5349  64
2542  68
1219  68
35836  66
3751  67
79091  65
7153  69
596  69
2398  69
1148  69
329|5
130482  52
136850  52
858  62
1884  66
750  64
330|20
5378  63
316  66
1639  72
2918  75
919  74
3949  78
3535  74
5349  71
380  67
1676  67
2502  78
3703  73
1682  74
2683  67
1206  79
1721  67
2791  73
2081  70
8874  78
592  70
331|20
8874  77
6157  63
88125  72
6539  74
3897  75
4446  68
7361  80
50872  74
4995  77
4306  75
6874  79
5502  68
3911  72
608  79
4447  65
593  83
3751  71
8665  72
4367  63
2959  84
332|20
47  76
1653  75
1258  76
316  67
8983  70
431  72
97757  72
2291  72
1835  69
356  79
5502  69
4308  70
1203  77
1682  73
1249  74
76251  71
2905  71
318  83
2294  68
32  77
333|5
3785  67
3752  68
3616  68
3615  68
3646  66
334|20
55820  70
1196  71
1580  69
1291  70
3996  70
589  70
30810  69
4027  70
1  71
64957  69
1625  69
50601  68
44195  70
27416  69
6867  69
2997  70
293  70
480  69
5378  67
51935  69
335|6
780  69
592  70
356  77
296  78
2699  66
2001  68
336|12
1267  73
1  77
38798  70
33660  72
1784  74
2001  70
2268  74
293  78
1625  74
4886  76
50  80
150  76
337|16
318  75
47  73
16  70
805  71
1393  73
266  72
667  71
168  74
784  72
65  71
110  76
708  72
25  71
1356  73
277  71
786  73
338|8
189111  64
190207  64
190215  64
190219  64
7153  73
593  74
187541  68
185029  69
339|20
72641  75
5445  78
84152  75
96079  76
106072  72
69122  76
5617  76
41285  74
56869  81
48322  73
65216  73
91630  72
86504  73
91529  79
83613  71
4993  84
3470  73
102407  73
2028  85
5952  83
340|28
10  71
110  80
150  77
153  58
161  73
165  72
185  60
208  58
253  71
288  66
292  68
296  84
316  67
318  89
329  67
344  62
349  72
356  83
454  72
457  79
480  74
589  79
590  76
592  69
595  75
648  70
780  69
1356  78
341|11
2335  69
3624  69
130087  69
1370  70
135137  69
117529  69
5459  69
45672  69
1  71
47099  70
4025  69
342|14
2683  67
2598  67
2881  67
2369  66
1268  68
2605  66
2599  68
1198  72
3157  67
3826  65
2428  66
2827  66
3863  67
1959  68
343|12
858  79
3000  74
48394  73
4226  77
4878  75
3993  70
2571  79
1617  75
31658  73
55363  71
55820  73
296  79
344|14
111362  71
380  72
316  70
2628  70
4226  73
2571  76
4014  71
2012  70
4034  71
260  75
2541  70
4973  73
5418  72
2712  69
345|13
1019  70
2539  69
926  71
5902  71
8810  69
344  68
5707  70
2366  70
56949  70
3649  69
6658  70
3489  70
412  70
346|20
3174  69
778  73
608  75
6711  73
6286  70
306  72
7323  70
307  72
3535  71
1212  72
357  70
3949  73
714  70
7937  70
7396  71
5878  71
1120  70
1131  71
3627  70
7115  70
347|9
434  68
590  71
39  69
150  71
454  70
380  70
587  70
317  69
457  72
348|11
318  87
2324  80
4368  67
1213  81
6016  79
2959  84
6893  72
4973  81
1221  81
1960  72
2019  78
349|8
10  70
161  71
589  73
381  70
349  70
231  69
588  72
509  69
350|8
852  69
7  68
637  68
648  69
733  69
12  68
858  72
661  69
351|20
88932  73
87222  70
73344  70
52579  69
2231  71
88744  71
43836  68
79132  77
597  71
58559  76
12  67
8914  71
8950  72
63082  74
6214  70
90376  70
84152  71
480  73
4878  74
1193  75
352|20
72998  74
71745  68
1801  71
34319  70
2600  73
65682  71
1080  78
79695  68
110730  69
38038  75
130490  70
97752  72
1214  80
94864  71
41566  69
56587  71
44191  78
114935  73
59315  77
47610  74
353|18
552  67
25  71
267  67
216  69
367  67
288  69
144  69
186  65
333  71
266  70
112  68
198  69
234  67
145  68
293  76
158  65
163  71
296  79
354|20
1610  74
4306  75
2692  74
3147  76
47  76
903  74
733  71
3977  66
1225  75
35836  71
648  71
44191  74
8665  73
1917  68
7147  73
1923  73
589  77
2959  79
4718  69
1196  79
355|6
316  69
1580  70
3035  70
3175  70
317  69
916  70
356|20
2248  77
52435  74
52975  72
7122  80
44889  80
1641  75
2706  73
4011  81
802  70
7323  74
2502  81
56367  77
1223  78
55118  74
3949  79
3996  79
1246  79
1466  75
223  78
7153  83
357|20
4354  79
8998  79
27329  79
2804  79
595  76
529  76
4663  69
4091  71
1224  76
1242  78
34  75
208  64
58559  84
6296  73
30793  70
1042  70
2100  71
551  75
471  73
2067  76
358|9
26095  65
605  68
5066  69
52328  69
2226  65
42728  69
7361  71
69844  70
36525  68
359|15
405  68
1092  68
1101  68
51412  68
648  68
296  73
1097  70
2396  70
2424  68
593  73
2701  65
2942  68
1682  70
2530  67
4995  71
360|5
1422  69
1620  68
1488  68
1711  69
1414  69
361|20
47099  67
1580  67
377  68
1552  69
49272  66
1263  66
53125  68
589  65
49822  68
8360  67
318  66
2529  67
5218  67
6188  68
2422  70
3082  69
1732  65
1370  68
46972  69
7458  68
362|20
1945  76
592  72
6539  76
51540  74
5989  77
637  70
70  72
7153  81
1252  77
44665  74
407  71
6874  78
2959  83
1196  82
1208  80
8961  76
48516  80
7438  76
356  82
1201  78
363|6
1552  68
1732  68
1517  68
296  70
653  68
318  71
364|5
858  70
9  70
783  70
376  70
1  71
365|20
59315  61
81229  66
128975  65
6874  61
90345  65
158872  64
129354  63
103075  66
135536  65
70286  59
112852  62
76077  66
112818  65
1777  64
6502  60
155820  66
541  60
95720  66
93270  64
135569  65
366|7
116797  72
59315  72
33794  73
91529  73
2028  75
122882  72
7438  72
367|20
926  73
3061  71
1270  81
1287  75
486  70
3536  72
3824  69
2384  69
3072  74
898  73
3618  70
3225  68
2248  76
3157  69
3969  73
3717  71
1259  77
4023  71
1196  84
1258  78
368|20
3753  58
2112  61
1944  68
2986  56
3869  64
1214  74
2947  69
415  57
3035  68
832  58
50  80
2819  68
1801  63
2490  64
1917  51
1391  61
2193  65
225  58
161  62
2881  60
369|20
1256  69
785  69
47  71
2706  68
839  68
377  69
52973  69
743  67
4214  68
5418  70
3863  68
1372  68
27904  69
60069  71
2857  69
1967  70
150  70
2011  69
1580  69
3174  69
370|19
4011  71
4878  71
8961  70
6377  71
2628  67
1748  70
2116  69
589  71
2329  72
7438  71
3977  67
1676  69
593  73
4973  72
4226  72
1240  70
1089  71
8636  70
2716  70
371|9
2571  77
112512  90
1258  74
4090  70
56715  70
3000  73
4226  75
4993  75
1748  72
372|20
335  67
924  74
318  84
1603  64
1479  67
589  78
81  67
387  66
616  69
337  71
1220  72
1201  75
165  71
1243  72
1258  76
377  70
1401  67
450  67
1206  75
1306  67
373|20
216  67
60  63
169  65
350  65
585  62
44  60
371  67
163  70
616  69
198  68
265  70
25  71
6  73
733  68
47  75
2  66
736  60
305  66
357  69
141  68
374|7
296  73
208  68
1219  70
480  71
592  69
1258  71
1339  69
375|7
344  67
1027  68
32  74
2628  68
3256  70
4226  75
500  69
376|20
91535  71
2002  69
1214  76
1101  75
2916  74
33794  77
1198  81
349  73
1371  69
376  70
1240  76
1375  70
4993  79
858  81
457  79
4226  79
5952  79
344  68
2763  74
2797  76
377|20
4942  78
2793  68
1262  74
2791  74
748  69
1345  71
5027  70
5113  70
27692  78
3421  73
6021  78
3364  71
2072  69
8641  72
2163  69
92760  78
2858  77
1503  70
2124  70
2015  71
378|10
33794  73
7153  76
48516  75
3114  73
858  77
68954  74
91529  73
71535  72
90600  70
364  75
379|8
318  74
377  70
19  68
292  70
480  71
367  69
597  70
344  68
380|20
60818  74
172875  74
172881  74
172887  74
355  56
6979  68
5476  63
2735  66
68194  71
63433  71
72356  72
105731  70
1833  67
551  73
6731  72
27831  76
1665  69
393  64
140956  72
2791  82
381|20
2085  71
1088  70
3253  70
185  63
317  67
27808  69
1240  74
19  62
3753  69
4321  68
72011  73
3082  67
333  71
2140  71
1385  65
2273  67
1208  79
457  77
104  68
2716  75
382|20
1204  81
142372  67
135532  68
1201  82
112171  68
1198  90
912  84
81847  74
4638  63
63540  66
1681  64
170289  70
103042  68
72737  72
2496  66
357  74
81537  67
59501  68
101362  66
4890  66
383|7
2436  69
2541  69
2496  69
1584  71
2558  69
1246  71
903  71
384|14
3527  69
1388  66
2683  67
2502  73
4333  68
3098  69
4396  67
457  72
358  68
968  69
2724  65
296  76
3991  67
1204  72
385|20
736  63
1080  74
249  70
1219  75
1036  73
1136  77
282  67
1073  74
1200  75
1228  73
1022  70
1007  66
1201  75
1246  73
344  64
589  76
1023  69
1287  73
594  70
1303  70
386|14
110  66
410  65
112  68
165  65
223  68
648  65
185  64
608  71
485  65
305  66
44  65
585  66
349  67
10  65
387|20
4393  65
5156  65
5780  65
7336  65
26124  65
40966  65
2712  69
5062  67
1247  82
5489  65
4195  67
7132  73
2946  65
1387  73
3000  78
51939  64
4995  72
912  83
7938  65
1783  60
388|6
6158  70
63239  70
33615  69
86298  69
62999  69
8360  70
389|7
17  71
140  70
628  70
762  70
743  69
95  70
32  72
390|17
6344  75
64957  70
4239  71
5220  69
1193  74
2571  75
9010  70
2291  71
5296  68
4226  75
7254  71
6377  73
63062  70
1206  74
2329  74
4014  70
1784  71
391|20
5575  75
500  64
3994  66
1213  84
516  65
199  74
4027  78
150  73
1408  74
4014  71
1527  76
1059  75
2916  72
4973  88
357  74
555  78
5026  74
4936  68
1210  79
3067  69
392|5
3004  68
2858  71
707  68
1198  72
1125  69
393|20
91658  71
102125  72
48394  73
36517  70
8636  73
110102  72
44199  72
5388  69
54259  72
4848  71
5669  71
1291  77
68848  70
86190  70
2571  81
1206  74
122892  72
106642  71
1625  72
106489  69
394|5
588  69
316  68
344  67
225  68
457  70
395|13
329  68
1025  68
296  69
160  67
208  67
173  67
485  67
355  66
520  67
595  68
126  68
48  67
367  67
396|6
1276  71
1597  68
1777  69
44  66
204  67
2081  70
397|5
4017  69
8645  70
1701  70
8228  70
6993  70
398|10
6408  84
1197  76
5971  72
7022  72
1198  76
60069  74
2455  71
1136  75
48516  75
82459  72
399|8
1198  75
110  76
5445  71
1196  76
593  76
480  73
1270  74
2194  71
400|9
608  77
356  82
2571  84
2959  82
7153  80
1221  79
3578  78
858  82
59615  68
401|15
5952  70
6297  69
55768  69
48982  69
166461  69
49274  69
50872  70
32031  69
79091  69
170939  71
38038  69
8360  69
3114  70
33615  69
1136  70
402|10
1084  70
597  71
52  70
329  70
296  72
586  70
315  70
1036  73
434  69
527  73
403|7
110  73
2427  69
3210  70
296  74
61465  69
1663  70
180  70
404|12
204  68
349  69
474  69
34  69
364  71
508  69
105  69
593  72
509  69
277  68
315  68
185  68
405|20
70708  80
293  76
7254  73
37731  71
2959  79
345  72
1213  77
7134  80
64614  74
6023  71
1241  71
2329  77
1247  75
3052  72
68237  74
1199  75
27592  71
27664  70
3418  72
1215  75
406|5
1586  68
135  68
56949  68
46972  69
724  68
407|5
7153  74
2959  74
6539  72
1240  72
54286  71
408|20
1198  80
122904  75
44840  71
165101  71
6618  72
1291  78
1210  82
89745  76
1278  75
7324  71
44  69
8641  73
115210  72
103596  72
68554  72
2571  84
109487  78
63131  73
80489  73
4649  71
409|20
2485  65
2490  69
2028  80
3812  70
1278  76
2997  78
296  85
1078  70
3016  70
1073  77
2683  70
2289  73
3846  69
912  80
2013  68
1911  65
2352  72
1230  77
2541  68
3174  70
410|20
389  81
3224  73
318  81
2302  71
4002  73
1060  73
4297  71
3263  69
1859  71
111  77
58  73
2145  71
3255  72
2321  72
3504  74
3948  70
11  71
4019  72
3  71
597  70
411|20
508  70
261  70
586  67
432  65
353  70
431  70
194  69
318  78
272  70
515  69
356  76
266  69
257  68
349  69
10  70
31  68
344  66
227  66
455  66
122  66
412|20
2828  70
2384  68
2915  70
903  75
608  78
2720  64
2858  77
1883  69
1307  74
1214  75
1784  72
2239  72
1  75
930  73
1136  77
2710  68
915  73
2398  71
17  73
1079  75
413|12
2706  74
1198  79
3753  73
2424  73
593  81
128360  72
4993  78
16  74
5574  71
3948  72
64957  72
2959  79
414|20
4458  68
4666  68
5285  68
5635  68
6033  68
6493  68
6563  68
6628  68
6797  68
48319  68
58879  68
169992  68
3802  59
3599  69
1600  68
8666  48
4975  68
7444  64
4081  63
177593  73
415|19
296  83
1213  79
4321  70
3507  73
4308  72
47  78
1021  65
111  78
2617  67
1276  76
3861  69
4369  68
99114  76
1221  80
63082  77
1234  77
45722  71
1197  80
175  72
416|11
5952  66
5951  69
531  68
1296  68
1199  69
1721  67
830  69
1206  68
7323  67
4848  69
3677  68
417|14
778  78
4995  78
4975  71
7254  74
1198  81
106782  76
27773  75
168250  71
1625  75
7153  81
74458  77
110102  74
48394  75
4878  78
418|19
356  80
296  83
63082  75
104374  71
1276  76
1136  79
117176  70
1573  69
137337  69
1682  74
5816  70
88125  72
74458  75
367  66
89745  74
45672  67
87869  70
7361  79
54001  72
419|20
4093  76
111  75
46976  72
27822  70
2858  76
319  71
6287  70
3578  77
1213  77
64969  72
47  76
79592  71
34319  71
89580  76
60756  69
27704  76
90943  76
2412  67
1240  74
52245  70
420|20
1161  70
4993  77
45499  71
923  74
26693  77
48385  72
1927  72
5608  71
2052  69
6934  68
7022  73
3979  67
59295  77
2329  77
54259  72
1131  71
2762  76
4973  77
5669  72
527  78
421|8
2858  75
909  72
5008  71
953  73
1178  72
2313  70
2478  69
1203  74
422|19
2539  67
2710  65
4947  69
4971  68
5039  69
4925  67
2581  66
4916  68
1265  74
2804  72
3053  70
2665  67
1283  72
4835  68
2908  70
3943  67
1213  75
2670  69
858  79
423|5
1653  71
110  74
2194  71
5349  71
1320  68
424|20
1193  73
141  70
2804  72
40278  70
608  73
108729  70
293  72
69122  71
1092  69
54503  71
58559  73
3186  69
66097  71
778  72
5679  70
3176  70
2288  71
2174  70
71668  70
112556  71
425|20
45517  69
377  68
2329  74
733  70
6  72
1645  70
8368  71
2081  69
4306  72
1680  69
1909  69
367  67
46723  69
1625  71
1036  72
4901  69
750  74
2353  68
1342  68
145  68
426|18
59784  69
150  71
471  69
337  70
54001  71
1197  71
6378  70
72641  70
4886  71
8644  69
37729  69
597  71
5444  70
91325  69
588  71
3247  69
4022  70
79091  70
427|17
4887  66
5463  66
5015  68
110  73
58  70
5528  68
6348  67
5312  67
2710  66
5696  67
4993  74
5266  67
2683  68
5400  67
5816  68
1208  74
5574  68
428|20
2471  49
2762  65
3827  59
1089  72
2953  54
2916  62
1380  55
1997  67
3440  54
4022  63
317  50
4255  57
1208  77
1391  63
6377  67
2581  56
260  71
3285  60
588  61
653  57
429|12
339  71
421  70
150  73
225  71
165  72
266  70
329  71
252  71
279  70
317  72
237  71
204  70
430|12
923  72
2987  71
3745  69
6287  69
2858  74
6365  69
2571  76
4447  69
4014  71
329  69
2076  71
4446  69
431|5
172  66
1625  69
1376  68
3948  68
802  68
432|20
1831  68
5630  71
6870  71
8640  69
6539  74
3916  72
5989  74
84189  73
110  76
35836  71
4886  74
2762  75
1206  73
49272  73
19  67
318  79
58559  76
69481  73
7158  70
33660  71
433|5
91529  70
1089  71
50  72
5299  68
110  71
434|20
1136  86
3147  81
1090  80
1265  82
5989  78
1101  67
1779  63
586  62
344  64
3863  67
1208  86
3160  76
589  82
780  63
6796  72
2791  75
4226  88
2194  77
8665  73
1291  81
435|9
2353  70
44191  74
485  69
3510  71
34405  72
2302  70
158  67
82459  73
48780  75
436|20
204  65
435  62
440  68
432  63
161  68
480  69
377  67
531  67
536  68
502  65
364  72
235  69
371  68
344  65
2  67
585  65
450  67
587  67
437  66
227  65
437|20
748  68
318  85
5  66
640  67
1299  74
1120  71
1396  70
1246  76
454  71
1171  70
1225  77
1183  72
1097  75
1307  75
1268  70
592  71
198  70
155  67
112  69
246  75
438|20
7154  64
2501  70
8966  65
27801  72
1527  75
6711  78
3898  65
1784  74
8644  68
6367  65
2424  66
3889  63
223  75
1517  74
7361  81
2641  65
5009  68
2617  66
3753  70
2393  67
439|5
356  76
4022  71
7153  74
78499  72
1240  72
440|7
8690  77
541  72
29  71
1653  71
1274  70
3174  70
1235  71
441|9
589  77
2683  71
2959  77
4306  75
260  77
296  77
51255  74
47  76
68358  74
442|5
2908  67
2881  67
1186  67
3752  67
4361  67
443|8
2329  75
79132  75
296  76
48394  72
106487  70
108190  69
7153  75
63082  73
444|9
356  76
592  70
208  66
21  70
111  73
110  74
235  70
296  76
344  67
445|16
2028  77
590  74
34405  72
47  76
116897  71
780  69
4011  75
899  73
593  79
33794  74
1080  74
45722  70
17  72
1230  73
306  72
2710  67
446|17
237  67
339  67
300  69
296  74
480  68
368  68
288  68
172  65
17  69
16  71
357  68
150  69
434  65
153  64
648  67
593  72
337  69
447|16
257  70
293  73
337  71
531  70
382  70
589  74
552  70
253  71
362  71
532  70
292  71
31  70
474  71
540  69
442  70
160  69
448|373
2368  57
3284  57
3933  57
6302  57
6476  57
7245  57
48262  57
49688  57
75803  57
75816  57
78116  57
79590  57
86593  57
92198  57
98908  57
100326  57
102819  57
104760  57
108715  57
109191  57
111680  57
113416  57
116207  57
116985  57
129657  57
130083  57
133377  57
136654  57
138546  57
142424  57
151777  57
152658  57
157130  57
158022  57
161290  57
164375  57
53996  52
136778  57
5418  67
288  65
88356  50
2580  70
155358  57
2889  67
4034  74
148888  61
81156  65
2713  51
103335  53
95441  58
34048  45
80126  61
3057  57
1057  63
2794  52
33830  62
8665  64
6059  57
110553  46
90374  65
151501  57
3764  56
6143  65
103819  63
4361  68
104913  66
3986  49
5528  58
1196  93
105351  63
83349  52
3276  57
1090  82
5349  65
587  63
106330  64
4677  58
95508  57
109895  53
110611  57
671  60
2289  69
152077  67
80693  55
111360  49
170  58
87444  64
94323  64
8493  64
3671  79
91653  62
4981  57
2991  68
78034  57
119145  76
5099  61
4299  52
2567  56
6996  49
109864  63
6582  60
73017  70
370  50
543  62
115617  68
590  77
154065  57
5553  60
41569  60
3286  57
6645  68
589  86
1920  57
2857  65
111663  64
78499  77
2657  66
6537  53
1148  87
46974  57
48516  84
80241  63
445  56
4262  75
3689  54
114935  69
6428  64
127194  57
109673  54
127096  65
89388  57
4156  57
3793  63
33679  48
2014  59
64285  66
3968  55
49530  67
3450  65
160563  64
5502  51
8169  64
6314  60
122490  57
3386  68
140725  64
4896  65
2642  45
127136  64
2763  64
2520  57
457  81
48783  64
3263  56
5400  53
5541  61
4011  78
58351  57
127132  57
152091  63
3698  62
435  41
4799  60
84152  69
3401  56
2858  84
3174  65
7076  65
106542  57
6218  61
2860  53
1283  76
3618  65
2616  55
90439  62
2404  46
4660  57
2530  53
26386  57
4327  63
3030  75
71464  64
32  83
91529  75
4158  55
99114  74
98585  64
93326  59
2268  71
80489  71
130576  58
105504  69
2791  76
50601  60
7007  63
4234  61
3623  43
80727  63
78467  55
8641  72
4128  72
106782  75
2537  57
112138  64
3247  51
112818  64
2027  49
3101  60
5779  57
82202  59
1704  81
98296  57
6863  62
89305  63
4203  62
1201  85
6212  55
637  55
84954  51
6814  57
94864  59
67695  55
159077  57
92439  64
6812  60
3156  59
802  56
118354  57
134130  72
138036  63
65135  57
52975  63
4368  46
90717  62
45722  59
79259  57
68157  80
4233  51
74458  74
3258  56
1262  86
3949  77
101025  48
69526  39
1831  39
1083  63
1884  76
1476  65
156609  52
3755  54
111659  55
4734  56
161  64
95201  57
135887  59
2598  54
87232  71
4634  66
5334  61
5459  43
146730  57
72694  57
157432  57
132488  57
4558  56
1375  60
6424  57
71518  58
2716  84
94780  60
3593  31
129354  55
158  48
1409  48
6514  57
2881  56
51662  67
90522  61
68554  54
2126  54
122932  57
93510  66
137857  69
125916  63
2953  54
2090  64
1760  46
480  77
58803  64
2109  70
50792  60
46062  58
85510  61
80864  57
112171  62
122900  65
2587  64
1527  75
117529  58
4993  81
92264  63
5247  60
533  55
912  91
26464  57
2249  61
4678  67
103772  59
114601  64
96861  57
420  48
59615  52
2349  65
109372  64
95207  58
348  72
19  48
136020  51
4502  57
91094  55
138208  63
3511  54
79428  64
2643  41
109183  57
2139  68
4212  57
5942  57
96417  64
112852  81
99728  64
89470  66
142448  59
64983  62
2640  71
2046  57
4881  70
3882  44
3744  49
1032  69
116799  67
5  52
4040  56
157407  57
2115  75
1617  80
4367  41
105254  64
3388  57
3760  64
2146  64
2968  75
6281  54
466  49
96448  60
86332  61
64969  69
115170  57
1036  79
3397  66
2474  65
1408  73
155743  57
106920  71
8542  64
120466  64
2051  55
7143  74
7150  51
89087  54
34150  39
2253  49
2973  72
449|8
1917  66
2502  72
4034  71
1222  72
2770  67
762  64
2011  69
2324  73
450|11
3977  67
589  75
110  76
3363  71
3535  72
3948  70
3409  68
1035  72
3568  80
358  69
1259  73
451|7
733  70
593  74
7  68
5  68
494  69
25  70
17  71
452|20
4025  74
2858  81
2617  74
5292  73
1206  81
1676  75
3219  73
47  86
3101  79
163  79
1092  75
1917  77
2126  69
1356  81
552  75
2628  78
1200  87
608  80
2707  73
3273  71
453|20
208  67
858  86
2335  73
4022  76
3618  71
1617  81
3452  71
1357  74
112  70
2671  78
1884  76
1894  69
2294  73
318  89
1614  72
3534  72
2959  86
798  70
5266  73
780  76
454|9
7361  72
2692  71
7116  69
55820  71
6016  72
27773  71
2160  71
2858  72
26131  70
455|12
272  70
432  67
367  68
590  71
253  70
364  73
555  70
252  69
110  73
225  69
588  71
597  70
456|9
1407  69
634  69
135  69
5  69
724  69
780  71
733  70
260  72
706  75
457|10
329  68
3593  64
2692  72
1356  71
223  72
2394  70
2701  63
3608  68
733  70
2094  68
458|12
597  73
185  71
10  73
380  73
95  71
454  72
300  71
595  73
153  69
587  71
150  74
552  71
459|6
79132  75
5618  73
8961  72
48780  73
50872  72
260  75
460|17
89039  84
4886  77
4703  70
3831  71
1441  70
4878  77
3483  69
8970  72
1  78
49272  76
40815  73
85414  72
68237  74
76093  75
47610  73
63082  78
2571  84
461|6
74458  68
2762  67
1036  67
91500  68
3578  67
539  69
462|20
26838  68
89090  68
164655  68
188189  68
1136  69
1219  70
158966  70
1248  72
508  67
1653  68
1674  67
8917  68
8620  73
3424  72
2146  68
7044  68
3814  72
1213  66
82857  68
26131  71
463|7
6377  72
2028  74
4310  69
3753  70
2006  69
1092  69
5995  71
464|20
1370  70
58025  68
63853  68
296  85
2019  77
3527  73
5254  69
7007  70
1101  72
1779  66
377  72
1653  77
55820  76
648  71
33493  73
1610  77
65088  69
74727  70
1617  78
62374  71
465|20
2941  72
2987  75
1200  79
3448  73
5060  75
1299  75
3703  75
3649  68
1625  74
292  71
904  79
3101  71
1754  71
750  81
1256  75
593  84
3732  71
3740  74
3334  73
377  72
466|20
5418  73
30793  71
79091  73
92259  73
5989  73
5459  71
318  77
63082  74
59784  72
5010  72
74458  73
6281  71
5952  74
8529  71
64716  71
68954  73
4993  74
45447  72
81845  72
55247  71
467|22
41  74
58  81
389  70
466  56
527  84
593  83
780  69
1183  73
1233  84
1357  79
1365  72
1408  78
1721  68
2028  84
2125  75
2324  82
2334  54
2384  54
2390  78
2393  65
2394  71
2493  70
468|7
592  69
349  70
1  72
317  68
296  73
32  72
165  70
469|20
3658  74
3832  74
3507  76
3032  71
2736  71
2132  73
1958  74
910  83
1090  83
1485  60
1388  62
2321  71
1234  83
2081  72
1193  87
36  76
2908  77
909  78
2023  68
3255  69
470|16
253  69
318  75
110  73
588  71
282  69
5  68
597  70
32  71
595  71
592  69
500  70
26  69
356  74
357  69
434  68
300  70
471|6
2571  74
8874  71
527  74
1  72
8360  70
7147  71
472|6
58559  73
3450  70
3298  70
2840  69
1221  72
858  74
473|8
4979  71
2959  75
60  67
7147  71
6281  68
3897  71
48322  69
2596  69
474|422
638  68
2179  68
2697  68
4046  68
5114  68
5311  68
5353  68
5455  68
5601  68
6201  68
6273  68
6382  68
6407  68
6592  68
6912  68
7702  68
7826  68
7832  68
7839  68
8057  68
8446  68
8458  68
8459  68
8611  68
8650  68
8774  68
8938  68
1466  73
6708  73
2940  71
2616  56
2334  59
7139  70
4218  68
371  66
750  90
2935  76
8645  72
5481  54
6370  72
25865  68
2553  67
912  92
2467  69
5548  66
7301  68
52967  67
5945  67
480  67
1983  61
3462  75
1068  68
8600  69
6650  68
8482  68
6791  72
4016  74
1784  74
3668  68
3977  57
8961  79
4160  69
30820  68
6984  68
2750  65
5034  65
7716  68
2612  68
4419  72
1300  70
4187  68
1187  65
6565  71
272  71
5440  68
25937  66
1099  68
3125  68
5826  68
5649  68
7256  71
4912  68
6016  78
1208  89
2083  69
3385  68
2310  67
3360  71
3163  69
1413  68
4081  65
1643  69
968  71
2116  66
26965  69
5954  73
1263  82
5116  68
3536  66
8778  67
63433  67
2952  69
318  98
3394  62
1200  78
3384  71
4356  71
932  72
7698  69
516  61
4873  73
48385  69
39869  69
1902  68
2641  56
7036  64
2181  68
4638  49
31116  70
2455  67
2146  67
628  67
3897  79
1030  57
4022  72
344  51
3196  72
92  60
237  62
6770  67
3259  66
3368  67
26151  68
1293  71
34072  70
3044  67
1639  73
5944  63
6539  78
477  66
7361  88
55687  68
58  73
4014  71
3467  68
8154  71
4191  69
2134  62
4644  69
4293  65
5013  74
1399  66
1196  90
2918  80
5899  68
4465  68
100  62
361  61
3341  73
8921  68
195  64
3789  68
4709  66
1588  62
3468  78
4678  62
2723  63
2118  70
1939  73
7019  65
3147  81
1792  60
33903  69
1682  77
41566  66
1693  68
1957  71
5021  66
2313  73
3870  68
948  71
47099  74
3447  68
6614  65
216  60
5619  68
3987  64
5060  77
3111  71
45950  72
32584  65
5525  68
2567  57
5956  73
7  55
1172  77
3217  67
8331  68
587  60
5238  67
1189  70
2416  63
832  61
3095  73
7386  69
1223  80
7058  68
5246  63
5418  77
27803  74
26  68
4002  75
1135  66
45  65
6945  68
2411  50
2520  68
7347  68
5375  68
5673  75
3039  69
7833  68
33781  67
720  82
2103  63
33154  70
608  88
1327  54
101  76
7061  68
5451  63
5682  67
5434  68
6609  68
31658  78
4578  64
2009  68
4704  68
7572  68
4929  62
3306  69
6334  67
5379  72
5437  66
42418  66
4128  68
7451  74
2786  57
2243  64
27846  71
6197  68
3264  54
3608  57
5603  69
6124  67
1222  77
1663  71
3566  62
3755  63
2628  59
4815  63
2089  69
7102  64
27706  69
7013  70
1348  68
45666  62
5755  65
4055  73
2058  63
4462  61
1544  50
2405  56
4998  68
273  57
1977  62
1732  79
7822  68
7073  68
41527  69
4787  68
1676  59
3708  61
6669  68
317  56
25940  68
971  75
7366  64
3115  70
7026  64
2710  59
50685  71
2114  72
3809  62
3516  66
2770  61
535  68
4878  85
5992  73
41997  72
1083  66
4487  68
7293  68
1016  65
2006  55
1007  62
4993  85
3412  66
5007  68
3929  68
6639  73
8712  68
1876  54
3546  68
34359  68
7579  70
7325  68
6837  68
2634  66
7753  67
8943  67
8385  68
4308  67
3246  74
3745  70
1148  83
42002  64
50740  69
3952  67
1927  74
7581  66
910  83
3948  66
54881  74
1284  75
4007  71
5341  68
3675  71
52975  68
6244  68
965  70
454  64
1247  85
7215  66
1282  75
8207  71
6242  69
6502  81
4509  65
3528  69
2391  75
4262  80
4039  65
42018  62
3271  75
976  68
48394  79
5384  68
5168  68
1358  74
6534  59
8773  68
2384  62
48780  83
1269  80
4600  69
2642  48
111  83
933  80
3578  77
5297  63
944  68
6020  68
2123  59
748  62
4896  76
5380  70
53953  65
3712  66
25996  68
1997  76
4464  69
4085  64
51540  72
2707  63
2069  69
6710  70
1488  61
6378  73
928  75
3038  70
7116  70
44511  68
594  73
1962  70
421  65
4316  64
2761  77
4823  56
892  67
1345  69
5294  71
1408  77
6579  68
3272  66
3421  76
3844  65
6787  74
37736  68
2249  68
1610  78
2468  53
3498  73
4902  68
6268  69
5225  75
5404  70
929  68
25999  68
7835  68
805  65
4126  67
475|20
6539  82
4993  81
87232  77
40815  76
5816  76
8644  76
81564  74
4701  73
81834  75
6564  72
68791  72
111759  78
7153  82
1527  75
71530  74
4896  76
106487  74
112852  77
3578  84
82461  72
476|14
594  71
34  71
380  71
158  68
153  67
586  69
440  70
364  75
378  69
357  71
224  71
165  72
296  76
11  71
477|20
34  75
913  81
3100  75
2105  69
1271  69
1207  81
70687  70
2174  74
45672  67
4571  75
3973  67
4226  92
1103  77
5291  75
348  76
3593  53
1  83
1274  76
6502  82
59615  65
478|5
1917  67
3114  69
594  69
1584  68
1101  68
479|20
5365  65
4488  68
524  67
1025  69
3707  64
1220  72
4010  67
3244  69
3526  69
4092  67
1968  73
4700  67
4003  68
3671  72
2671  68
341  65
2012  67
2542  74
454  67
2384  64
480|20
43914  65
2700  76
8533  69
2193  68
2797  76
3484  57
2571  90
1210  89
2596  67
8866  60
47610  69
6306  70
5379  72
2018  69
7153  87
3911  72
44191  77
38061  78
5673  72
380  65
481|7
1608  68
1687  68
1629  68
1729  69
1620  67
1597  67
1485  67
482|20
2068  68
8985  68
1036  74
474  71
1042  69
4389  68
780  73
27706  69
3211  69
1610  72
4367  69
1374  72
1220  71
1602  68
653  68
592  70
30812  69
4862  69
8361  69
8529  69
483|20
105325  72
783  64
2541  66
2959  95
109971  72
45722  69
1199  86
50872  79
2000  74
4306  79
69757  75
2683  67
2273  63
1588  66
109487  80
66934  77
1721  65
2328  66
68522  72
8972  69
484|20
93320  76
1438  70
6155  71
6944  72
2706  74
33166  73
6874  73
3697  69
1059  72
76293  71
919  73
2762  75
1821  71
837  72
5810  73
1753  72
3254  72
4718  72
2413  72
3646  69
485|5
588  72
161  72
253  70
292  71
231  69
486|12
653  69
47  74
110  77
153  68
474  72
95  69
288  69
329  70
161  73
318  78
292  71
6  73
487|12
27611  68
8961  68
318  71
1198  69
31658  68
1197  69
6539  68
5445  68
116797  68
4027  68
8874  68
86377  68
488|20
720  75
838  71
608  77
1223  75
26  70
5135  72
2109  70
7720  69
7303  70
4014  73
5995  76
457  77
105  69
1136  78
272  72
1269  75
3176  70
1278  75
1125  71
910  75
489|20
79536  61
86000  61
4848  75
736  44
8387  53
4700  58
45666  56
4720  66
2683  58
2021  63
2389  54
1619  63
950  68
58559  85
2236  64
2167  59
1616  53
247  76
376  59
2717  52
490|20
46578  71
89492  69
81591  69
91077  69
60074  66
5816  67
4144  70
54001  69
1  70
1784  68
7153  72
4993  72
89759  69
86320  67
60128  68
76251  68
8368  70
69122  68
2006  64
78499  70
491|13
106782  72
69757  72
7293  72
27808  70
4246  71
3948  72
104374  71
86833  72
140110  71
8529  71
180231  84
4306  75
88405  71
492|20
736  75
784  72
628  71
858  67
852  72
64  71
990  72
830  71
743  73
62  73
52  71
1499  74
66  71
1210  71
881  72
1474  73
1405  72
724  72
1047  71
65  73
493|13
2985  69
4444  69
2916  70
1275  71
2571  75
1527  71
2028  74
3793  71
2167  69
1215  72
4701  68
2924  70
260  75
494|5
1196  78
4498  69
3578  75
2028  77
1210  78
495|20
140523  80
115149  77
1259  81
1721  71
136562  71
80489  75
19  66
50872  80
231  69
102123  73
52319  75
7254  77
7360  73
8528  76
1645  73
46578  80
30810  73
2918  82
148626  75
56775  71
496|6
1221  71
99149  69
858  72
904  71
8865  68
114713  69
497|11
1193  70
112556  69
112290  69
1916  69
92259  69
2329  69
112552  69
1258  70
2762  69
5349  68
111362  69
498|7
344  68
231  70
648  72
10  72
300  71
356  77
316  70
499|6
1202  69
2337  69
38304  70
327  68
56286  69
1304  71
500|18
2599  69
2987  68
543  67
2700  69
2542  69
1265  69
2916  68
356  71
3301  68
1784  68
1914  68
595  69
2355  67
3536  68
1885  68
322  68
838  68
720  69
501|9
6  69
62  70
93  69
45  68
3  68
637  69
11  69
18  68
662  69
502|7
7236  69
1077  70
4412  68
3469  69
2001  68
2520  72
1777  69
503|19
7455  67
7361  73
4878  71
356  73
91500  68
593  73
527  73
858  74
4226  72
1259  71
1342  68
2877  68
92509  68
90866  69
500  68
441  70
48516  72
2858  72
48394  70
504|18
4995  73
5812  70
2321  70
1  73
3556  71
7153  74
6708  71
1288  72
6927  76
4033  70
4700  70
6565  70
342  70
3408  70
6879  70
4361  71
5952  74
5955  70
505|7
1241  70
4105  70
1029  69
74685  70
273  68
6502  72
54999  70
506|9
59258  68
54272  69
37741  69
56782  70
62293  69
51834  69
49286  69
112556  69
61024  69
507|5
165  69
266  68
253  69
377  69
593  71
508|5
2872  68
2011  68
1952  68
1175  68
898  68
509|20
26958  64
130073  64
2028  74
87232  69
33830  67
5313  59
48  62
2090  66
2080  67
6942  69
8907  62
6156  65
5816  68
39  64
3988  63
6807  70
7458  65
1196  76
45447  63
616  67
510|20
1882  63
7026  67
35836  67
494  66
1198  70
514  67
457  68
2935  68
858  71
2699  65
317  64
8949  68
2918  68
145  66
1262  69
6787  69
1208  70
372  65
1242  69
40819  68
511|11
2959  78
53953  70
115149  72
164179  71
6534  68
99114  74
92259  74
318  81
2324  76
1653  74
56757  72
512|10
480  72
150  73
349  70
47  73
350  69
442  68
457  73
50  75
317  69
593  76
513|7
5952  74
318  77
2174  70
235  70
1304  72
1220  71
1080  72
514|20
1335  66
5704  66
62586  66
168358  66
180263  66
1704  78
2005  71
2792  64
2013  65
1673  73
134130  73
76093  74
1333  71
58998  72
68157  78
2406  67
3210  69
54503  74
4855  70
1644  56
515|6
33794  75
2028  78
527  79
91529  75
58559  77
2959  79
516|26
260  84
457  79
480  74
647  68
708  68
1042  64
1090  79
1197  85
1198  84
1954  77
1958  78
2021  70
2259  64
2268  76
3052  72
3471  74
4027  76
4291  54
4306  77
4321  67
4322  72
4333  59
4337  70
4349  74
4361  69
4429  80
517|20
4306  49
53125  57
1265  51
165489  48
97938  56
88744  55
86880  49
4148  54
26761  48
3398  62
1293  63
3988  61
2858  57
4963  51
1204  63
1704  52
47629  65
7669  62
1206  55
46578  61
518|5
3101  68
2657  69
783  68
1876  68
6365  68
519|6
1704  74
356  76
140110  70
6378  71
7445  70
1968  72
520|20
7266  78
318  85
1049  70
59315  75
4995  78
32  78
2716  77
4333  70
1291  78
1732  76
4085  72
2723  71
3081  71
3994  72
33493  73
135  68
2393  69
60516  70
2406  72
1584  75
521|8
661  69
112  69
86  70
104  69
58  70
79  68
52  69
852  69
522|20
99114  76
81932  72
89492  73
63113  71
2959  83
1193  79
1375  69
4993  80
223  74
27611  71
76060  69
180  71
59315  75
1617  78
10  72
67255  73
2023  70
6187  71
318  85
127098  71
523|15
168252  76
8970  73
5989  78
318  86
91529  78
1721  72
293  80
65261  74
4270  70
3147  79
27731  71
134130  75
31696  72
527  83
101962  71
524|20
1356  72
150  72
552  67
748  67
344  67
442  66
253  70
1225  73
20  67
589  75
1242  72
544  67
173  64
1302  71
380  70
457  74
1020  68
788  65
193  64
466  65
525|20
120807  71
317  65
6863  69
8622  71
33004  69
7147  72
2396  73
40815  72
137337  69
1639  71
1968  74
91869  71
45880  68
2100  67
339  67
4886  74
50872  74
86332  70
8983  70
3996  75
526|12
593  77
55247  72
46578  73
176415  83
1295  70
90430  70
4014  71
2352  71
176413  83
215  71
81845  73
51255  73
527|20
2137  71
3114  78
3210  74
3016  72
2161  74
4571  74
2118  72
3421  75
455  73
2867  72
2450  67
1909  75
1214  78
4299  74
736  73
2477  71
588  79
4016  73
1259  77
2533  72
528|15
4886  72
2278  70
80906  69
4037  69
1240  72
64614  70
3821  68
150  73
1291  73
80463  71
593  75
99813  69
85342  69
48516  73
58559  73
529|5
653  68
135  68
65  67
62  69
733  69
530|6
292  70
500  70
300  70
586  69
593  74
11  71
531|5
593  75
590  72
919  71
480  73
1215  72
532|10
1721  70
4863  70
457  77
290  72
1245  73
1242  74
2023  70
2329  79
1304  75
517  69
533|8
1200  76
6502  74
79132  78
46578  73
93840  73
4973  76
2455  72
66934  72
534|20
116724  76
97913  74
94953  71
2003  74
2167  74
7569  72
153  69
1485  73
65514  74
104218  70
344  71
2571  83
5445  75
95875  70
112818  72
82461  71
96610  73
2987  77
138036  73
1566  74
535|6
2571  72
2581  67
2700  70
2688  67
2583  69
2882  68
536|8
232  69
272  69
356  72
335  65
225  68
150  70
434  67
589  70
537|10
80906  70
367  69
7153  74
53322  71
104218  70
97304  71
6539  73
318  76
89745  72
105504  71
538|8
595  73
3671  72
80549  71
4039  70
69757  72
5047  70
44889  89
66934  71
539|8
4306  72
6753  69
5218  70
50872  71
88  69
3301  69
4886  71
69122  71
540|9
2598  69
2959  78
1073  73
8874  74
1681  68
2183  70
2841  71
2747  69
1196  78
541|18
590  71
457  72
413  68
15  68
110  72
595  71
597  69
480  71
356  74
203  68
529  70
357  69
22  69
345  69
546  67
586  67
281  69
350  68
542|20
6539  73
30793  68
5299  69
2542  72
34319  69
33679  69
4963  73
5481  67
1997  71
4025  67
3623  67
924  72
4369  68
6378  70
2571  77
7254  70
41566  69
37733  70
7361  74
45517  69
543|16
73881  71
1702  70
595  74
3301  72
231  72
2378  72
2379  71
86882  73
6377  76
588  77
377  75
48385  72
2571  82
4526  70
4388  71
92259  75
544|22
1  79
3  66
14  74
32  80
40  70
62  72
68  60
95  59
116  63
619  40
626  70
648  70
650  47
694  57
736  66
780  69
839  57
1042  64
1047  63
1059  73
1105  90
1356  78
545|5
1438  69
1267  69
2763  69
1367  68
44  68
546|13
1270  69
3328  69
480  69
1970  69
2456  69
1976  69
589  68
2657  68
1673  69
3941  67
3959  69
3566  69
1977  69
547|5
1211  70
2859  70
2917  70
1394  71
1288  71
548|26
69  75
260  84
356  83
733  72
1196  84
1393  71
1477  70
1621  40
2571  83
2716  76
3263  57
3578  79
3916  73
4776  75
4899  39
5955  66
6874  80
7458  70
8531  52
49910  67
58559  84
74532  48
80862  75
122904  78
125916  10
168712  70
549|5
2571  71
2028  71
4226  71
1210  71
589  70
550|6
167296  85
102125  71
106782  72
116797  72
112852  73
122882  72
551|20
5010  71
34162  71
60069  72
1544  71
45186  70
103772  70
51935  71
4226  72
2353  71
7153  73
5989  72
135569  70
115149  71
88129  70
134130  71
6934  72
47  72
4701  70
2959  72
98809  71
552|20
2916  68
3317  72
1405  61
2953  57
2245  65
2944  72
2890  70
2125  68
508  70
3948  64
5349  69
2959  83
2857  68
173  56
2991  69
2871  71
2628  59
4308  67
4878  78
3101  64
553|17
55765  74
3481  74
1923  74
2571  82
4011  78
50  81
3949  76
1089  79
44199  73
5513  86
2231  73
2395  72
3052  73
61257  86
1221  79
33166  74
2959  81
554|18
1196  80
1022  71
2820  80
1207  75
1517  73
1282  72
1210  79
1760  67
2282  69
1225  76
907  70
1358  73
2096  71
1028  74
593  82
608  77
953  75
2324  77
555|20
790  69
3664  69
1  85
3111  71
3395  68
104  70
1334  66
2506  66
2072  66
4002  76
1266  82
2641  62
2256  68
2791  78
2701  50
1333  73
1320  64
337  75
1393  75
3526  71
556|7
162600  69
122890  70
3081  69
88125  71
588  72
72998  71
74789  69
557|6
648  70
231  69
1291  72
260  73
1210  73
150  72
558|12
5329  70
5064  70
4903  70
2297  70
2568  70
4993  72
4306  72
367  70
5283  70
1097  71
4164  70
5294  70
559|20
552  66
608  74
355  61
329  67
544  67
1527  72
173  62
377  68
745  73
174  66
529  70
350  66
349  69
533  66
836  66
1210  76
420  62
786  64
227  65
253  70
560|20
5839  71
91535  69
136018  69
67997  70
79132  77
3253  70
142558  71
2355  71
39435  69
1527  72
40414  70
64614  73
48744  70
56587  69
593  78
76251  71
84944  70
109313  71
5878  71
40819  71
561|20
168174  67
5308  65
78469  65
3703  72
60069  76
91535  64
2105  67
73017  71
5445  70
2000  71
83134  71
79132  80
79592  64
80463  73
89745  74
527  84
8972  64
353  72
33162  68
68157  77
562|20
27140  82
6870  75
6377  79
2580  76
1249  76
4776  75
36529  75
1259  78
1982  74
2268  76
2133  72
83134  75
3210  74
48394  75
30707  76
33836  69
2692  77
88163  75
99191  82
1240  77
563|20
61071  66
70932  66
80858  66
919  71
74450  68
588  71
5943  66
118997  67
86833  70
1197  74
128832  66
85397  68
45221  67
33499  67
7380  68
96821  70
81784  67
95307  67
65585  68
55250  67
564|20
50942  72
356  72
31685  69
131013  70
61024  69
79224  69
87869  70
500  70
108156  70
81784  70
93270  70
6188  69
106918  70
65230  69
67087  69
80693  70
94677  70
8984  70
73266  70
2671  70
565|6
590  71
231  67
19  67
21  70
50  74
539  69
566|15
648  70
10  70
231  68
329  69
342  69
141  69
203  69
345  70
39  69
497  71
265  70
588  72
708  69
353  70
2  70
567|20
8189  45
26743  45
92681  45
109897  45
152071  45
5690  63
136602  64
122888  45
6333  50
1274  70
122922  58
153070  45
151687  45
117877  45
108928  62
954  66
122924  53
27773  68
648  49
135887  58
568|23
50  84
147  70
296  84
356  83
480  74
593  83
765  63
1103  82
1104  91
1257  73
1298  74
1895  67
2313  77
2359  73
2863  68
3053  78
3148  74
3261  67
3363  77
8169  68
46723  69
63853  50
65088  68
569|5
231  70
50  72
380  71
588  71
592  69
570|20
208  65
8636  70
48516  73
1225  72
586  65
2683  67
457  72
1196  75
110  73
4993  73
7361  73
1198  74
1079  71
10  69
3793  71
1391  66
589  72
380  69
527  75
185  65
571|20
1331  51
2982  51
2366  68
1128  65
610  66
2902  65
1998  65
3696  67
1980  51
1987  51
70  66
1924  66
2279  64
1327  63
3732  67
1972  63
1278  70
1644  60
2327  67
1978  66
572|20
1961  79
2570  70
2788  76
2321  73
111  83
904  82
2987  77
2302  71
1834  73
2539  70
2917  73
1307  79
1  81
161  74
3421  77
838  72
1356  75
2006  67
3167  71
1953  76
573|20
89745  83
72998  81
3752  74
356  95
7293  77
6754  73
8665  81
32587  81
1073  81
88744  78
1127  78
68954  83
98809  78
2640  75
48516  88
71535  78
59369  77
60069  85
88140  77
1562  63
574|23
47  79
110  80
150  77
153  58
161  73
185  60
225  71
231  62
292  68
296  84
300  71
316  67
318  89
329  67
339  69
344  62
380  70
410  62
434  60
588  75
592  69
593  83
595  75
575|8
2566  68
2580  69
296  72
2581  68
2572  69
2542  70
2574  68
2598  68
576|5
849  68
1321  69
1373  68
1479  69
2289  69
577|20
2415  71
1183  70
1288  73
1129  69
2944  71
2194  72
733  70
1213  75
2076  71
2020  71
1262  72
1931  70
1391  67
2987  71
952  70
1909  69
260  77
919  72
2248  71
1270  75
578|6
6751  81
52668  70
45668  69
830  69
72407  69
75446  81
579|15
3174  71
2485  71
1022  70
2018  70
838  71
1917  72
1391  69
596  71
1573  72
2965  79
1653  72
2599  69
892  70
2687  72
595  73
580|20
5767  71
6583  71
480  77
8844  71
6989  68
3809  69
41569  69
3699  69
4041  68
33166  72
356  82
508  72
8376  66
3578  80
608  74
3785  67
3089  70
1320  67
54286  75
1201  74
581|8
7153  77
5995  74
4973  77
116797  74
3949  74
4306  76
109487  75
6377  75
582|12
91529  74
2959  77
116797  73
4993  76
5618  74
2571  78
76251  71
69844  72
104841  72
48516  75
97752  71
76093  73
583|12
8533  69
88405  68
2706  69
117590  69
317  68
60756  69
6942  69
595  70
46578  69
104  69
2694  68
7451  69
584|17
288  69
22  72
203  71
315  72
500  74
316  72
539  73
234  71
296  74
257  71
434  72
586  72
338  71
349  73
282  71
480  77
590  75
585|13
3173  70
1228  74
54503  74
2959  80
428  71
1405  69
7254  73
441  73
1805  69
296  81
27373  87
5325  71
79132  79
586|20
34332  71
4016  76
111659  77
106002  73
149406  74
167036  72
45499  76
136556  87
5445  78
117851  72
1291  83
71264  73
106489  71
135436  75
3753  79
2640  75
3147  80
122916  76
3793  82
101362  73
587|20
1234  77
628  72
2012  73
534  71
2002  70
1641  73
236  71
1376  72
2622  71
1541  71
3260  72
497  74
3082  73
445  71
3448  75
2574  69
765  70
691  71
329  72
3406  71
588|12
50  74
16  72
20  67
356  75
350  67
198  68
593  75
364  72
163  69
253  70
223  71
3  68
589|8
1092  69
318  77
590  73
373  70
586  69
587  70
527  75
337  71
590|20
924  79
8807  67
2371  64
38061  76
81834  74
40815  71
4890  62
903  78
5  57
3624  60
555  74
4047  70
51662  72
2085  70
419  58
595  72
329  63
2376  63
3635  67
2398  71
591|11
2908  68
2706  70
2712  68
2355  70
3615  68
3578  72
2394  69
3798  68
356  74
223  70
2724  67
592|19
514  70
2  71
153  67
415  68
110  77
177  69
420  67
380  72
44  67
788  69
588  74
163  71
204  68
610  71
39  70
419  69
253  70
432  68
240  69
593|20
1196  71
1073  71
1086  71
1617  71
4034  71
41566  67
1197  72
344  65
8368  70
339  67
2959  74
8961  69
5816  68
2797  69
4896  69
588  69
595  69
5952  71
377  66
141  68
594|20
7031  80
2671  79
7115  71
1616  79
5943  80
1188  69
2269  71
1733  69
4902  71
6996  74
780  87
1429  73
6140  70
7046  75
39  75
595  78
799  72
2028  77
8482  80
7169  71
595|5
265  70
50  73
1186  70
1199  71
1966  69
596|20
33649  70
43744  70
182793  70
129397  68
128908  70
1  74
142488  72
122922  70
4310  63
71838  68
4025  62
2501  69
110102  71
149406  68
2774  70
5502  67
8665  70
6537  66
2571  79
345  70
597|20
1799  72
490  69
3040  71
2529  81
2858  93
903  88
3039  78
2000  78
1291  87
357  81
1228  84
1845  79
2411  65
1580  76
1148  90
1198  94
2723  74
485  67
592  75
2692  86
598|5
56367  70
8360  70
593  71
114265  79
103543  69
599|496
26142  53
26567  53
26590  53
26676  53
26854  53
27595  53
34800  53
53450  53
60803  53
69131  53
74696  53
79895  53
84523  53
87960  53
92674  53
98799  53
102735  53
102852  53
104017  53
105020  53
122433  53
157865  53
158874  53
160978  53
161044  53
174727  53
179053  53
1801  55
6035  65
3387  59
33437  61
112  62
5995  72
167706  53
4394  53
836  50
7235  61
8809  64
102749  53
89087  47
42011  44
432  31
471  59
5628  62
1015  48
2  45
2269  58
69  65
3947  63
79091  54
104837  53
4037  65
7587  65
6881  59
1449  68
7225  64
81229  59
68952  70
4728  51
5081  61
33966  53
1779  45
3669  53
87197  53
170297  53
79057  63
95965  53
55207  53
4007  64
1220  70
80831  61
46723  54
71282  64
7757  64
3259  59
92309  63
1376  64
7192  61
4654  55
101423  53
53468  59
62662  53
3174  57
3698  50
2882  62
2359  65
1183  68
2792  56
1095  64
8387  47
53125  52
115713  62
2949  63
2471  36
3  46
1231  67
3861  48
240  62
1480  62
2301  68
1445  51
8045  53
586  46
2942  53
1185  68
4594  53
2474  64
3671  71
3196  67
64839  66
98697  53
2606  50
1777  58
5309  50
7022  70
4873  66
541  84
27311  65
43921  63
67734  60
4240  53
5026  68
168  35
33493  59
4125  56
7354  61
207  51
1094  60
742  55
1609  59
1042  48
3362  72
4553  66
4632  62
2278  58
468  54
122904  62
75416  53
42718  63
4285  62
79274  65
1794  53
45081  53
108192  53
3489  51
3503  65
89804  64
163809  53
577  52
3071  60
1204  79
3981  39
95771  53
45382  63
6548  51
59387  65
166528  64
168492  65
6691  53
605  58
424  62
2991  62
248  59
97950  53
3865  63
1216  60
342  51
35836  62
27772  54
176419  62
151781  53
277  53
6320  62
39381  67
5111  53
4090  58
2450  41
2676  61
2356  57
79702  67
1597  44
410  51
1721  45
3702  53
183301  53
1387  70
2072  54
26729  64
2393  58
4247  49
4591  61
1032  62
3087  55
1895  52
634  63
210  61
2074  66
51575  59
3505  65
5247  56
481  58
4215  53
1355  55
2657  58
2028  77
4011  71
420  41
552  48
1196  84
2395  59
5303  60
1752  59
3186  64
4310  43
1784  59
3200  72
7254  54
688  52
473  46
1079  71
1552  47
1148  73
1544  37
63113  52
2325  49
26649  64
6804  53
161  50
4109  57
34332  56
1653  70
4808  59
7707  53
3468  72
502  43
1221  83
1792  55
68319  50
6787  72
2119  56
3884  63
4254  40
3973  57
103609  53
8934  53
5377  64
42632  64
55290  68
4506  61
7840  63
5568  61
1689  52
7005  53
103228  63
59947  53
786  44
4351  59
172253  53
4679  54
1411  72
117630  53
1590  51
112623  64
3146  43
8984  49
1920  54
519  41
179817  64
3979  51
3741  65
44020  61
26630  53
7285  62
3030  76
1021  33
8638  66
87  56
7153  78
2877  62
2018  61
3173  56
5198  53
7101  58
7701  43
3213  68
26159  64
2339  53
33896  63
2000  64
4006  63
136562  62
37382  57
6645  66
171763  70
8528  62
27008  53
4017  64
4167  49
86142  65
1249  73
3255  58
736  36
2779  57
84414  65
27773  75
2083  62
98499  61
4034  69
119828  53
1993  57
94864  58
6631  57
2321  50
26242  61
3703  70
41566  55
2529  68
1968  64
8914  70
3257  48
159403  53
1036  65
76093  66
5103  50
6947  66
1952  74
2124  54
4084  53
6016  65
778  72
81  58
2171  60
1253  65
4275  60
7982  73
3723  64
849  47
2681  61
6565  65
39414  58
122916  68
6440  66
8917  60
72011  62
1605  60
1240  72
923  78
68157  71
5961  53
5053  53
3571  63
2403  60
3871  67
44238  53
72226  59
7004  49
2054  44
62970  62
5159  57
354  64
122924  51
48774  67
1394  69
3763  61
70286  66
1904  64
3969  61
81562  63
102590  53
233  66
4155  56
1031  64
76  59
459  54
1097  65
1178  70
60291  64
3328  70
1232  63
3036  60
5283  46
4327  58
610  61
2726  67
4732  48
5970  53
2396  58
594  64
1247  77
45499  52
3476  60
2399  56
137218  53
1997  62
3271  65
27801  68
6365  53
1799  62
580  61
122900  62
2803  55
80219  57
466  39
110882  63
3997  44
26176  53
2378  50
117895  49
26662  70
90603  65
119218  53
44  43
809  50
1960  62
4519  59
1959  63
414  54
1073  69
61236  61
1479  56
4019  63
1245  72
37857  67
161032  53
371  58
3020  61
88593  53
6774  69
2005  65
90405  63
26285  53
6793  37
627  59
1617  71
6734  58
108090  53
2427  59
51024  62
122922  61
3440  40
6874  78
4919  62
338  46
81591  70
1704  65
1499  32
357  56
62155  55
144  63
34148  62
53519  52
4504  53
2796  51
216  55
6827  49
1429  59
7445  59
1385  48
90471  62
8425  53
10  54
26542  62
7387  71
72998  57
89470  64
3629  67
1297  71
3424  65
1672  62
44761  70
196  46
70703  53
2383  50
180  66
4040  52
6333  60
4440  63
5291  68
88235  64
1639  69
4580  59
153236  53
86190  64
4477  56
103027  53
32291  63
34811  53
5171  49
122260  53
8784  64
5954  66
8798  60
707  53
880  48
314  61
61323  63
600|20
3269  53
1394  70
3785  53
2717  55
5569  66
4306  61
1206  77
56775  59
2015  65
7  57
2013  63
262  66
1210  67
1060  67
2431  58
2077  67
2423  63
4641  68
527  80
5076  63
601|20
141846  88
68157  81
1262  76
106782  77
60069  80
49272  78
5445  76
1193  81
1207  78
79132  85
904  79
166024  72
1917  68
7153  83
2324  81
170697  71
31658  77
5989  79
88810  73
2571  88
602|20
161  70
19  65
350  68
494  69
14  69
471  69
125  69
434  66
235  70
481  67
315  67
371  68
474  70
527  76
21  69
349  69
440  69
339  69
480  72
163  70
603|20
602  70
803  70
2008  70
2577  70
3459  70
4787  69
2912  75
1769  63
485  58
4420  70
920  68
1  71
2706  50
1844  71
3787  69
1222  81
190  69
2716  72
3983  77
101  78
604|20
220  70
292  69
151  69
329  69
410  68
426  69
435  66
316  69
22  69
235  70
181  68
332  69
273  68
637  69
285  70
173  67
588  71
23  69
553  70
1  72
605|20
35347  64
6787  69
1197  73
5667  64
42738  66
51662  69
7373  68
596  68
780  68
4571  69
2316  67
7454  65
150  70
60040  67
8977  66
3269  66
72982  64
1210  73
62376  67
60937  67
606|20
263  73
563  73
583  73
3808  73
4671  73
4840  73
5856  73
6111  73
6573  73
8685  73
32728  73
55805  73
3147  82
4392  70
2311  73
6308  66
50842  71
6591  77
8270  71
2025  72
607|20
891  70
1610  74
448  70
3147  75
1094  70
1307  74
592  71
204  69
1552  70
527  76
3476  72
296  77
2313  70
3440  69
423  69
1518  70
2118  70
2193  72
380  72
2028  77
608|20
52245  66
2997  78
3793  75
2763  70
174  60
2000  72
1214  73
919  66
2700  71
4161  62
5146  64
1639  71
541  75
473  57
2529  72
522  69
4343  61
1909  65
2431  60
1220  69
609|8
296  70
833  68
356  71
339  69
454  69
318  72
208  67
292  68
610|20
5953  74
58975  74
70206  74
78626  74
82765  74
97988  74
107447  74
107462  74
110591  74
110746  74
118082  74
139655  74
160341  74
86644  72
56801  64
61024  76
77561  72
4816  75
62434  73
3972  75
