1|20
260  94
1927  100
804  76
3  79
1009  75
2406  82
1587  76
3671  88
2617  76
3053  89
2571  93
1222  93
2137  81
1377  75
2395  82
2761  91
2641  74
2872  85
1258  93
2700  87
2|6
333  78
122882  80
71535  80
46970  72
58559  84
80489  79
3|8
5764  44
647  42
6835  44
5919  52
2851  31
2288  49
5048  32
4518  41
4|20
106  71
1291  80
3408  71
265  73
52  70
4347  75
2467  74
908  81
345  70
1304  77
1923  73
2959  84
368  70
1219  79
4765  81
1199  82
4166  43
1732  77
21  70
2858  79
5|9
515  73
1  77
364  78
608  79
290  78
261  76
34  72
318  85
21  70
6|20
349  72
318  86
775  70
141  70
348  71
104  69
327  62
410  65
165  72
87  59
366  61
17  72
1084  79
222  72
16  76
416  52
277  65
460  54
867  18
316  68
7|20
8528  67
3623  54
8636  70
8360  67
1517  67
466  54
8373  46
1220  70
7155  51
8808  52
6863  64
31878  65
1610  71
1219  74
4700  59
45668  60
8970  67
27741  73
6333  69
8865  53
8|10
356  79
47  75
231  64
318  83
454  71
292  68
32  77
141  69
380  70
252  68
9|10
5451  54
923  71
5890  88
2901  56
922  76
6044  63
1987  63
5378  59
3735  69
5447  56
10|20
597  66
33679  63
8533  67
8969  58
72720  74
88810  71
136020  62
6377  73
5943  50
109374  71
113394  65
61250  52
82167  55
140110  65
5377  71
77841  66
6942  70
1028  73
72330  66
66203  57
11|13
733  74
1584  73
1210  82
170  68
1438  59
648  72
1918  63
493  75
10  73
457  79
1693  70
150  77
1923  74
12|7
2717  72
2100  75
838  85
2072  72
1876  74
2581  73
6942  84
13|7
3717  68
3624  67
3798  67
2174  72
47  78
3893  70
305  62
14|10
344  63
477  66
110  75
540  55
597  68
153  61
592  68
4  51
539  68
105  65
15|20
91529  75
7438  75
111759  76
2329  81
1  76
1909  67
1240  75
115713  75
1200  75
293  77
2571  79
3949  75
120466  69
1198  81
2028  80
2011  69
158  57
160980  65
4306  74
4022  72
16|20
1230  77
78499  80
913  82
1136  81
1299  79
1617  80
1203  81
3429  81
2858  79
608  81
3683  79
4002  76
1199  81
912  82
2707  70
5782  77
1260  75
319  72
27773  79
2109  70
17|20
260  89
64839  84
296  89
5952  87
527  89
1193  89
3681  89
1240  85
2717  71
2858  87
1093  77
81932  83
5618  89
50  90
5971  85
2959  91
1201  88
541  88
82459  82
1  86
18|20
8117  74
65596  73
88094  73
145283  73
157110  73
166015  72
171023  72
103253  72
60684  80
44199  77
2  73
86628  81
59784  73
2918  80
109374  79
4226  83
53129  84
139385  79
47  81
1291  83
19|20
3692  57
3662  49
54  42
2733  33
1702  46
1240  63
1270  66
3712  49
1881  49
216  57
3  54
1834  66
2184  56
3017  54
2044  33
2354  43
2005  59
3146  42
3387  49
2694  54
20|20
1566  69
5419  63
4014  71
2140  73
586  64
661  68
3189  73
5014  75
1333  73
4161  68
3784  56
1030  60
5313  53
2804  78
2054  59
34  73
1097  75
6358  72
4519  68
1722  64
21|20
107013  66
117922  66
140301  66
57640  73
2985  65
2990  63
2717  57
5418  72
31433  61
112175  71
7153  77
30793  60
4446  66
52973  70
45186  69
2023  66
79185  64
1721  65
102125  68
5459  58
22|20
8961  60
2723  49
60950  52
64575  53
1193  66
70286  61
4993  64
2160  65
39183  57
7147  60
3996  59
3481  58
55765  62
48780  63
7361  66
51540  60
6711  63
2968  58
3949  60
48394  60
23|20
6234  70
3996  76
293  79
1206  80
1136  81
1960  74
7587  79
3424  80
3181  78
2467  75
1248  83
1617  80
6807  78
1952  81
6440  77
1258  80
1243  79
1080  77
8228  72
1711  65
24|20
1784  73
2617  67
111759  78
134853  78
58998  75
1265  77
1198  81
3147  80
1197  81
1220  75
2424  66
5418  75
72011  75
54286  74
27773  78
64957  73
356  80
44191  77
1682  75
68358  77
25|6
58559  96
60069  94
74458  93
79132  95
527  96
260  96
26|21
10  71
34  72
47  79
150  77
153  58
165  72
185  60
208  58
225  71
288  66
296  84
300  71
344  62
349  72
356  83
380  70
434  60
454  72
457  79
592  69
593  83
27|20
1196  81
2478  64
2640  71
3508  82
3555  69
1201  80
3519  60
969  76
2080  68
673  59
2886  27
2529  76
1387  79
1101  67
1947  70
1250  78
1276  82
3114  76
1083  67
3809  69
28|20
27450  63
60943  63
61011  63
63033  63
5617  70
59369  65
60046  63
507  61
3300  64
55094  63
59018  63
26695  63
2951  70
3006  68
2231  68
5418  68
26812  48
2058  60
353  66
61167  63
29|17
98961  85
7379  78
1250  86
1201  87
111362  83
48516  89
1100  64
26554  93
3441  77
4327  78
2872  81
2301  81
1617  87
3681  88
55820  84
4223  78
99114  84
30|7
5952  95
108932  92
1200  94
91529  94
116823  92
112852  95
1198  98
31|10
1198  84
1200  80
648  74
1363  68
1073  79
1036  79
1197  84
377  74
1246  80
1270  81
32|20
236  71
314  76
1356  78
357  72
224  74
627  70
1079  79
1084  81
318  87
761  61
1197  83
849  65
912  82
880  62
1198  83
58  80
203  69
608  81
497  76
410  67
33|20
110  81
17  75
2396  77
2272  56
448  73
428  74
265  76
1280  85
1177  86
1617  82
50  85
261  80
11  77
452  56
345  74
608  83
150  79
1188  72
800  82
2690  75
34|18
780  66
2273  63
3717  63
26606  76
45499  65
3996  71
4310  60
3624  60
31685  63
1721  66
5146  60
7090  74
70  67
2006  61
3000  73
4306  73
27728  42
3997  43
35|5
11  79
185  70
595  79
21  76
300  77
36|12
5171  48
3066  60
552  51
4025  50
1262  61
2735  46
2359  57
1372  53
1278  61
2194  60
3347  62
1704  63
37|5
344  73
356  88
661  76
329  77
457  86
38|16
434  57
39  62
223  68
161  66
246  74
168  58
273  56
480  67
356  73
457  71
364  71
50  73
500  62
300  65
551  64
21  63
39|20
2571  87
2391  80
1921  83
1862  53
1219  85
1907  79
2081  77
2459  72
924  83
2529  83
1729  80
47  84
260  88
2080  75
592  77
296  88
3213  87
610  76
589  85
596  76
40|20
440  74
454  75
588  78
339  73
158  62
432  60
431  77
186  63
616  72
514  72
21  73
592  73
1  81
223  79
585  63
216  73
104  72
371  72
111  83
267  65
41|20
96829  78
64839  71
122882  72
6287  59
1569  66
106920  73
86781  80
3160  70
1721  65
2028  77
6763  43
5418  71
53519  63
122904  72
55247  72
924  72
4011  77
2324  75
35836  68
5995  75
42|20
3869  72
4654  59
1021  52
2423  71
3248  45
4477  47
2500  47
1431  55
195  67
3326  73
2407  68
1090  79
2735  57
3693  52
1020  66
4545  66
4132  52
2263  54
3535  76
2805  63
43|20
225  85
296  95
596  83
588  89
587  83
420  72
158  73
631  76
5  77
597  84
168  78
355  64
47  91
367  80
519  65
594  86
236  83
1  91
60  80
259  75
44|10
36  71
663  61
12  49
661  63
94  71
1  72
104  64
112  63
494  64
889  64
45|20
2718  71
1036  82
2028  88
1653  84
1682  81
2396  80
3249  69
261  83
4308  76
329  74
1367  68
2890  79
593  88
1127  77
2431  72
6377  84
569  63
1197  89
1060  79
2858  85
46|9
590  80
588  80
315  70
208  68
1  82
432  64
225  76
434  69
339  76
47|20
508  65
68932  63
72395  64
2420  65
597  63
148626  70
5989  70
96588  67
69122  67
6155  60
4975  61
30749  68
106100  69
45950  65
2028  73
4018  59
1259  70
6373  62
33166  68
2407  60
48|7
4886  81
1320  72
1527  80
1193  86
3793  80
48  73
1653  83
49|5
2028  88
1214  85
139385  87
318  91
527  89
50|20
8143  59
114335  60
136564  60
142074  60
171759  60
175693  60
179073  61
175707  60
71264  63
82848  60
1377  54
44555  68
8157  61
6807  66
95543  59
8253  57
96610  64
924  65
32875  59
4896  64
51|20
7040  76
5620  66
2613  57
4437  77
2023  73
1500  77
522  80
858  89
4508  75
2951  83
1014  74
1407  69
2282  60
2420  76
3388  54
260  87
3186  74
3994  73
3501  51
2371  65
52|20
152081  87
51255  90
74458  90
1923  86
7438  89
40583  82
59784  82
55765  90
112852  91
86892  93
55363  92
112138  84
49272  90
52245  75
69481  90
50794  75
1704  93
54736  85
44665  89
47200  80
53|5
481  85
1100  79
249  92
1125  92
916  97
54|7
296  71
593  71
639  58
1  68
205  59
161  65
500  63
55|5
2407  50
673  43
3275  64
2890  56
4011  63
56|10
786  69
253  76
165  76
110  82
589  82
370  70
434  69
410  70
69  78
185  69
57|20
2140  70
942  85
920  70
3175  69
1784  71
3429  81
933  81
1193  81
3446  33
160  59
1499  42
2640  70
892  69
11  73
2947  75
6  78
2478  62
2291  73
1688  67
2301  72
58|20
588  79
282  71
185  67
419  61
367  70
277  69
48  70
280  81
337  78
345  75
3  71
357  74
527  86
587  74
218  71
500  73
508  77
368  74
364  83
353  78
59|20
1696  53
6460  100
3489  80
1188  80
1222  91
2076  87
3448  85
1263  86
1247  89
527  92
1244  90
904  94
903  89
965  87
2616  73
1953  86
608  91
105  77
912  92
3471  84
60|5
832  71
58559  80
805  73
455  59
858  81
61|8
266  78
1101  77
7438  85
173  70
555  83
2012  78
4878  86
3949  85
62|20
99114  84
176371  83
3793  82
56757  82
73017  84
30793  72
179819  75
68554  75
185135  89
168248  84
5903  85
4878  86
2028  90
5502  75
6058  71
344  72
1721  77
45499  76
41566  78
78105  69
63|20
5669  76
4246  74
48780  80
500  70
6016  83
31658  81
2858  80
64285  71
85414  74
1221  85
106696  73
4963  78
50  84
1097  76
260  83
110  80
1222  82
4979  74
5952  80
77561  72
64|20
5878  85
3101  66
2640  76
2959  87
8784  77
2054  63
4239  79
4025  67
5026  82
40819  79
266  72
2699  64
27266  83
3969  75
1805  66
6296  76
4776  79
3148  78
4262  81
356  86
65|7
1246  83
33660  84
7458  77
2329  86
4993  85
91542  81
3147  85
66|20
593  89
47  85
5418  83
922  91
2139  78
2956  69
3745  77
1956  85
4581  78
5349  79
1210  89
1094  76
2001  73
380  78
6539  83
671  75
1  85
6378  80
7766  88
296  89
67|8
99114  82
4306  82
27193  76
79132  85
60069  84
2012  75
4886  81
4993  85
68|20
47978  67
95218  67
6534  51
48696  72
67267  64
30825  61
1799  64
3556  71
8622  67
4351  64
63113  67
58295  69
7151  66
2413  66
6287  59
653  61
41566  66
5541  60
260  79
48043  69
69|10
4370  80
4848  87
3671  87
2476  85
1193  92
356  92
553  85
4022  85
260  92
3994  81
70|13
1193  91
1097  84
1914  82
1269  87
4995  87
318  95
8949  83
1968  85
1210  90
89492  85
1250  88
1235  92
2366  82
71|7
494  68
647  68
736  66
95  61
733  71
589  76
7  64
72|9
1047  74
150  83
858  89
2490  78
1357  84
260  88
50  88
1198  88
1196  87
73|20
1193  84
45720  73
105037  59
6333  76
59315  78
76293  69
138204  79
2706  71
152081  77
45221  51
68135  74
150  79
8376  71
93510  77
59784  72
116823  78
106072  70
1682  78
52245  64
35836  74
74|20
31522  80
2594  83
2908  83
30749  85
6870  85
3006  85
52281  80
49772  87
55118  87
2997  88
6305  81
608  91
4546  86
41863  86
27773  88
6001  90
1251  89
6552  82
46976  83
44555  90
75|14
5445  68
1240  71
5952  73
2193  64
6870  69
2529  71
168  59
541  75
3176  64
1962  67
2078  70
1889  71
1266  75
1374  69
76|20
48877  54
5956  62
2918  68
58803  66
1247  70
74458  69
7669  73
79132  71
8957  56
858  75
55820  68
1258  71
63436  48
1201  71
1208  73
48  58
288  59
34405  68
1  69
1196  72
77|6
3996  78
4973  85
7361  85
8636  78
3578  81
33794  79
78|13
296  75
165  67
3809  65
589  72
546  46
27904  69
260  75
590  70
480  69
68791  65
344  60
44974  69
380  66
79|13
3266  93
3029  77
589  88
1916  78
307  86
4005  77
260  91
1189  86
1345  78
2000  83
1374  84
2659  80
2076  86
80|20
7445  82
96691  80
84189  79
91630  82
49530  85
8950  88
6539  86
4223  81
5630  78
3527  82
76251  84
80363  73
52604  82
6502  88
34048  76
1221  93
60684  87
6952  71
5989  87
77561  81
81|26
10  71
32  80
47  79
110  80
150  77
153  58
161  73
165  72
208  58
231  62
288  66
296  84
316  67
318  89
329  67
344  62
356  83
364  80
367  64
377  70
380  70
457  79
480  74
588  75
589  79
592  69
82|20
6886  67
2381  49
2378  59
6566  50
368  68
6536  70
3253  68
4310  62
1608  65
1372  65
145  64
356  78
6708  71
1485  62
4369  63
6564  52
6888  48
5803  49
4015  57
364  76
83|20
56367  70
7143  73
7323  68
6539  71
161  68
586  59
2115  69
1270  75
6874  74
2324  74
1537  74
7153  76
68954  73
48774  73
30749  71
8014  80
1222  76
3753  65
1223  75
64983  64
84|20
55  73
987  73
912  84
1096  79
420  61
1227  83
113  64
580  60
5060  79
1293  78
900  76
1097  77
62  74
368  73
1305  75
1247  81
1296  74
11  77
1073  79
1094  71
85|7
1519  71
1624  54
1140  71
1694  61
1643  74
1747  69
1635  77
86|14
4993  85
4310  71
6947  78
2411  66
457  83
5418  80
3996  80
4901  75
1835  75
33794  81
1196  85
3555  75
1097  80
2687  75
87|5
4023  69
2009  74
3504  81
671  74
2139  75
88|12
7312  76
74795  77
4993  86
68157  86
5952  85
1193  87
223  82
8665  81
4262  83
56782  86
8677  51
58559  87
89|104
26645  70
32060  70
44851  70
53280  70
53578  70
67888  70
69211  70
81087  69
84246  69
103602  69
108078  69
109596  69
118894  69
121007  69
128089  69
128944  69
131098  69
131439  69
134847  69
140481  68
146684  68
148632  68
150554  68
164226  68
30793  62
169912  55
87869  72
1923  72
4015  56
950  77
173253  68
2324  78
27826  70
92259  80
11  74
3977  56
86298  63
8154  85
77688  69
2997  77
170837  68
49274  51
157775  68
1  78
142196  68
99117  64
62008  70
72624  69
108156  60
3752  64
2059  63
128520  76
3175  70
133879  69
48649  70
126088  69
5529  52
65588  70
99130  69
40962  57
1732  76
68659  61
91666  69
2683  64
3751  71
750  83
6650  100
149508  68
2395  69
51575  56
65230  61
171751  68
85881  71
139157  68
6863  68
4246  72
108949  65
1230  75
160567  83
73319  54
177185  68
130520  68
5220  52
121338  69
153386  68
50872  75
149566  68
145491  68
4890  62
129354  64
32243  70
84944  70
6402  70
1288  80
140133  68
119141  69
947  86
176621  68
4973  82
158398  68
69469  70
54503  75
141928  68
102481  68
90|11
1137  76
1144  76
581  84
81  73
892  76
1073  83
116  71
896  51
17  79
7  72
613  69
91|20
3013  70
6395  70
8147  69
7153  80
3360  72
2791  75
3897  76
1080  75
4850  61
3429  81
7000  59
2060  62
2916  72
1391  63
2100  62
318  86
2146  70
1225  81
1246  77
8501  69
92|5
2572  76
2114  78
1015  69
2454  73
1801  78
93|20
736  77
1917  73
552  75
1721  79
539  80
480  84
1372  77
368  80
2355  80
1923  82
2193  79
2006  74
339  80
1097  84
1591  68
260  90
2968  83
1676  78
593  90
558  69
94|12
231  57
377  62
367  58
364  68
288  59
19  52
10  62
586  56
590  66
380  62
589  68
318  74
95|20
18  80
4878  85
6979  75
4732  55
3019  86
5246  48
32  87
2952  77
1247  86
1198  90
5283  69
3361  81
1513  70
2009  77
539  78
122  63
1584  80
1240  84
4262  84
5349  80
96|16
527  85
1094  71
272  76
3819  90
150  79
2021  73
2571  84
1214  80
2058  70
1220  79
733  75
2340  66
1721  72
2396  78
367  68
1291  82
97|8
4701  75
4306  83
3578  84
4993  87
4963  83
4299  75
3981  60
4161  74
98|19
81845  84
8961  81
122912  80
5299  71
63992  62
187541  75
56152  78
134853  82
69644  65
6863  75
5618  86
56801  63
3499  81
134130  82
74789  68
82461  73
1258  86
88810  80
79132  84
99|11
318  90
161  76
420  62
592  74
196  62
122  59
145  69
150  80
316  72
236  73
588  79
100|20
497  80
296  86
1393  77
95  68
592  76
605  66
6059  72
28  86
2245  71
62  78
4308  76
1777  76
838  80
2125  79
1288  85
234  62
1197  87
2005  77
4014  76
4623  76
101|13
2580  76
3285  63
2723  65
2700  74
2908  72
2390  75
3175  71
2395  70
358  59
2702  64
3394  59
2997  77
2502  79
102|12
158  58
588  70
150  71
592  66
253  67
480  70
344  62
539  66
553  69
593  75
586  61
223  71
103|20
86014  76
1954  82
60040  71
1968  81
77206  76
2161  77
1732  83
81834  83
608  87
2384  63
4254  54
104  75
139642  67
56782  87
2096  74
101  80
6534  61
374  55
60069  84
30793  70
104|20
4740  70
743  54
5218  73
8643  68
1288  79
47997  73
468  66
76251  73
8533  72
4018  65
38038  71
1566  68
7361  81
6060  45
3034  70
1641  74
4641  70
108190  64
616  69
7034  72
105|20
4788  80
69685  79
95311  78
95313  78
110586  78
141816  78
141818  78
170597  77
172587  77
172793  77
173351  77
173535  77
6433  62
4974  63
70286  85
108981  78
95175  78
69122  82
1243  88
3916  82
106|7
69844  87
72998  84
59501  82
86880  79
5349  83
53125  81
59784  81
107|7
231  71
253  76
590  80
165  77
434  69
208  68
318  89
108|16
800  84
6022  71
4995  83
2585  93
5316  67
4975  73
3978  67
5349  77
2926  73
4246  77
4878  83
4994  76
1968  80
1684  67
497  80
5380  80
109|20
380  66
1033  67
231  61
364  73
589  72
480  69
62  67
31  61
587  65
1032  64
586  60
778  73
540  53
256  57
163  67
252  65
223  70
553  69
537  61
168  61
110|11
26171  58
2468  57
1198  82
1089  82
1222  81
1208  82
4881  76
47  78
527  82
1193  82
2428  57
111|20
100194  68
162602  67
171251  67
2145  64
96588  71
65088  67
66203  57
84772  63
2081  68
91529  75
6365  65
45666  53
3255  68
1282  73
6539  74
86833  71
122882  73
59143  86
86911  64
5283  58
112|13
788  60
161  74
1917  63
16  78
21  71
208  63
434  64
39  69
3717  67
19  60
110  80
32  80
70286  78
113|20
4083  71
39  67
3168  72
932  81
2331  53
3359  81
1086  82
3504  78
1339  69
904  83
3546  71
4063  44
4062  64
1077  75
1589  68
2475  61
3831  73
46  63
1733  87
4007  75
114|7
141718  66
54001  72
2291  69
167732  66
122886  73
8961  71
3147  75
115|20
1580  74
2804  80
1387  83
2792  68
3146  56
3273  60
3052  75
2841  73
2719  50
595  78
2700  78
383  66
2027  45
2148  64
2770  63
3785  65
2916  76
3175  74
588  78
1377  67
116|18
2716  72
858  80
1299  75
62383  67
1339  66
1276  79
597  67
1029  65
1101  65
2797  71
2657  65
1961  72
1407  64
5995  76
1704  77
165  69
2115  70
8360  69
117|20
708  66
587  67
589  74
151  68
36  73
1036  73
595  71
288  65
596  67
48  64
315  62
454  69
353  71
474  70
10  69
60  64
805  70
491  63
616  67
485  61
118|5
1221  82
1625  75
153  66
1961  76
1810  72
119|20
95441  76
117176  81
1092  74
91529  86
74458  86
4387  83
79132  88
168252  88
44022  76
78499  88
122904  85
106782  86
442  73
4993  89
31685  75
6365  77
141004  59
4148  72
88744  80
8644  79
120|5
260  75
32  73
5  61
631  60
52  66
121|12
497  70
440  67
161  68
527  76
292  66
344  62
186  57
316  65
1  72
19  57
163  68
337  69
122|20
27660  87
69784  85
7022  92
148652  76
4816  85
56174  85
94959  87
81591  85
71535  90
30810  84
2997  92
1732  92
108932  89
780  84
1090  92
3253  84
106782  91
72226  93
1200  92
1214  92
123|12
68554  76
115569  85
79132  85
109487  84
1196  86
4226  85
296  86
7153  85
143458  76
47  83
96829  86
2858  84
124|10
56145  79
2161  77
260  86
175  81
1358  79
6377  82
4226  85
3147  85
608  85
1223  84
125|20
5088  76
86721  75
110330  74
54503  81
72011  79
162578  83
119145  82
176371  79
55247  81
1240  82
86332  77
68157  85
112623  74
4082  49
160567  87
3342  69
109487  81
88140  76
98607  74
81562  79
126|8
364  73
349  67
231  60
380  66
410  60
300  66
253  66
457  73
127|5
2915  59
903  66
55276  63
5060  64
272  62
128|7
904  91
965  86
926  89
1066  92
1721  79
1080  86
1198  91
129|20
4370  74
480  79
3698  72
2692  83
2138  83
1968  80
8368  82
653  70
7143  82
316  74
6874  83
239  67
2916  78
733  77
4896  80
2028  86
3977  64
3000  82
1907  77
31658  84
130|6
208  62
316  67
292  67
110  74
590  72
296  77
131|14
2273  67
6947  72
58559  80
908  79
4878  76
89745  77
7256  79
68237  77
2722  62
2028  79
48516  80
3178  71
64614  77
969  76
132|20
6251  63
3275  75
4995  71
2987  65
7444  59
3262  63
4168  55
31658  72
44191  70
1089  74
3967  68
5502  60
50  74
58559  74
5992  65
2108  63
1844  75
2657  61
47  70
2470  59
133|7
454  64
356  70
589  68
150  67
153  57
380  63
527  71
134|7
442  65
595  73
349  71
380  70
367  67
509  70
296  79
135|20
592  71
4084  60
893  63
3994  70
2004  68
608  82
1358  75
3852  68
3489  70
1614  59
1198  84
4128  75
1883  65
2302  66
1291  81
410  66
1261  81
4022  75
4881  76
1077  76
136|20
161  69
193  51
585  57
338  56
277  61
380  67
181  47
337  70
437  46
165  68
611  54
151  67
340  63
252  66
432  53
552  62
350  65
280  73
273  58
150  72
137|20
6787  85
2716  81
1198  88
750  89
919  82
1270  85
318  92
150  82
2997  84
1200  83
6986  76
7153  87
1242  87
110  84
33493  76
1197  88
2959  89
1237  87
903  85
7762  82
138|5
2707  64
1960  69
1959  71
849  58
3996  70
139|20
4025  45
7445  51
60684  57
4865  53
68319  48
7090  56
5502  48
260  59
8371  49
53953  50
58025  48
106782  58
6957  50
7163  44
3827  43
3624  46
52722  48
54259  53
4367  45
115617  58
140|20
5699  71
5299  65
1393  71
356  82
609  72
32596  65
4795  70
34072  71
1617  80
5256  53
5943  53
1084  80
4337  71
3108  76
43396  75
4719  58
1005  49
4321  68
5812  78
4259  68
141|20
5418  75
54503  76
4963  76
2478  65
71535  77
317  66
68954  78
54286  74
6365  69
54272  74
4447  67
5502  67
6377  77
6373  69
1265  77
91529  77
2502  80
441  77
1517  72
48516  82
142|8
434  66
384  71
588  76
50  82
527  82
356  81
337  75
377  73
143|15
1721  65
61250  52
6942  70
7169  66
8533  67
106696  68
3421  69
87232  71
78316  69
69069  63
59421  54
2144  68
96821  71
7173  60
500  64
144|20
589  79
541  81
8368  79
597  72
590  77
410  67
1246  79
527  82
356  82
500  71
19  62
2700  77
434  66
733  74
780  72
1036  78
5377  77
552  68
586  66
2081  73
145|5
344  64
339  68
380  69
318  80
588  72
146|7
7293  62
3257  55
32  68
1367  56
3686  53
410  57
47610  65
147|5
1234  71
168  60
552  61
555  69
2395  65
148|10
88125  78
5618  81
108932  78
81847  78
72998  75
5816  75
8368  79
7153  81
81834  79
4993  81
149|12
1097  59
1374  59
1831  41
1527  59
260  65
173  45
1206  64
1200  62
2021  56
1580  56
1391  51
1375  52
150|6
3  68
1356  75
5  66
95  64
733  72
1073  75
151|12
786  64
562  70
780  69
837  67
747  61
1265  76
828  69
1073  75
1  76
648  70
1393  70
1359  59
152|13
50  86
2959  87
116897  84
89492  81
1193  86
69481  83
85774  78
115713  83
111  85
92259  86
1234  82
79132  85
318  90
153|20
134853  57
1732  55
8533  50
4014  48
81456  43
106782  56
8528  51
6863  48
87194  50
2617  44
1246  56
106100  55
1954  54
7458  49
4226  58
89904  54
72998  52
133780  50
586  43
36535  53
154|7
114662  82
119145  85
81834  86
122904  84
106072  76
76093  85
77561  80
155|10
153  64
3286  48
1200  77
260  80
141  71
2355  71
2384  62
2948  75
432  60
2959  82
156|20
26313  73
31038  73
1230  78
1711  64
3341  86
6296  75
762  55
2361  60
2076  79
4784  65
661  70
2926  71
8571  73
47  80
3176  71
58  82
848  67
866  81
1485  66
923  81
157|5
785  65
3617  63
2720  52
2770  60
527  76
158|6
1093  68
2605  64
2872  71
2723  66
2428  57
66320  68
159|20
2959  78
60069  74
45720  66
597  66
4022  69
89864  68
49286  64
140110  65
84954  62
4447  62
1197  77
68954  73
6942  70
1961  71
106696  68
480  69
539  65
166643  68
40819  70
63082  71
160|20
126  36
1371  50
1198  71
196  45
3408  59
5349  60
3213  69
2408  41
839  45
3593  25
2748  25
533  47
1975  45
1676  55
3745  57
2011  58
733  60
3826  39
778  68
2840  45
161|8
4980  64
7247  68
47610  74
1223  80
38038  72
3429  81
2144  73
2336  74
162|8
150  86
225  81
168  75
50  91
300  82
266  79
31  75
62  83
163|5
1608  60
1810  62
1747  61
1777  62
1837  50
164|8
1036  84
2916  81
110  85
589  85
3527  80
1101  75
1201  87
2167  76
165|13
2353  70
3624  65
110  77
5505  67
5527  72
3256  70
5956  71
5418  75
5530  54
5450  67
1127  72
3409  63
5881  65
166|20
33794  83
1721  77
4011  89
5378  73
3481  81
49530  82
2353  78
47644  69
54272  81
8961  83
1198  90
2542  88
1036  84
608  88
434  71
5219  72
5418  83
2396  83
349  80
2324  87
167|20
33493  68
4886  74
778  77
3052  70
7147  74
6857  71
45501  58
6480  68
1682  73
2231  74
784  58
33794  74
2083  72
2413  67
6333  72
8961  74
2139  69
150  74
6773  73
35836  70
168|19
3730  94
1248  96
1201  93
1089  95
296  94
923  91
1222  93
5291  88
3543  86
1302  84
3362  90
1148  91
3101  75
57669  93
2076  89
1729  85
908  93
85354  76
80463  89
169|20
3536  78
2028  92
364  89
953  88
4886  86
5400  72
8644  80
524  79
2795  82
1022  80
3114  87
3967  86
1517  82
1035  87
8641  84
6365  78
661  78
457  89
3287  64
1416  78
170|10
318  79
296  75
586  62
377  67
34  68
592  66
277  63
500  65
266  65
588  70
171|17
485  77
1220  90
1025  87
801  76
1259  93
1079  92
828  84
317  81
869  85
380  85
1136  95
1225  96
661  82
318  100
47  92
1198  97
1208  96
172|6
3087  67
3578  78
7438  77
2072  66
3793  75
2762  78
173|5
10  70
329  67
586  63
597  69
588  73
174|14
553  74
520  66
224  73
648  71
161  73
317  67
158  61
780  71
315  64
485  64
282  67
440  72
350  69
10  72
175|5
531  61
8911  66
43904  36
38388  67
8362  50
176|8
165  77
434  69
39  73
368  75
380  76
780  75
47  82
471  75
177|20
42002  64
91542  72
6332  62
3668  72
45672  62
783  67
27706  64
2657  65
114662  72
1206  79
83132  75
5218  73
508  72
3114  76
1321  66
2176  78
8798  74
88140  70
2012  67
339  69
178|16
7361  88
527  87
2329  88
5995  86
6502  84
4235  84
1198  88
208  69
6539  82
296  87
349  78
10  78
4226  86
1240  83
2579  82
318  92
179|14
367  69
589  80
161  75
231  68
288  70
743  58
1061  75
317  69
786  67
592  72
671  71
296  83
434  67
364  80
180|5
1261  77
260  79
1748  75
1242  78
2140  71
181|20
157  54
593  71
596  61
353  64
539  62
516  58
132  54
169  47
25  63
31  57
542  50
6  69
707  54
185  56
464  53
502  47
415  50
480  65
592  61
344  57
182|20
4879  72
6969  72
3911  74
2728  72
4313  73
8042  79
1291  81
3113  55
3578  79
1590  61
161  74
4452  55
224  74
4980  63
4262  78
2353  70
2890  75
1127  73
541  82
6041  77
183|12
480  76
380  73
1196  83
2951  80
2534  49
4085  72
1287  79
2194  79
3247  64
1233  83
2662  68
1408  78
184|20
158035  71
181413  70
193565  70
97304  78
74754  65
168250  74
191005  70
106072  70
166291  65
127152  85
86332  74
80463  79
5816  74
122898  62
81845  80
5810  69
170813  71
174479  70
112852  80
148626  77
185|10
1685  66
2396  72
5377  72
1721  67
5952  75
1393  69
595  71
2085  67
4995  74
899  75
186|20
2605  71
1214  85
1291  87
3745  77
1269  85
2527  77
2532  66
4361  77
1307  84
2968  82
4306  84
2541  76
1702  67
480  82
1097  82
3977  66
919  84
3527  80
593  89
1196  89
187|20
26122  74
3949  80
49272  82
231  68
1206  84
6874  83
1729  77
1209  86
48394  79
6502  82
2701  54
4027  79
288  70
2542  84
7153  85
39427  61
6890  79
1222  85
8949  77
1748  81
188|10
2346  78
1212  92
594  84
1282  87
3469  84
2396  87
1091  69
3341  94
1264  86
2206  86
189|5
48516  86
4993  85
79132  85
2959  86
58559  86
190|14
6711  83
4776  79
8784  78
4995  82
5630  73
4306  80
30749  79
1221  86
4975  73
8961  80
858  87
8464  76
69844  80
7438  80
191|17
496  72
21  71
72  63
175  78
494  70
417  72
17  73
6  80
85  73
292  70
314  76
58  80
235  72
213  65
161  74
160  61
162  82
192|5
356  84
288  73
316  74
349  77
432  64
193|7
44555  80
55442  79
4878  78
6016  81
307  76
1270  79
5618  81
194|5
163  70
1396  68
1500  70
1288  75
5060  73
195|20
3424  80
2770  60
1041  90
1653  79
1923  73
3160  74
4723  50
1863  54
2336  73
2166  52
4308  71
1909  70
260  82
2028  82
3252  71
2908  72
1392  74
1365  73
70  71
190  67
196|7
70286  80
3578  80
59315  79
58559  83
364  81
1214  80
110  80
197|7
1513  69
1240  82
1882  54
786  70
2167  74
153  68
1784  79
198|20
3894  70
3499  75
920  70
1213  83
3949  75
1994  69
1485  62
2572  70
4019  75
1089  82
110  77
593  81
4128  72
1270  79
4886  75
1079  77
2117  73
912  81
1573  68
1682  74
199|20
5464  69
2165  79
2280  60
736  65
5673  69
349  71
5502  65
482  73
8532  69
1172  79
300  70
50068  73
4881  73
3175  69
7445  70
2973  75
34338  66
41997  73
1956  76
377  69
200|20
3809  74
7022  82
50802  67
3968  68
2485  63
500  73
5610  48
590  80
1029  72
53996  73
2572  75
4993  85
4041  75
57640  81
1302  75
1784  78
6383  59
1653  83
1569  75
1517  76
201|20
1748  84
1527  82
1584  79
2858  86
339  77
589  86
2717  68
994  89
788  66
1196  89
2797  81
733  80
1259  86
2174  77
1198  90
2455  76
1569  78
1213  90
160  68
24  72
202|20
3329  75
924  81
29  83
2289  80
1197  87
1196  86
2966  82
161  77
608  85
1209  86
1296  76
3194  75
1784  77
469  79
923  83
2000  78
1587  69
1719  89
3147  86
32  83
203|9
56174  74
8665  77
2407  70
5952  81
590  78
49272  80
40815  78
333  77
296  83
204|17
1136  86
3949  82
33794  81
48394  80
27075  75
1080  82
79008  84
6104  87
8874  83
81591  76
4878  83
91658  76
711  70
2313  82
86320  74
55820  82
5218  79
205|6
912  84
99114  81
91542  79
5816  77
95167  77
96079  80
206|5
36  81
608  84
733  77
140  73
141  75
207|5
2991  56
2428  39
2707  51
3740  58
100  44
208|6
1210  74
2628  61
380  66
2353  65
2278  66
2762  71
209|7
60684  85
1291  87
68157  88
74458  86
185029  86
122886  85
88125  84
210|20
123553  77
34405  85
166203  76
3147  89
31696  78
7649  63
58559  89
2105  77
6365  76
34397  78
4625  52
84772  74
122926  86
76093  84
62836  78
33493  78
1584  80
47610  82
108932  83
122918  83
211|18
58559  86
63113  75
90405  75
57669  85
60684  81
7153  85
73017  80
2105  73
4367  69
356  85
2642  56
1556  47
318  90
44665  81
85414  78
1198  86
1136  85
260  86
212|20
170697  77
122920  75
122892  72
2571  81
5218  74
48394  76
3578  78
1196  81
135143  74
74795  72
179401  74
79132  80
77800  77
108932  77
110102  75
96821  76
8874  78
65261  77
59784  71
2291  75
213|17
3285  69
87520  63
80363  69
76251  79
8957  71
2860  61
1234  81
5419  69
51935  81
69844  81
39446  69
4132  60
858  87
69526  65
4558  59
49530  79
58559  85
214|5
83  57
628  62
743  51
1363  56
802  60
215|20
1172  84
4973  85
63082  80
1291  83
2028  85
3252  75
3210  73
1968  79
1247  82
49272  81
1089  85
72407  64
5650  76
318  90
1208  86
2000  77
1197  86
1196  85
1297  77
4019  79
216|20
104  71
21  72
3996  76
3946  58
2946  67
3993  70
3897  79
2599  74
34  74
3994  71
4034  81
3363  78
1965  70
3422  67
3555  71
3253  72
2087  74
3986  62
2018  70
1923  75
217|20
1867  60
3434  60
1275  63
2468  44
3197  49
1912  65
2302  55
1876  52
380  60
1221  72
2471  45
1918  51
1385  50
3165  69
1590  51
1562  42
1703  50
2056  60
1831  43
160  51
218|6
2657  64
2692  73
1380  62
1198  76
6934  62
5349  68
219|20
60072  61
2115  69
59315  71
6539  71
442  59
30707  72
1704  76
180  63
1219  74
1005  43
27773  73
56156  64
6188  65
6721  65
30825  59
2997  73
1552  57
1500  68
2890  69
1921  71
220|20
3996  81
733  79
1198  90
3994  75
6539  83
1258  88
1917  68
4545  71
33794  82
165  79
71264  80
4623  77
53464  63
5218  80
6365  74
3751  78
32  86
1036  83
5502  73
1591  62
221|20
4338  80
7013  86
8529  75
1080  85
3246  91
2871  87
1208  92
7063  90
2702  73
4029  85
5954  85
2352  84
922  93
2997  87
1278  87
2858  88
1212  89
1959  85
1961  85
3671  85
222|20
81831  65
100498  51
48516  76
1249  75
99813  71
91529  72
59900  59
93287  69
1721  64
2706  64
3273  53
2411  54
64622  63
7143  71
87869  68
778  73
30825  60
42011  48
673  55
64839  70
223|15
55854  64
6711  73
1  72
736  62
1961  70
457  72
2716  69
48394  70
608  74
8784  68
48516  76
3863  60
4306  70
260  75
2683  61
224|11
3496  77
3044  77
356  88
2915  76
289  73
3668  79
1270  86
2797  80
1721  75
2716  81
1259  85
225|15
2423  70
1285  74
588  75
1717  63
2791  76
1321  68
1136  80
1197  82
1753  70
2004  68
2371  64
1407  67
785  68
1060  74
3024  62
226|20
6938  70
32666  70
3552  75
542  56
1240  76
3098  73
2804  76
3668  73
3653  73
2231  76
145  65
2253  53
3052  72
2628  64
762  52
53129  81
4816  70
16  76
2144  72
46948  63
227|19
46976  82
52319  78
81845  87
109487  86
134130  86
215  86
48738  85
47099  84
1196  89
32587  84
912  90
55721  89
1682  84
750  91
778  87
40629  81
97913  84
70286  85
150  85
228|5
2571  81
1373  64
362  73
318  85
3113  63
229|13
34  74
589  79
377  73
45  70
587  72
5  67
475  84
442  67
597  73
364  80
213  70
110  79
527  82
230|20
34330  60
52715  61
47  67
7438  67
527  71
3147  71
45499  59
6537  56
2291  65
1387  69
6863  60
1485  55
595  65
4022  64
2096  59
588  65
4034  69
1676  59
8644  60
2641  54
231|5
92259  84
858  87
593  85
1198  85
109487  81
232|20
31867  67
41769  67
57526  67
70336  55
8644  66
1586  56
44972  50
4019  73
43928  44
30883  34
65802  57
8376  65
39292  73
1035  74
66198  60
66097  70
32011  47
6564  50
7451  72
33164  41
233|20
48394  72
3751  68
48516  78
1721  66
356  76
106100  72
162600  67
608  75
7153  76
134214  70
57669  76
122920  71
2329  77
4239  71
7371  73
3977  56
3147  76
3948  65
49272  74
5418  71
234|20
2616  61
2140  70
172  57
126  49
1562  50
4519  66
153  60
2710  58
3624  62
3483  61
1391  63
438  55
1460  70
2987  70
65  53
260  80
1359  56
3175  70
588  74
2080  67
235|13
480  73
736  67
500  68
454  71
592  69
235  71
595  73
32  77
527  80
648  70
223  75
588  74
377  70
236|30
1214  78
1278  80
1345  67
1350  77
1387  81
1388  56
1982  72
1997  77
1998  30
2447  63
2459  65
2490  69
2496  61
2502  83
2505  58
2542  82
2572  70
2580  79
2596  72
2598  57
2606  52
2657  66
2683  64
2694  65
2718  65
2770  57
2806  40
2858  80
3024  58
3052  72
237|10
32  73
4254  50
94959  71
293  73
1371  61
1193  75
7361  75
7980  70
43936  61
1374  70
238|9
4954  73
3528  73
4265  64
4901  70
4238  65
593  81
4499  80
4957  47
1193  81
239|20
58559  89
5459  69
4085  77
380  78
95  69
7445  79
608  88
7147  84
6378  80
2115  81
4896  83
36529  81
3994  76
33679  75
47  85
590  83
4022  82
208  69
733  80
51662  81
240|20
368  74
543  72
480  79
367  70
810  54
500  73
546  53
110  82
173  62
1  82
542  61
104  74
34  76
174  63
204  62
225  75
383  67
262  83
434  67
420  62
241|16
81786  75
71899  84
527  86
1206  84
1193  86
99114  82
100714  70
8981  79
53123  82
116897  84
56367  80
3910  81
106782  82
115569  84
4235  82
48780  83
242|7
39  68
380  71
231  65
457  77
592  70
454  71
111  78
243|8
112  76
353  81
62  80
588  82
193  64
586  72
181  60
376  74
244|19
3090  80
1049  71
110  80
257  71
165  74
151  72
1090  79
3755  67
2278  72
648  72
1580  73
1957  78
1610  78
1196  83
3256  71
1573  70
1242  83
3753  71
2243  71
245|5
3196  61
2739  61
3114  60
3274  55
1361  64
246|20
1304  88
616  80
1680  82
6016  92
3081  80
44191  87
60684  87
4973  93
1732  88
1298  83
53125  79
2291  85
2692  90
293  89
4011  92
5013  82
60069  89
48082  86
82202  69
95167  80
247|20
48516  85
593  84
2858  81
49272  80
1961  78
44191  79
527  84
116797  80
68358  78
122886  79
480  77
223  78
1265  80
2078  77
1198  85
1682  78
6377  80
1089  84
953  80
919  78
248|11
4886  78
1198  83
166528  81
176371  80
316  72
147374  77
102903  75
189333  78
122912  79
58559  83
5218  76
249|20
110350  73
102903  71
2167  71
94959  76
84601  70
2395  73
97306  73
3408  74
89047  73
91500  74
91542  77
40815  79
69844  79
904  87
46723  73
3826  55
68791  72
88812  62
67695  62
50  86
250|6
1282  80
2407  72
318  91
1597  68
1246  83
8880  73
251|5
142115  97
293  94
356  97
318  100
1089  97
252|8
164179  85
89745  85
6377  85
164909  81
1682  83
166643  82
143355  79
78499  86
253|10
44555  90
916  90
608  91
2300  88
7099  88
4217  89
26366  80
1192  96
4642  90
3363  86
254|20
46578  83
44195  85
207  77
49278  74
6333  80
780  76
110  84
1210  87
49272  83
27846  83
32587  82
2571  86
44929  84
47  83
293  84
1580  77
5995  85
32  85
592  76
48394  81
255|9
1270  62
4467  60
2023  53
3501  35
1663  58
1394  61
3392  43
2542  63
2915  54
256|20
3247  67
88744  76
377  77
4973  87
53972  75
118696  76
95441  73
104841  77
71535  82
2953  63
81229  78
53121  70
30707  82
2571  86
68791  74
170  72
6942  80
90405  75
6537  71
33493  75
257|5
1500  68
594  68
2502  74
494  65
2406  65
258|5
4995  85
7147  83
72641  78
76093  83
47099  81
259|6
508  61
5945  53
1784  61
4886  65
1356  65
1584  60
260|20
7361  85
3556  77
162  83
903  81
5690  82
6337  76
4878  80
5617  80
342  69
5219  67
2997  80
8011  83
1206  82
3317  76
6709  68
8874  81
2348  76
3822  79
2959  86
8645  84
261|11
3897  79
16  79
2060  66
296  83
2723  67
1682  77
4085  71
2194  79
7361  84
4238  66
58559  83
262|12
708  62
539  63
457  70
322  64
339  63
85  66
26  66
17  66
213  61
273  56
593  73
728  63
263|20
223  78
150  79
500  71
2987  74
2953  60
110  81
4226  83
8370  80
1197  85
7458  73
708  72
1111  83
2125  77
6942  77
5013  74
163  75
457  81
8636  77
1967  78
2085  72
264|12
7841  87
1376  70
151  71
5816  73
1907  72
1320  65
1917  63
150  76
3578  78
1090  77
253  71
1876  64
265|20
3807  66
316  65
253  67
1302  68
724  59
1240  72
3504  73
230  65
3831  69
1956  74
3098  70
529  72
1270  75
3791  62
1177  78
2322  58
1488  61
2474  67
1198  78
1962  69
266|20
476  71
2812  71
2700  75
2278  70
24  64
2770  58
2702  63
64  49
1405  58
2580  77
1527  74
2167  67
457  79
1580  70
2300  76
1923  73
2094  66
132  61
2571  81
2097  61
267|12
2858  87
593  90
1175  86
3006  83
1302  79
3999  65
3113  64
1093  76
589  87
2571  89
923  87
3996  83
268|20
1641  70
587  65
1125  69
1911  53
2802  59
1036  72
1370  66
50  77
2064  72
1784  68
1912  72
1966  65
454  68
1234  73
2247  58
1394  74
2829  59
802  65
260  77
2858  74
269|6
724  63
743  56
95  63
1  76
63  60
648  70
270|8
661  59
62  63
79  51
628  63
14  64
1356  66
141  61
25  62
271|9
3897  68
32  70
2791  68
969  69
6787  70
2858  70
55765  70
1320  59
2288  68
272|7
177765  77
1240  76
51662  75
122922  78
49272  78
158238  77
6365  70
273|11
440  76
593  86
500  73
608  85
223  81
111  85
150  81
21  75
466  65
235  76
520  70
274|20
50147  67
2947  73
3037  78
1645  66
4951  65
2036  45
1359  53
35957  66
553  70
76293  64
3918  61
1503  46
45431  66
4816  66
54999  66
5667  68
4876  50
56805  65
1921  73
54004  65
275|20
1784  82
2289  86
5884  81
1171  76
357  78
1912  86
2539  71
235  81
4886  86
2572  79
2355  79
3253  78
1192  99
926  91
111  91
2100  71
3089  96
1393  80
1719  96
1392  83
276|9
673  71
356  91
466  71
104  80
631  74
648  81
2  80
1367  75
344  76
277|6
637  64
736  67
656  62
1  75
780  69
260  78
278|5
2371  68
1347  68
4002  78
318  89
2369  64
279|20
134130  79
1101  69
166528  78
90405  71
61132  72
79132  81
56782  82
97913  76
1608  69
4226  81
59315  77
88129  76
54286  75
1258  81
8665  76
58559  83
4993  81
8376  70
107406  72
1200  78
280|20
92535  85
344  69
262  84
3146  59
4239  80
4447  72
8638  78
919  81
72641  77
86817  60
8368  82
49530  79
6863  74
35836  77
55052  75
54503  81
4246  77
48516  87
1911  63
3916  78
281|5
46578  68
8361  57
35836  65
3897  67
3861  54
282|20
5995  87
3977  66
3263  68
25  79
6708  82
2683  73
4718  71
6711  87
5481  69
6863  77
5669  82
3752  74
588  83
80463  85
1921  84
1193  89
4369  72
48322  83
1194  81
784  68
283|7
1580  66
39  63
1704  73
356  74
586  60
2082  54
805  67
284|18
474  74
173  60
2  71
296  82
15  63
348  73
248  68
318  87
47  78
353  75
275  44
44  58
339  71
367  68
276  68
165  73
637  65
235  73
285|8
1193  84
949  80
1247  82
6978  69
113207  73
4447  71
441  81
296  84
286|20
454  74
778  81
5989  79
1333  74
165  74
500  70
7438  78
2294  68
4993  82
4995  80
7361  83
70  72
4980  65
1258  82
4963  78
1097  76
4848  78
539  72
377  73
110  80
287|20
3160  59
3578  63
223  61
2633  66
1059  58
586  49
3005  47
532  49
1193  67
2599  58
2028  67
1485  49
3826  39
2081  56
8949  58
2012  55
101  59
4034  65
2422  30
2115  59
288|20
4473  66
4966  66
1008  66
2867  66
42015  62
141  66
2571  76
13  62
53519  61
2407  62
5418  71
3916  68
2347  40
2528  61
30810  64
575  51
32587  71
587  65
2517  54
8361  58
289|24
3  66
16  78
235  71
266  67
594  72
708  68
750  85
1080  78
1101  66
1208  85
1220  77
1258  82
1917  59
2012  68
2174  69
2710  56
2797  74
4322  72
6125  70
6327  70
6453  70
7025  50
7028  70
26704  80
290|20
1228  89
1299  87
2494  89
2739  87
608  89
2130  81
908  90
341  79
1447  73
342  75
1056  72
1719  94
953  87
928  88
1394  87
2648  83
475  93
2731  86
1357  86
2385  52
291|7
40815  86
122892  82
106489  82
134853  88
7153  91
88125  86
1  88
292|20
520  62
103339  60
122900  72
4896  72
2291  72
474  70
85056  62
46972  62
95167  67
164909  67
3176  66
3476  67
1608  65
31221  45
1101  64
3985  64
3984  67
1017  66
69844  73
231  61
293|5
1682  59
1673  61
344  53
1617  61
1097  59
294|20
416  38
3869  56
1064  52
2794  42
610  56
2133  55
1391  51
3868  55
1129  55
520  51
3387  48
355  37
2378  47
3693  38
785  53
2193  55
2367  46
2458  42
348  57
3501  36
295|9
1221  83
3198  76
1287  77
1213  83
4351  67
1198  82
858  84
318  87
2329  83
296|6
160848  72
2028  85
169034  72
4144  84
50  86
2324  83
297|15
832  52
543  50
1645  52
111  61
454  54
1089  63
6  60
1249  62
1047  49
1370  53
1488  48
150  58
170  50
1092  48
866  59
298|20
57640  60
95510  52
6811  42
8370  61
8807  55
63131  56
6881  53
3785  45
122900  59
103042  53
6294  40
2167  51
2005  55
6006  46
653  48
55995  43
3018  51
69757  56
103772  54
3825  43
299|5
3793  75
1387  79
188  72
1198  81
1214  77
300|32
318  89
356  83
527  84
593  83
1172  84
1704  82
2028  84
2324  82
2329  84
2571  83
2762  78
2858  80
2959  86
4848  77
4973  84
5995  82
6016  83
6711  81
7361  84
8950  80
48394  76
56174  69
63082  77
79132  82
81591  70
92259  86
99114  78
109487  79
112183  65
112290  75
112552  80
112556  76
301|20
21  67
357  67
2490  67
6711  76
589  75
8949  70
837  64
3948  66
364  76
527  78
5989  75
4963  74
608  77
292  67
3578  75
3897  74
4226  77
3753  66
1393  68
1792  62
302|7
480  79
14  78
3  72
25  76
648  76
707  67
110  82
303|11
5378  68
3703  80
1127  74
5544  77
1196  84
3471  76
1580  74
1394  81
2683  69
920  74
1358  77
304|20
314  79
2571  86
2433  66
10  76
1376  74
480  79
1373  62
1777  75
1270  84
1517  76
151  75
356  86
208  66
474  78
1214  82
1375  71
640  60
1722  68
185  67
2701  55
305|20
74624  77
140627  75
87869  79
919  83
1197  91
106100  81
138210  73
788  63
7482  87
80590  64
103075  72
903  86
6537  71
93840  82
54736  79
592  77
2288  84
58803  81
55276  80
1272  86
306|20
5784  51
68954  74
69644  60
6377  73
95543  66
81847  72
111743  64
85367  65
168418  72
167018  68
72998  69
122904  73
69406  66
85788  59
4963  71
115664  66
134368  70
112852  75
161634  66
133419  67
307|20
2190  59
4181  59
31424  59
49314  59
5010  64
7845  52
3392  45
1220  64
6793  32
6483  17
2332  23
56003  51
1991  45
3273  44
4876  41
3421  62
1409  43
413  48
4447  55
52867  59
308|20
2959  63
45517  51
96821  57
72998  54
318  67
2  51
904  63
589  59
8961  57
56152  55
56367  56
5618  61
36  57
410  47
79132  61
4993  61
8464  53
1221  64
2248  57
6  59
309|20
2202  85
1645  73
898  88
1682  79
296  85
1089  85
1269  81
7153  84
6947  76
8340  78
1104  90
7218  74
25886  90
1219  82
8154  87
971  83
1944  83
6365  72
1262  82
2762  80
310|13
6863  68
6947  71
1101  66
6503  53
2524  70
2457  67
5899  75
733  71
246  81
3254  66
1223  78
1080  75
2671  68
311|6
6561  47
5992  51
1517  50
6461  52
1407  47
2706  49
312|20
5816  75
1375  69
3499  79
589  81
2454  71
1358  76
4878  80
4103  78
3793  76
2028  84
1371  66
4121  67
2366  74
2747  62
4105  76
5446  71
2699  63
2529  79
1350  79
1356  79
313|20
4980  61
170  65
3917  65
2455  67
5544  74
541  80
2193  67
2000  72
6  78
1968  74
1089  82
1301  74
1240  75
3175  69
4865  73
2005  71
2167  66
1375  65
2087  71
2530  54
314|20
7  58
1042  59
44  50
165  64
457  70
293  70
597  63
329  61
442  57
26  65
830  57
728  62
618  62
107  60
536  54
10  64
1376  62
153  55
208  55
150  68
315|7
1262  73
2729  66
2529  71
2067  73
2553  62
909  70
902  70
316|11
1748  67
253  63
3968  57
158  54
5445  65
3751  63
7438  67
6874  68
48  59
3882  53
2572  63
317|20
133115  72
73321  71
91529  79
74545  76
7445  74
1213  86
48774  80
4262  79
1884  80
5989  80
3578  80
4011  84
68358  79
1208  85
72011  76
3897  80
3499  79
96829  85
116797  81
56782  83
318|20
26713  74
81191  74
90245  74
111817  73
127180  73
145080  73
150696  73
7445  75
1090  81
116799  79
82459  76
48385  71
2294  70
64839  79
88125  79
109487  80
4021  91
33794  80
54286  77
89753  77
319|7
115617  88
6377  89
356  92
136864  72
1221  94
122904  88
110  90
320|5
72998  70
71535  73
31184  69
59315  72
1013  63
321|12
587  70
356  79
160  63
592  70
597  70
780  70
339  70
355  54
410  66
3  68
500  69
457  77
322|20
2882  42
1968  72
2542  77
58559  79
2788  76
2146  69
2617  63
2918  73
778  76
2599  70
4027  73
4993  77
1230  73
51540  72
1  75
1617  77
1923  70
4010  59
11  71
1035  74
323|20
377  64
480  67
356  72
1094  62
161  65
115569  72
1198  73
29  70
551  64
22  59
318  77
112183  65
253  64
111659  60
3257  56
260  73
150  68
329  62
342  60
266  61
324|5
2764  67
3972  65
3864  32
3949  64
3897  64
325|20
2848  71
235  72
2986  59
262  79
1573  69
2596  72
1584  72
1217  86
1676  68
4714  44
3770  52
3261  67
2894  71
2155  71
1279  80
1614  59
3994  69
2268  76
2915  70
5008  86
326|20
8665  81
47610  80
20  60
2858  85
86882  77
5418  82
4973  88
133771  80
48774  84
2324  85
1293  82
2692  86
72605  75
70159  67
54286  79
5446  75
6591  91
4226  87
105844  78
31410  81
327|10
3301  77
150  82
858  89
1923  79
51255  83
48516  88
1304  83
765  71
6888  56
2706  76
328|20
2687  64
112852  74
70286  72
1196  77
457  74
364  74
80463  73
3489  65
318  83
595  70
5349  67
2542  75
1219  74
35836  67
3751  67
79091  68
7153  76
596  64
2398  73
1148  73
329|5
130482  52
136850  52
858  64
1884  58
750  63
330|20
5378  66
316  70
1639  74
2918  79
919  78
3949  78
3535  77
5349  74
380  73
1676  69
2502  83
3703  80
1682  77
2683  67
1206  82
1721  71
2791  78
2081  72
8874  80
592  72
331|20
8874  79
6157  57
88125  76
6539  77
3897  78
4446  71
7361  83
50872  76
4995  79
4306  77
6874  79
5502  68
3911  74
608  82
4447  68
593  83
3751  73
8665  76
4367  64
2959  84
332|20
47  78
1653  79
1258  81
316  70
8983  72
431  75
97757  71
2291  76
1835  70
356  82
5502  68
4308  72
1203  81
1682  76
1249  82
76251  75
2905  82
318  87
2294  67
32  80
333|5
3785  49
3752  52
3616  52
3615  51
3646  38
334|20
55820  75
1196  78
1580  69
1291  76
3996  72
589  75
30810  68
4027  73
1  75
64957  70
1625  71
50601  62
44195  76
27416  75
6867  70
2997  75
293  76
480  72
5378  64
51935  74
335|6
780  68
592  68
356  78
296  79
2699  59
2001  64
336|12
1267  92
1  88
38798  74
33660  90
1784  83
2001  77
2268  86
293  88
1625  84
4886  86
50  92
150  86
337|16
318  94
47  85
16  85
805  81
1393  80
266  76
667  63
168  72
784  69
65  63
110  86
708  77
25  80
1356  85
277  73
786  72
338|8
189111  62
190207  62
190215  62
190219  62
7153  72
593  73
187541  63
185029  71
339|20
72641  79
5445  82
84152  86
96079  83
106072  75
69122  81
5617  86
41285  76
56869  78
48322  84
65216  84
91630  80
86504  86
91529  85
83613  71
4993  89
3470  89
102407  76
2028  90
5952  87
340|28
10  71
110  80
150  77
153  58
161  73
165  72
185  60
208  58
253  71
288  66
292  68
296  84
316  67
318  89
329  67
344  62
349  72
356  83
454  72
457  79
480  74
589  79
590  76
592  69
595  75
648  70
780  69
1356  78
341|11
2335  68
3624  68
130087  67
1370  73
135137  67
117529  73
5459  66
45672  69
1  79
47099  77
4025  67
342|14
2683  57
2598  53
2881  56
2369  51
1268  62
2605  55
2599  63
1198  70
3157  51
3826  47
2428  47
2827  44
3863  56
1959  64
343|12
858  90
3000  83
48394  82
4226  86
4878  84
3993  75
2571  87
1617  86
31658  86
55363  85
55820  83
296  88
344|14
111362  76
380  72
316  70
2628  66
4226  82
2571  82
4014  71
2012  70
4034  81
260  83
2541  69
4973  83
5418  77
2712  71
345|13
1019  75
2539  68
926  84
5902  81
8810  64
344  70
5707  66
2366  76
56949  71
3649  59
6658  67
3489  74
412  74
346|20
3174  73
778  81
608  82
6711  81
6286  81
306  82
7323  75
307  78
3535  77
1212  82
357  72
3949  78
714  79
7937  81
7396  80
5878  81
1120  73
1131  81
3627  77
7115  70
347|9
434  64
590  74
39  68
150  75
454  71
380  71
587  69
317  67
457  76
348|11
318  100
2324  93
4368  65
1213  96
6016  95
2959  97
6893  90
4973  96
1221  97
1960  87
2019  95
349|8
10  73
161  74
589  79
381  77
349  74
231  68
588  76
509  73
350|8
852  63
7  63
637  62
648  67
733  68
12  53
858  77
661  65
351|20
88932  71
87222  71
73344  83
52579  64
2231  77
88744  73
43836  64
79132  81
597  72
58559  82
12  55
8914  77
8950  79
63082  77
6214  77
90376  72
84152  79
480  76
4878  79
1193  82
352|20
72998  76
71745  63
1801  77
34319  71
2600  80
65682  78
1080  80
79695  69
110730  58
38038  75
130490  68
97752  77
1214  81
94864  71
41566  73
56587  70
44191  81
114935  78
59315  79
47610  77
353|18
552  64
25  69
267  60
216  68
367  64
288  65
144  66
186  58
333  72
266  66
112  66
198  64
234  54
145  64
293  76
158  57
163  70
296  79
354|20
1610  78
4306  78
2692  81
3147  83
47  80
903  80
733  75
3977  62
1225  83
35836  74
648  73
44191  79
8665  77
1917  66
7147  78
1923  75
589  80
2959  85
4718  67
1196  83
355|6
316  73
1580  75
3035  81
3175  75
317  71
916  82
356|20
2248  83
52435  82
52975  78
7122  78
44889  77
1641  82
2706  76
4011  89
802  77
7323  80
2502  88
56367  81
1223  87
55118  84
3949  84
3996  82
1246  85
1466  82
223  83
7153  88
357|20
4354  77
8998  77
27329  77
2804  83
595  81
529  83
4663  60
4091  71
1224  85
1242  88
34  78
208  68
58559  88
6296  79
30793  70
1042  72
2100  69
551  77
471  76
2067  87
358|9
26095  63
605  53
5066  61
52328  65
2226  63
42728  60
7361  74
69844  69
36525  50
359|15
405  51
1092  62
1101  64
51412  59
648  68
296  77
1097  71
2396  71
2424  61
593  78
2701  50
2942  57
1682  72
2530  55
4995  74
360|5
1422  49
1620  54
1488  56
1711  54
1414  56
361|20
47099  69
1580  65
377  65
1552  58
49272  71
1263  69
53125  65
589  71
49822  64
8360  66
318  78
2529  69
5218  67
6188  64
2422  41
3082  61
1732  70
1370  64
46972  60
7458  64
362|20
1945  89
592  79
6539  85
51540  84
5989  87
637  74
70  80
7153  90
1252  91
44665  85
407  76
6874  87
2959  92
1196  90
1208  91
8961  85
48516  91
7438  86
356  90
1201  89
363|6
1552  58
1732  69
1517  65
296  73
653  59
318  77
364|5
858  89
9  73
783  77
376  74
1  84
365|20
59315  64
81229  61
128975  50
6874  66
90345  66
158872  60
129354  57
103075  56
135536  54
70286  65
112852  68
76077  56
112818  64
1777  59
6502  66
155820  36
541  68
95720  52
93270  44
135569  60
366|7
116797  83
59315  81
33794  81
91529  83
2028  85
122882  82
7438  81
367|20
926  86
3061  73
1270  85
1287  82
486  57
3536  73
3824  59
2384  62
3072  75
898  91
3618  74
3225  55
2248  81
3157  62
3969  76
3717  70
1259  84
4023  67
1196  87
1258  86
368|20
3753  60
2112  54
1944  69
2986  50
3869  61
1214  67
2947  66
415  48
3035  68
832  59
50  71
2819  64
1801  63
2490  60
1917  53
1391  55
2193  59
225  61
161  63
2881  55
369|20
1256  71
785  66
47  74
2706  68
839  59
377  69
52973  71
743  54
4214  60
5418  73
3863  63
1372  66
27904  71
60069  76
2857  64
1967  73
150  73
2011  68
1580  69
3174  69
370|19
4011  80
4878  77
8961  75
6377  77
2628  65
1748  76
2116  68
589  77
2329  81
7438  76
3977  60
1676  68
593  80
4973  81
4226  79
1240  76
1089  81
8636  74
2716  75
371|9
2571  92
112512  81
1258  91
4090  83
56715  86
3000  89
4226  91
4993  92
1748  88
372|20
335  68
924  74
318  84
1603  51
1479  63
589  76
81  64
387  46
616  67
337  71
1220  73
1201  78
165  69
1243  76
1258  78
377  68
1401  59
450  59
1206  77
1306  57
373|20
216  63
60  59
169  46
350  61
585  53
44  49
371  61
163  65
616  62
198  59
265  66
25  64
6  71
733  65
47  70
2  62
736  60
305  51
357  63
141  63
374|7
296  80
208  63
1219  78
480  74
592  70
1258  79
1339  69
375|7
344  67
1027  65
32  81
2628  68
3256  72
4226  82
500  71
376|20
91535  72
2002  69
1214  84
1101  75
2916  81
33794  83
1198  90
349  79
1371  71
376  73
1240  84
1375  74
4993  88
858  91
457  86
4226  87
5952  86
344  72
2763  80
2797  81
377|20
4942  75
2793  54
1262  84
2791  81
748  68
1345  73
5027  65
5113  67
27692  75
3421  79
6021  75
3364  76
2072  65
8641  79
2163  53
92760  74
2858  84
1503  56
2124  72
2015  73
378|10
33794  81
7153  85
48516  87
3114  81
858  88
68954  83
91529  83
71535  82
90600  78
364  83
379|8
318  83
377  70
19  60
292  69
480  73
367  65
597  69
344  64
380|20
60818  74
172875  72
172881  72
172887  72
355  51
6979  70
5476  37
2735  58
68194  93
63433  64
72356  93
105731  48
1833  65
551  74
6731  75
27831  80
1665  63
393  56
140956  74
2791  80
381|20
2085  70
1088  69
3253  70
185  63
317  66
27808  68
1240  77
19  59
3753  70
4321  68
72011  74
3082  67
333  75
2140  72
1385  61
2273  67
1208  83
457  80
104  70
2716  76
382|20
1204  84
142372  48
135532  66
1201  81
112171  68
1198  83
912  82
81847  74
4638  59
63540  41
1681  46
170289  68
103042  67
72737  72
2496  62
357  69
81537  63
59501  70
101362  56
4890  63
383|7
2436  79
2541  69
2496  65
1584  73
2558  54
1246  78
903  79
384|14
3527  64
1388  52
2683  58
2502  72
4333  54
3098  65
4396  54
457  70
358  52
968  65
2724  53
296  72
3991  53
1204  74
385|20
736  65
1080  74
249  70
1219  76
1036  74
1136  78
282  64
1073  74
1200  74
1228  77
1022  67
1007  56
1201  77
1246  75
344  62
589  75
1023  68
1287  74
594  70
1303  75
386|14
110  65
410  54
112  57
165  60
223  63
648  59
185  53
608  66
485  52
305  48
44  48
585  50
349  60
10  59
387|20
4393  68
5156  68
5780  68
7336  68
26124  68
40966  68
2712  66
5062  78
1247  76
5489  68
4195  73
7132  78
2946  63
1387  77
3000  74
51939  61
4995  75
912  79
7938  68
1783  54
388|6
6158  66
63239  66
33615  66
86298  63
62999  68
8360  69
389|7
17  80
140  76
628  80
762  63
743  62
95  70
32  86
390|17
6344  72
64957  74
4239  77
5220  57
1193  83
2571  82
9010  77
2291  77
5296  61
4226  82
7254  74
6377  80
63062  73
1206  82
2329  85
4014  72
1784  75
391|20
5575  75
500  71
3994  72
1213  88
516  69
199  85
4027  79
150  80
1408  81
4014  73
1527  78
1059  76
2916  77
4973  86
357  73
555  79
5026  82
4936  70
1210  86
3067  70
392|5
3004  55
2858  73
707  58
1198  76
1125  68
393|20
91658  71
102125  71
48394  77
36517  69
8636  78
110102  74
44199  75
5388  69
54259  73
4848  79
5669  77
1291  83
68848  82
86190  74
2571  84
1206  83
122892  69
106642  88
1625  75
106489  70
394|5
588  64
316  59
344  57
225  61
457  67
395|13
329  61
1025  63
296  71
160  55
208  56
173  52
485  56
355  47
520  58
595  65
126  46
48  59
367  59
396|6
1276  76
1597  57
1777  65
44  52
204  53
2081  65
397|5
4017  75
8645  82
1701  78
8228  74
6993  76
398|10
6408  78
1197  90
5971  84
7022  85
1198  90
60069  86
2455  77
1136  88
48516  90
82459  80
399|8
1198  86
110  82
5445  77
1196  85
593  85
480  78
1270  83
2194  81
400|9
608  92
356  93
2571  93
2959  95
7153  93
1221  95
3578  90
858  96
59615  76
401|15
5952  78
6297  69
55768  67
48982  71
166461  74
49274  59
50872  75
32031  65
79091  74
170939  70
38038  72
8360  72
3114  75
33615  69
1136  79
402|10
1084  81
597  72
52  72
329  71
296  82
586  66
315  66
1036  78
434  66
527  82
403|7
110  78
2427  68
3210  70
296  80
61465  63
1663  75
180  69
404|12
204  59
349  69
474  70
34  70
364  75
508  70
105  65
593  77
509  69
277  65
315  63
185  63
405|20
70708  76
293  84
7254  78
37731  79
2959  88
345  78
1213  88
7134  76
64614  84
6023  68
1241  82
2329  88
1247  85
3052  79
68237  84
1199  87
27592  80
27664  68
3418  76
1215  86
406|5
1586  50
135  51
56949  57
46972  56
724  53
407|5
7153  86
2959  88
6539  81
1240  82
54286  80
408|20
1198  90
122904  84
44840  68
165101  70
6618  82
1291  87
1210  89
89745  85
1278  86
7324  74
44  64
8641  82
115210  81
103596  53
68554  75
2571  88
109487  84
63131  80
80489  84
4649  80
409|20
2485  63
2490  74
2028  86
3812  71
1278  83
2997  82
296  86
1078  70
3016  66
1073  81
2683  69
2289  80
3846  68
912  87
2013  67
1911  61
2352  80
1230  80
2541  71
3174  75
410|20
389  78
3224  97
318  94
2302  73
4002  82
1060  81
4297  78
3263  67
1859  78
111  88
58  86
2145  73
3255  78
2321  77
3504  85
3948  76
11  81
4019  83
3  74
597  77
411|20
508  68
261  72
586  60
432  53
353  69
431  70
194  68
318  81
272  69
515  69
356  76
266  64
257  66
349  68
10  67
31  61
344  61
227  57
455  50
122  52
412|20
2828  30
2384  63
2915  75
903  84
608  86
2720  53
2858  84
1883  69
1307  81
1214  82
1784  78
2239  98
1  83
930  89
1136  86
2710  64
915  80
2398  83
17  78
1079  83
413|12
2706  81
1198  96
3753  81
2424  74
593  95
128360  85
4993  93
16  89
5574  83
3948  80
64957  82
2959  96
414|20
4458  72
4666  72
5285  72
5635  72
6033  72
6493  72
6563  72
6628  72
6797  72
48319  71
58879  71
169992  68
3802  42
3599  59
1600  83
8666  32
4975  68
7444  65
4081  42
177593  87
415|19
296  88
1213  89
4321  76
3507  86
4308  79
47  85
1021  62
111  87
2617  73
1276  90
3861  68
4369  73
99114  84
1221  90
63082  83
1234  84
45722  79
1197  89
175  84
416|11
5952  68
5951  47
531  55
1296  61
1199  70
1721  59
830  54
1206  69
7323  62
4848  65
3677  69
417|14
778  91
4995  90
4975  80
7254  84
1198  94
106782  88
27773  90
168250  84
1625  85
7153  93
74458  89
110102  85
48394  87
4878  90
418|19
356  83
296  83
63082  76
104374  75
1276  86
1136  82
117176  72
1573  69
137337  74
1682  76
5816  74
88125  76
74458  78
367  66
89745  78
45672  64
87869  74
7361  84
54001  77
419|20
4093  74
111  84
46976  75
27822  54
2858  82
319  72
6287  66
3578  81
1213  87
64969  75
47  81
79592  71
34319  71
89580  73
60756  74
27704  74
90943  73
2412  48
1240  80
52245  65
420|20
1161  78
4993  84
45499  73
923  82
26693  74
48385  73
1927  89
5608  79
2052  65
6934  70
7022  81
3979  61
59295  74
2329  86
54259  77
1131  83
2762  80
4973  85
5669  78
527  85
421|8
2858  83
909  81
5008  90
953  83
1178  91
2313  81
2478  69
1203  85
422|19
2539  60
2710  57
4947  75
4971  60
5039  75
4925  66
2581  58
4916  58
1265  73
2804  72
3053  72
2665  66
1283  77
4835  62
2908  68
3943  57
1213  78
2670  69
858  79
423|5
1653  79
110  80
2194  78
5349  74
1320  66
424|20
1193  83
141  72
2804  78
40278  75
608  82
108729  72
293  80
69122  75
1092  67
54503  78
58559  83
3186  71
66097  75
778  81
5679  68
3176  71
2288  78
2174  72
71668  75
112556  77
425|20
45517  70
377  71
2329  82
733  72
6  78
1645  69
8368  77
2081  71
4306  76
1680  71
1909  69
367  66
46723  71
1625  73
1036  76
4901  69
750  82
2353  70
1342  57
145  66
426|18
59784  69
150  75
471  69
337  73
54001  75
1197  82
6378  72
72641  71
4886  76
8644  69
37729  71
597  70
5444  74
91325  47
588  74
3247  60
4022  73
79091  72
427|17
4887  55
5463  53
5015  61
110  71
58  71
5528  62
6348  45
5312  54
2710  55
5696  40
4993  73
5266  57
2683  60
5400  56
5816  66
1208  74
5574  64
428|20
2471  44
2762  63
3827  50
1089  69
2953  46
2916  60
1380  53
1997  62
3440  38
4022  61
317  53
4255  38
1208  68
1391  52
6377  65
2581  50
260  68
3285  51
588  62
653  53
429|12
339  75
421  69
150  80
225  75
165  76
266  73
329  73
252  74
279  66
317  71
237  72
204  63
430|12
923  78
2987  72
3745  70
6287  64
2858  79
6365  69
2571  81
4447  67
4014  71
329  69
2076  76
4446  70
431|5
172  47
1625  59
1376  55
3948  55
802  56
432|20
1831  55
5630  69
6870  76
8640  61
6539  77
3916  74
5989  79
84189  71
110  80
35836  73
4886  78
2762  78
1206  81
49272  79
19  60
318  89
58559  83
69481  79
7158  76
33660  82
433|5
91529  76
1089  79
50  79
5299  65
110  76
434|20
1136  85
3147  86
1090  81
1265  82
5989  82
1101  70
1779  62
586  66
344  68
3863  68
1208  87
3160  78
589  83
780  73
6796  79
2791  80
4226  85
2194  82
8665  79
1291  84
435|9
2353  80
44191  86
485  74
3510  79
34405  87
2302  77
158  71
82459  84
48780  88
436|20
204  54
435  51
440  65
432  53
161  67
480  68
377  65
531  60
536  56
502  50
364  72
235  66
371  63
344  60
2  64
585  56
450  57
587  64
437  46
227  56
437|20
748  67
318  91
5  67
640  60
1299  82
1120  75
1396  74
1246  82
454  76
1171  71
1225  85
1183  76
1097  78
1307  80
1268  76
592  74
198  70
155  52
112  72
246  86
438|20
7154  58
2501  73
8966  60
27801  78
1527  72
6711  78
3898  32
1784  71
8644  68
6367  58
2424  61
3889  45
223  74
1517  70
7361  80
2641  60
5009  61
2617  62
3753  67
2393  64
439|5
356  84
4022  78
7153  84
78499  83
1240  80
440|7
8690  72
541  82
29  80
1653  80
1274  77
3174  74
1235  84
441|9
589  90
2683  77
2959  94
4306  88
260  93
296  93
51255  89
47  89
68358  87
442|5
2908  39
2881  36
1186  39
3752  36
4361  38
443|8
2329  88
79132  86
296  88
48394  82
106487  80
108190  73
7153  87
63082  83
444|9
356  81
592  71
208  64
21  71
111  80
110  79
235  73
296  82
344  66
445|16
2028  86
590  80
34405  81
47  81
116897  83
780  74
4011  85
899  83
593  85
33794  80
1080  80
45722  76
17  77
1230  80
306  84
2710  65
446|17
237  61
339  64
300  65
296  74
480  68
368  64
288  62
172  54
17  66
16  70
357  64
150  69
434  58
153  57
648  65
593  74
337  67
447|16
257  74
293  82
337  77
531  69
382  68
589  81
552  70
253  75
362  74
532  67
292  73
31  69
474  76
540  60
442  68
160  66
448|373
2368  63
3284  63
3933  63
6302  63
6476  63
7245  63
48262  62
49688  62
75803  62
75816  62
78116  62
79590  62
86593  62
92198  62
98908  62
100326  62
102819  62
104760  62
108715  62
109191  62
111680  62
113416  62
116207  62
116985  62
129657  61
130083  61
133377  61
136654  61
138546  61
142424  61
151777  61
152658  61
157130  61
158022  61
161290  61
164375  61
53996  59
136778  61
5418  67
288  57
88356  38
2580  69
155358  61
2889  65
4034  71
148888  52
81156  67
2713  48
103335  62
95441  57
34048  56
80126  49
3057  63
1057  60
2794  46
33830  81
8665  66
6059  57
110553  50
90374  78
151501  61
3764  38
6143  73
103819  31
4361  59
104913  66
3986  50
5528  59
1196  73
105351  54
83349  56
3276  63
1090  68
5349  63
587  60
106330  39
4677  53
95508  62
109895  35
110611  62
671  58
2289  67
152077  65
80693  52
111360  53
170  57
87444  62
94323  54
8493  54
3671  67
91653  56
4981  63
2991  65
78034  62
119145  68
5099  41
4299  57
2567  52
6996  27
109864  31
6582  44
73017  67
370  54
543  58
115617  66
590  67
154065  61
5553  53
41569  60
3286  33
6645  71
589  70
1920  50
2857  56
111663  62
78499  71
2657  58
6537  56
1148  69
46974  50
48516  74
80241  61
445  51
4262  68
3689  24
114935  65
6428  54
127194  61
109673  46
127096  70
89388  62
4156  63
3793  65
33679  58
2014  48
64285  60
3968  54
49530  66
3450  56
160563  59
5502  57
8169  61
6314  35
122490  61
3386  62
140725  69
4896  67
2642  39
127136  69
2763  64
2520  63
457  70
48783  59
3263  50
5400  52
5541  54
4011  73
58351  62
127132  61
152091  59
3698  57
435  43
4799  54
84152  69
3401  40
2858  70
3174  62
7076  68
106542  62
6218  58
2860  44
1283  74
3618  60
2616  52
90439  67
2404  36
4660  63
2530  47
26386  62
4327  61
3030  69
71464  57
32  71
91529  68
4158  42
99114  67
98585  64
93326  50
2268  67
80489  68
130576  43
105504  69
2791  67
50601  51
7007  59
4234  58
3623  49
80727  71
78467  36
8641  66
4128  64
106782  68
2537  26
112138  63
3247  51
112818  66
2027  32
3101  52
5779  63
82202  50
1704  72
98296  62
6863  60
89305  63
4203  59
1201  72
6212  36
637  54
84954  57
6814  63
94864  58
67695  48
159077  61
92439  70
6812  35
3156  50
802  61
118354  62
134130  69
138036  62
65135  62
52975  63
4368  39
90717  64
45722  63
79259  62
68157  72
4233  34
74458  68
3258  50
1262  70
3949  67
101025  43
69526  46
1831  43
1083  59
1884  69
1476  61
156609  50
3755  56
111659  50
4734  55
161  64
95201  62
135887  60
2598  50
87232  66
4634  92
5334  35
5459  52
146730  61
72694  62
157432  61
132488  61
4558  43
1375  58
6424  63
71518  55
2716  67
94780  55
3593  28
129354  56
158  48
1409  46
6514  63
2881  55
51662  65
90522  57
68554  57
2126  47
122932  61
93510  66
137857  64
125916  17
2953  46
2090  54
1760  25
480  66
58803  66
2109  59
50792  37
46062  24
85510  58
80864  62
112171  59
122900  66
2587  52
1527  66
117529  59
4993  72
92264  54
5247  46
533  51
912  74
26464  62
2249  59
4678  57
103772  61
114601  62
96861  63
420  48
59615  52
2349  64
109372  54
95207  53
348  62
19  49
136020  55
4502  33
91094  48
138208  47
3511  37
79428  63
2643  30
109183  62
2139  62
4212  63
5942  51
96417  62
112852  71
99728  66
89470  67
142448  56
64983  60
2640  63
2046  57
4881  66
3882  48
3744  48
1032  59
116799  67
5  54
4040  42
157407  61
2115  65
1617  71
4367  53
105254  70
3388  42
3760  68
2146  63
2968  65
6281  56
466  49
96448  47
86332  63
64969  63
115170  62
1036  68
3397  59
2474  62
1408  68
155743  61
106920  68
8542  63
120466  62
2051  26
7143  69
7150  48
89087  47
34150  51
2253  44
2973  68
449|8
1917  60
2502  76
4034  74
1222  75
2770  58
762  52
2011  67
2324  74
450|11
3977  64
589  83
110  83
3363  80
3535  79
3948  74
3409  67
1035  82
3568  74
358  65
1259  82
451|7
733  74
593  82
7  67
5  66
494  71
25  73
17  74
452|20
4025  77
2858  93
2617  78
5292  86
1206  94
1676  82
3219  77
47  92
3101  76
163  86
1092  79
1917  76
2126  70
1356  91
552  79
2628  78
1200  92
608  95
2707  82
3273  70
453|20
208  67
858  91
2335  70
4022  81
3618  76
1617  87
3452  70
1357  84
112  75
2671  75
1884  85
1894  65
2294  72
318  95
1614  64
3534  73
2959  91
798  62
5266  68
780  76
454|9
7361  82
2692  79
7116  55
55820  78
6016  81
27773  79
2160  81
2858  79
26131  86
455|12
272  71
432  57
367  65
590  73
253  69
364  76
555  72
252  68
110  76
225  69
588  73
597  69
456|9
1407  69
634  57
135  64
5  66
724  65
780  72
733  74
260  82
706  71
457|10
329  66
3593  40
2692  76
1356  74
223  73
2394  69
2701  50
3608  60
733  70
2094  64
458|12
597  77
185  70
10  78
380  77
95  69
454  79
300  78
595  81
153  68
587  76
150  82
552  72
459|6
79132  87
5618  88
8961  84
48780  86
50872  84
260  89
460|17
89039  78
4886  85
4703  74
3831  82
1441  78
4878  86
3483  72
8970  81
1  86
49272  86
40815  84
85414  82
68237  86
76093  85
47610  82
63082  84
2571  89
461|6
74458  67
2762  66
1036  66
91500  61
3578  67
539  60
462|20
26838  70
89090  69
164655  68
188189  67
1136  80
1219  78
158966  83
1248  83
508  71
1653  77
1674  72
8917  67
8620  13
3424  79
2146  70
7044  77
3814  82
1213  83
82857  69
26131  89
463|7
6377  80
2028  83
4310  69
3753  73
2006  69
1092  70
5995  82
464|20
1370  73
58025  67
63853  57
296  84
2019  84
3527  74
5254  68
7007  71
1101  69
1779  61
377  73
1653  81
55820  79
648  73
33493  72
1610  78
65088  71
74727  89
1617  82
62374  76
465|20
2941  82
2987  79
1200  85
3448  82
5060  84
1299  86
3703  86
3649  61
1625  81
292  77
904  90
3101  71
1754  77
750  90
1256  82
593  89
3732  78
3740  84
3334  88
377  79
466|20
5418  80
30793  70
79091  79
92259  85
5989  82
5459  68
318  90
63082  81
59784  75
5010  80
74458  82
6281  71
5952  83
8529  72
64716  83
68954  83
4993  85
45447  71
81845  83
55247  81
467|22
41  74
58  81
389  70
466  56
527  84
593  83
780  69
1183  73
1233  84
1357  79
1365  72
1408  78
1721  68
2028  84
2125  75
2324  82
2334  54
2384  54
2390  78
2393  65
2394  71
2493  70
468|7
592  67
349  69
1  74
317  64
296  77
32  75
165  69
469|20
3658  74
3832  74
3507  83
3032  78
2736  78
2132  84
1958  79
910  82
1090  80
1485  66
1388  61
2321  72
1234  80
2081  73
1193  86
36  80
2908  75
909  79
2023  72
3255  73
470|16
253  70
318  83
110  76
588  73
282  66
5  64
597  69
32  76
595  73
592  69
500  68
26  71
356  79
357  69
434  63
300  70
471|6
2571  83
8874  81
527  84
1  80
8360  76
7147  79
472|6
58559  85
3450  71
3298  78
2840  64
1221  87
858  87
473|8
4979  68
2959  77
60  62
7147  71
6281  61
3897  71
48322  70
2596  67
474|422
638  71
2179  71
2697  71
4046  71
5114  71
5311  71
5353  71
5455  71
5601  71
6201  71
6273  71
6382  71
6407  71
6592  71
6912  71
7702  71
7826  71
7832  71
7839  71
8057  71
8446  71
8458  71
8459  71
8611  71
8650  71
8774  71
8938  71
1466  74
6708  74
2940  82
2616  60
2334  55
7139  75
4218  71
371  68
750  84
2935  75
8645  83
5481  59
6370  86
25865  71
2553  65
912  82
2467  74
5548  65
7301  72
52967  69
5945  62
480  74
1983  52
3462  73
1068  71
8600  81
6650  100
8482  71
6791  83
4016  73
1784  72
3668  73
3977  56
8961  76
4160  77
30820  71
6984  71
2750  62
5034  60
7716  71
2612  71
4419  89
1300  83
4187  82
1187  68
6565  75
272  72
5440  71
25937  66
1099  66
3125  71
5826  71
5649  71
7256  83
4912  77
6016  82
1208  83
2083  74
3385  59
2310  70
3360  73
3163  77
1413  81
4081  42
1643  73
968  73
2116  66
26965  81
5954  76
1263  75
5116  71
3536  67
8778  81
63433  60
2952  69
318  88
3394  58
1200  77
3384  91
4356  79
932  81
7698  76
516  65
4873  74
48385  66
39869  82
1902  71
2641  61
7036  62
2181  73
4638  58
31116  73
2455  68
2146  71
628  72
3897  77
1030  58
4022  74
344  63
3196  81
92  52
237  65
6770  72
3259  65
3368  62
26151  71
1293  75
34072  70
3044  70
1639  71
5944  62
6539  76
477  67
7361  83
55687  70
58  79
4014  69
3467  77
8154  85
4191  60
2134  63
4644  79
4293  60
5013  71
1399  61
1196  82
2918  76
5899  76
4465  74
100  58
361  62
3341  84
8921  71
195  65
3789  71
4709  62
1588  61
3468  85
4678  65
2723  63
2118  71
1939  80
7019  42
3147  82
1792  63
33903  81
1682  75
41566  69
1693  68
1957  77
5021  62
2313  77
3870  71
948  77
47099  74
3447  81
6614  56
216  69
5619  81
3987  48
5060  76
3111  88
45950  71
32584  59
5525  71
2567  60
5956  70
7  63
1172  80
3217  70
8331  71
587  69
5238  72
1189  78
2416  61
832  68
3095  81
7386  75
1223  80
7058  71
5246  38
5418  75
27803  81
26  74
4002  74
1135  65
45  66
6945  100
2411  56
2520  71
7347  66
5375  71
5673  70
3039  73
7833  71
33781  52
720  77
2103  60
33154  80
608  81
1327  52
101  73
7061  71
5451  57
5682  52
5434  77
6609  71
31658  80
4578  32
2009  70
4704  71
7572  71
4929  52
3306  80
6334  65
5379  84
5437  62
42418  60
4128  73
7451  75
2786  37
2243  68
27846  78
6197  66
3264  50
3608  59
5603  100
6124  72
1222  81
1663  75
3566  53
3755  64
2628  63
4815  58
2089  70
7102  49
27706  65
7013  78
1348  72
45666  53
5755  42
4055  100
2058  66
4462  23
1544  58
2405  58
4998  71
273  59
1977  52
1732  77
7822  71
7073  71
41527  80
4787  66
1676  66
3708  61
6669  64
317  64
25940  71
971  80
7366  58
3115  78
7026  52
2710  57
50685  75
2114  74
3809  69
3516  67
2770  58
535  63
4878  78
5992  71
41997  74
1083  67
4487  61
7293  70
1016  59
2006  62
1007  57
4993  81
3412  67
5007  71
3929  42
6639  66
8712  71
1876  61
3546  71
34359  71
7579  71
7325  66
6837  71
2634  70
7753  72
8943  23
8385  71
4308  69
3246  82
3745  69
1148  78
42002  65
50740  75
3952  60
1927  88
7581  62
910  79
3948  68
54881  76
1284  81
4007  75
5341  81
3675  82
52975  71
6244  81
965  77
454  72
1247  79
7215  69
1282  75
8207  82
6242  69
6502  79
4509  63
3528  73
2391  74
4262  77
4039  60
42018  16
3271  75
976  71
48394  75
5384  71
5168  71
1358  73
6534  53
8773  71
2384  55
48780  78
1269  77
4600  81
2642  47
111  81
933  83
3578  78
5297  42
944  82
6020  71
2123  56
748  62
4896  75
5380  76
53953  65
3712  62
25996  71
1997  75
4464  75
4085  69
51540  75
2707  67
2069  100
6710  73
1488  63
6378  72
928  80
3038  83
7116  43
44511  70
594  72
1962  72
421  63
4316  32
2761  79
4823  62
892  70
1345  67
5294  78
1408  77
6579  91
3272  67
3421  73
3844  68
6787  80
37736  71
2249  68
1610  76
2468  51
3498  77
4902  72
6268  81
5225  78
5404  94
929  71
25999  71
7835  71
805  73
4126  73
475|20
6539  88
4993  92
87232  86
40815  87
5816  85
8644  82
81564  84
4701  79
81834  89
6564  65
68791  80
111759  89
7153  92
1527  86
71530  75
4896  87
106487  83
112852  90
3578  90
82461  80
476|14
594  75
34  74
380  73
158  63
153  65
586  66
440  73
364  80
378  61
357  73
224  75
165  74
296  83
11  76
477|20
34  76
913  88
3100  82
2105  72
1271  74
1207  85
70687  31
2174  74
45672  66
4571  78
3973  43
4226  85
1103  84
5291  79
348  75
3593  40
1  82
1274  78
6502  83
59615  64
478|5
1917  52
3114  62
594  59
1584  59
1101  55
479|20
5365  66
4488  66
524  64
1025  67
3707  52
1220  71
4010  56
3244  67
3526  67
4092  48
1968  70
4700  59
4003  66
3671  71
2671  64
341  66
2012  64
2542  75
454  68
2384  53
480|20
43914  68
2700  72
8533  69
2193  65
2797  71
3484  53
2571  78
1210  79
2596  69
8866  60
47610  70
6306  85
5379  82
2018  65
7153  79
3911  70
44191  74
38061  78
5673  67
380  68
481|7
1608  54
1687  54
1629  50
1729  58
1620  50
1597  51
1485  52
482|20
2068  95
8985  56
1036  74
474  70
1042  63
4389  66
780  67
27706  63
3211  77
1610  73
4367  60
1374  72
1220  73
1602  42
653  62
592  67
30812  68
4862  43
8361  60
8529  64
483|20
105325  72
783  71
2541  69
2959  87
109971  72
45722  73
1199  85
50872  78
2000  76
4306  79
69757  74
2683  67
2273  68
1588  64
109487  78
66934  78
1721  71
2328  59
68522  73
8972  69
484|20
93320  74
1438  60
6155  70
6944  73
2706  73
33166  80
6874  83
3697  65
1059  77
76293  71
919  80
2762  81
1821  59
837  71
5810  71
1753  73
3254  71
4718  67
2413  73
3646  51
485|5
588  80
161  77
253  76
292  74
231  70
486|12
653  70
47  82
110  83
153  67
474  78
95  67
288  72
329  73
161  78
318  91
292  74
6  83
487|12
27611  65
8961  67
318  76
1198  73
31658  70
1197  73
6539  67
5445  65
116797  71
4027  67
8874  69
86377  76
488|20
720  82
838  79
608  85
1223  84
26  78
5135  78
2109  72
7720  61
7303  83
4014  74
5995  84
457  83
105  71
1136  85
272  77
1269  81
3176  73
1278  82
1125  77
910  83
489|20
79536  64
86000  64
4848  70
736  60
8387  17
4700  57
45666  48
4720  65
2683  58
2021  63
2389  38
1619  63
950  71
58559  76
2236  54
2167  61
1616  54
247  71
376  59
2717  53
490|20
46578  71
89492  70
81591  66
91077  72
60074  61
5816  67
4144  73
54001  70
1  71
1784  67
7153  74
4993  73
89759  77
86320  65
60128  64
76251  68
8368  71
69122  68
2006  59
78499  73
491|13
106782  85
69757  81
7293  80
27808  76
4246  81
3948  78
104374  83
86833  82
140110  78
8529  76
180231  77
4306  84
88405  74
492|20
736  72
784  65
628  77
858  88
852  70
64  56
990  61
830  69
743  58
62  77
52  75
1499  50
66  59
1210  85
881  49
1474  50
1405  65
724  67
1047  70
65  59
493|13
2985  67
4444  73
2916  72
1275  73
2571  79
1527  73
2028  80
3793  73
2167  67
1215  79
4701  66
2924  77
260  80
494|5
1196  87
4498  68
3578  84
2028  88
1210  87
495|20
140523  75
115149  80
1259  87
1721  76
136562  77
80489  83
19  64
50872  82
231  70
102123  72
52319  71
7254  78
7360  83
8528  80
1645  76
46578  84
30810  75
2918  84
148626  81
56775  73
496|6
1221  76
99149  66
858  76
904  75
8865  56
114713  65
497|11
1193  78
112556  73
112290  72
1916  66
92259  78
2329  79
112552  75
1258  77
2762  74
5349  69
111362  73
498|7
344  71
231  72
648  77
10  78
300  78
356  87
316  75
499|6
1202  75
2337  67
38304  89
327  65
56286  65
1304  79
500|18
2599  64
2987  63
543  59
2700  66
2542  71
1265  69
2916  65
356  73
3301  62
1784  64
1914  64
595  66
2355  62
3536  60
1885  56
322  62
838  66
720  69
501|9
6  70
62  65
93  54
45  61
3  60
637  58
11  66
18  65
662  60
502|7
7236  73
1077  73
4412  23
3469  70
2001  63
2520  69
1777  69
503|19
7455  66
7361  77
4878  73
356  77
91500  68
593  77
527  77
858  79
4226  76
1259  74
1342  52
2877  58
92509  63
90866  70
500  64
441  73
48516  78
2858  74
48394  71
504|18
4995  80
5812  80
2321  73
1  80
3556  77
7153  83
6708  76
1288  81
6927  72
4033  79
4700  68
6565  77
342  70
3408  74
6879  72
4361  72
5952  81
5955  70
505|7
1241  83
4105  81
1029  75
74685  76
273  69
6502  85
54999  78
506|9
59258  61
54272  68
37741  71
56782  75
62293  63
51834  58
49286  64
112556  70
61024  68
507|5
165  68
266  66
253  68
377  68
593  75
508|5
2872  50
2011  49
1952  55
1175  52
898  58
509|20
26958  66
130073  66
2028  77
87232  71
33830  82
5313  49
48  62
2090  60
2080  64
6942  70
8907  50
6156  62
5816  68
39  63
3988  59
6807  73
7458  66
1196  77
45447  62
616  65
510|20
1882  38
7026  44
35836  61
494  58
1198  70
514  58
457  67
2935  64
858  71
2699  50
317  55
8949  62
2918  65
145  55
1262  67
6787  68
1208  70
372  49
1242  69
40819  64
511|11
2959  89
53953  75
115149  82
164179  83
6534  65
99114  83
92259  87
318  92
2324  85
1653  84
56757  81
512|10
480  75
150  77
349  73
47  78
350  70
442  66
457  79
50  82
317  68
593  82
513|7
5952  81
318  88
2174  73
235  75
1304  80
1220  78
1080  79
514|20
1335  68
5704  68
62586  68
168358  67
180263  67
1704  78
2005  69
2792  62
2013  60
1673  77
134130  75
76093  73
1333  69
58998  71
68157  78
2406  67
3210  66
54503  73
4855  72
1644  45
515|6
33794  91
2028  96
527  96
91529  93
58559  96
2959  98
516|26
260  84
457  79
480  74
647  68
708  68
1042  64
1090  79
1197  85
1198  84
1954  77
1958  78
2021  70
2259  64
2268  76
3052  72
3471  74
4027  76
4291  54
4306  77
4321  67
4322  72
4333  59
4337  70
4349  74
4361  69
4429  80
517|20
4306  59
53125  53
1265  61
165489  54
97938  57
88744  54
86880  50
4148  45
26761  54
3398  53
1293  58
3988  46
2858  61
4963  60
1204  66
1704  63
47629  56
7669  66
1206  62
46578  60
518|5
3101  60
2657  64
783  65
1876  59
6365  64
519|6
1704  88
356  89
140110  80
6378  82
7445  81
1968  84
520|20
7266  75
318  92
1049  74
59315  80
4995  83
32  84
2716  80
4333  65
1291  84
1732  82
4085  74
2723  69
3081  74
3994  74
33493  74
135  65
2393  71
60516  59
2406  74
1584  76
521|8
661  68
112  69
86  76
104  70
58  77
79  61
52  70
852  67
522|20
99114  79
81932  78
89492  78
63113  73
2959  88
1193  86
1375  70
4993  85
223  80
27611  75
76060  57
180  72
59315  79
1617  84
10  75
67255  80
2023  73
6187  81
318  92
127098  81
523|15
168252  93
8970  87
5989  92
318  100
91529  92
1721  84
293  93
65261  91
4270  79
3147  96
27731  88
134130  91
31696  85
527  96
101962  87
524|20
1356  75
150  74
552  64
748  62
344  63
442  62
253  69
1225  80
20  53
589  76
1242  79
544  54
173  56
1302  69
380  69
457  77
1020  63
788  57
193  53
466  58
525|20
120807  70
317  66
6863  70
8622  71
33004  70
7147  77
2396  75
40815  76
137337  74
1639  72
1968  76
91869  70
45880  65
2100  64
339  70
4886  77
50872  76
86332  73
8983  72
3996  75
526|12
593  88
55247  83
46578  84
176415  76
1295  73
90430  80
4014  78
2352  82
176413  76
215  85
81845  85
51255  84
527|20
2137  76
3114  84
3210  76
3016  69
2161  78
4571  81
2118  79
3421  81
455  58
2867  78
2450  52
1909  76
1214  85
4299  74
736  74
2477  60
588  83
4016  81
1259  86
2533  68
528|15
4886  72
2278  66
80906  75
4037  73
1240  72
64614  73
3821  47
150  71
1291  75
80463  73
593  77
99813  71
85342  76
48516  78
58559  77
529|5
653  57
135  54
65  49
62  64
733  64
530|6
292  72
500  71
300  74
586  67
593  83
11  76
531|5
593  83
590  77
919  78
480  76
1215  82
532|10
1721  80
4863  97
457  88
290  88
1245  92
1242  90
2023  80
2329  92
1304  87
517  74
533|8
1200  89
6502  90
79132  91
46578  89
93840  88
4973  93
2455  81
66934  88
534|20
116724  74
97913  79
94953  67
2003  72
2167  72
7569  80
153  66
1485  68
65514  81
104218  68
344  68
2571  85
5445  78
95875  69
112818  80
82461  72
96610  78
2987  76
138036  75
1566  72
535|6
2571  63
2581  47
2700  58
2688  47
2583  60
2882  30
536|8
232  70
272  66
356  74
335  63
225  64
150  69
434  57
589  71
537|10
80906  84
367  71
7153  86
53322  75
104218  69
97304  81
6539  81
318  92
89745  82
105504  82
538|8
595  85
3671  87
80549  85
4039  75
69757  84
5047  75
44889  80
66934  87
539|8
4306  75
6753  68
5218  73
50872  75
88  64
3301  70
4886  75
69122  73
540|9
2598  68
2959  88
1073  83
8874  84
1681  57
2183  80
2841  76
2747  67
1196  87
541|18
590  72
457  74
413  58
15  58
110  74
595  71
597  67
480  71
356  77
203  64
529  72
357  67
22  62
345  67
546  46
586  60
281  72
350  65
542|20
6539  75
30793  62
5299  64
2542  79
34319  66
33679  66
4963  76
5481  59
1997  75
4025  62
3623  57
924  76
4369  63
6378  72
2571  80
7254  70
41566  68
37733  69
7361  81
45517  68
543|16
73881  98
1702  67
595  85
3301  80
231  73
2378  68
2379  57
86882  79
6377  89
588  85
377  81
48385  76
2571  91
4526  64
4388  63
92259  90
544|22
1  79
3  66
14  74
32  80
40  70
62  72
68  60
95  59
116  63
619  40
626  70
648  70
650  47
694  57
736  66
780  69
839  57
1042  64
1047  63
1059  73
1105  90
1356  78
545|5
1438  54
1267  74
2763  66
1367  59
44  54
546|13
1270  74
3328  74
480  69
1970  55
2456  48
1976  42
589  73
2657  63
1673  74
3941  65
3959  64
3566  52
1977  50
547|5
1211  79
2859  82
2917  81
1394  83
1288  84
548|26
69  75
260  84
356  83
733  72
1196  84
1393  71
1477  70
1621  40
2571  83
2716  76
3263  57
3578  79
3916  73
4776  75
4899  39
5955  66
6874  80
7458  70
8531  52
49910  67
58559  84
74532  48
80862  75
122904  78
125916  10
168712  70
549|5
2571  77
2028  78
4226  76
1210  77
589  75
550|6
167296  78
102125  81
106782  86
116797  86
112852  87
122882  85
551|20
5010  78
34162  73
60069  80
1544  62
45186  74
103772  72
51935  78
4226  82
2353  72
7153  83
5989  80
135569  72
115149  77
88129  76
134130  79
6934  67
47  79
4701  69
2959  85
98809  78
552|20
2916  66
3317  66
1405  53
2953  50
2245  58
2944  71
2890  66
2125  67
508  66
3948  62
5349  65
2959  76
2857  58
173  51
2991  67
2871  70
2628  58
4308  63
4878  70
3101  56
553|17
55765  87
3481  83
1923  83
2571  90
4011  91
50  91
3949  86
1089  92
44199  83
5513  80
2231  85
2395  81
3052  82
61257  79
1221  93
33166  85
2959  93
554|18
1196  88
1022  75
2820  77
1207  86
1517  77
1282  81
1210  88
1760  39
2282  62
1225  88
907  67
1358  80
2096  74
1028  84
593  88
608  87
953  84
2324  85
555|20
790  71
3664  71
1  78
3111  88
3395  62
104  69
1334  60
2506  61
2072  58
4002  74
1266  81
2641  61
2256  62
2791  76
2701  48
1333  72
1320  63
337  73
1393  71
3526  71
556|7
162600  76
122890  76
3081  76
88125  82
588  80
72998  79
74789  72
557|6
648  73
231  67
1291  81
260  83
1210  82
150  78
558|12
5329  69
5064  79
4903  68
2297  74
2568  65
4993  84
4306  80
367  70
5283  65
1097  78
4164  83
5294  81
559|20
552  62
608  75
355  48
329  64
544  52
1527  70
173  55
377  67
745  71
174  55
529  71
350  64
349  68
533  57
836  58
1210  76
420  55
786  60
227  56
253  67
560|20
5839  71
91535  66
136018  55
67997  84
79132  80
3253  71
142558  70
2355  71
39435  60
1527  75
40414  75
64614  79
48744  78
56587  68
593  82
76251  74
84944  72
109313  70
5878  81
40819  75
561|20
168174  67
5308  57
78469  64
3703  76
60069  77
91535  63
2105  67
73017  74
5445  72
2000  72
83134  74
79132  77
79592  66
80463  75
89745  75
527  80
8972  65
353  72
33162  69
68157  79
562|20
27140  78
6870  83
6377  86
2580  85
1249  89
4776  83
36529  81
1259  86
1982  80
2268  83
2133  76
83134  84
3210  77
48394  83
30707  84
33836  59
2692  87
88163  85
99191  77
1240  84
563|20
61071  66
70932  66
80858  67
919  72
74450  60
588  71
5943  52
118997  58
86833  71
1197  78
128832  67
85397  74
45221  48
33499  52
7380  66
96821  72
81784  57
95307  53
65585  67
55250  49
564|20
50942  70
356  81
31685  66
131013  66
61024  74
79224  60
87869  73
500  69
108156  63
81784  60
93270  56
6188  70
106918  78
65230  65
67087  72
80693  64
94677  71
8984  68
73266  62
2671  69
565|6
590  75
231  66
19  61
21  70
50  80
539  70
566|15
648  69
10  70
231  63
329  67
342  65
141  69
203  66
345  70
39  67
497  74
265  72
588  74
708  68
353  72
2  68
567|20
8189  51
26743  52
92681  52
109897  52
152071  52
5690  60
136602  59
122888  52
6333  55
1274  55
122922  58
153070  52
151687  52
117877  52
108928  48
954  62
122924  50
27773  59
648  52
135887  52
568|23
50  84
147  70
296  84
356  83
480  74
593  83
765  63
1103  82
1104  91
1257  73
1298  74
1895  67
2313  77
2359  73
2863  68
3053  78
3148  74
3261  67
3363  77
8169  68
46723  69
63853  50
65088  68
569|5
231  74
50  88
380  79
588  83
592  78
570|20
208  61
8636  73
48516  80
1225  79
586  62
2683  64
457  76
1196  79
110  76
4993  78
7361  79
1198  79
1079  75
10  69
3793  72
1391  63
589  76
380  69
527  79
185  62
571|20
1331  54
2982  54
2366  56
1128  42
610  54
2902  42
1998  23
3696  58
1980  54
1987  54
70  55
1924  46
2279  39
1327  41
3732  54
1972  34
1278  62
1644  36
2327  69
1978  30
572|20
1961  85
2570  71
2788  89
2321  78
111  90
904  93
2987  80
2302  73
1834  90
2539  71
2917  86
1307  85
1  87
161  81
3421  82
838  84
1356  85
2006  72
3167  76
1953  84
573|20
89745  87
72998  81
3752  75
356  93
7293  81
6754  81
8665  85
32587  86
1073  88
88744  79
1127  82
68954  88
98809  85
2640  82
48516  94
71535  86
59369  81
60069  89
88140  81
1562  59
574|23
47  79
110  80
150  77
153  58
161  73
185  60
225  71
231  62
292  68
296  84
300  71
316  67
318  89
329  67
339  69
344  62
380  70
410  62
434  60
588  75
592  69
593  83
595  75
575|8
2566  53
2580  67
296  71
2581  54
2572  62
2542  69
2574  40
2598  53
576|5
849  53
1321  58
1373  50
1479  56
2289  64
577|20
2415  70
1183  72
1288  79
1129  69
2944  78
2194  77
733  72
1213  82
2076  75
2020  77
1262  78
1931  81
1391  64
2987  71
952  71
1909  69
260  81
919  75
2248  75
1270  79
578|6
6751  75
52668  83
45668  70
830  69
72407  64
75446  74
579|15
3174  75
2485  64
1022  74
2018  73
838  80
1917  67
1391  70
596  74
1573  74
2965  75
1653  83
2599  77
892  75
2687  74
595  79
580|20
5767  72
6583  72
480  75
8844  72
6989  73
3809  70
41569  69
3699  65
4041  71
33166  77
356  83
508  73
8376  68
3578  79
608  82
3785  61
3089  87
1320  64
54286  73
1201  82
581|8
7153  90
5995  89
4973  91
116797  88
3949  87
4306  86
109487  87
6377  87
582|12
91529  83
2959  88
116797  84
4993  86
5618  86
2571  86
76251  80
69844  82
104841  79
48516  88
97752  80
76093  82
583|12
8533  68
88405  63
2706  66
117590  71
317  63
60756  68
6942  70
595  70
46578  73
104  66
2694  63
7451  70
584|17
288  73
22  72
203  74
315  69
500  75
316  75
539  77
234  62
296  89
257  77
434  69
586  70
338  66
349  79
282  73
480  81
590  83
585|13
3173  73
1228  90
54503  86
2959  92
428  81
1405  72
7254  82
441  87
1805  73
296  91
27373  79
5325  83
79132  89
586|20
34332  72
4016  85
111659  72
106002  80
149406  75
167036  83
45499  79
136556  80
5445  85
117851  79
1291  91
71264  85
106489  81
135436  73
3753  81
2640  84
3147  93
122916  88
3793  86
101362  67
587|20
1234  84
628  79
2012  75
534  77
2002  67
1641  81
236  75
1376  75
2622  71
1541  63
3260  84
497  82
3082  72
445  66
3448  81
2574  51
765  71
691  68
329  75
3406  67
588|12
50  74
16  69
20  50
356  74
350  62
198  60
593  74
364  71
163  65
253  64
223  69
3  61
589|8
1092  69
318  90
590  79
373  75
586  68
587  73
527  85
337  77
590|20
924  75
8807  70
2371  60
38061  78
81834  76
40815  74
4890  61
903  77
5  61
3624  61
555  73
4047  70
51662  72
2085  68
419  54
595  73
329  67
2376  65
3635  67
2398  76
591|11
2908  66
2706  63
2712  63
2355  64
3615  60
3578  71
2394  65
3798  58
356  74
223  69
2724  55
592|19
514  69
2  70
153  63
415  58
110  78
177  63
420  59
380  71
44  57
788  60
588  75
163  72
204  58
610  70
39  68
419  58
253  71
432  57
240  62
593|20
1196  77
1073  72
1086  76
1617  75
4034  74
41566  66
1197  78
344  60
8368  73
339  66
2959  78
8961  71
5816  68
2797  69
4896  71
588  71
595  70
5952  74
377  67
141  66
594|20
7031  78
2671  75
7115  74
1616  67
5943  57
1188  76
2269  67
1733  97
4902  80
6996  40
780  76
1429  77
6140  89
7046  62
39  74
595  82
799  79
2028  90
8482  78
7169  78
595|5
265  79
50  86
1186  78
1199  85
1966  75
596|20
33649  70
43744  70
182793  69
129397  49
128908  69
1  77
142488  78
122922  76
4310  63
71838  64
4025  63
2501  74
110102  73
149406  65
2774  70
5502  66
8665  74
6537  65
2571  80
345  70
597|20
1799  75
490  68
3040  67
2529  85
2858  87
903  87
3039  81
2000  81
1291  88
357  77
1228  89
1845  86
2411  63
1580  78
1148  86
1198  92
2723  71
485  69
592  77
2692  88
598|5
56367  76
8360  75
593  84
114265  71
103543  49
599|496
26142  59
26567  59
26590  59
26676  59
26854  59
27595  59
34800  59
53450  59
60803  59
69131  59
74696  59
79895  59
84523  59
87960  59
92674  59
98799  59
102735  59
102852  59
104017  59
105020  59
122433  59
157865  58
158874  58
160978  58
161044  58
174727  58
179053  58
1801  61
6035  68
3387  49
33437  59
112  56
5995  67
167706  58
4394  59
836  49
7235  57
8809  68
102749  59
89087  45
42011  39
432  43
471  57
5628  59
1015  49
2  57
2269  49
69  62
3947  53
79091  61
104837  59
4037  66
7587  69
6881  57
1449  64
7225  69
81229  60
68952  66
4728  51
5081  49
33966  59
1779  47
3669  59
87197  59
170297  58
79057  58
95965  59
55207  59
4007  62
1220  63
80831  63
46723  58
71282  63
7757  62
3259  53
92309  67
1376  56
7192  50
4654  46
101423  59
53468  56
62662  59
3174  58
3698  54
2882  32
2359  61
1183  60
2792  52
1095  59
8387  14
53125  57
115713  64
2949  63
2471  42
3  54
1231  63
3861  46
240  51
1480  58
2301  60
1445  39
8045  59
586  51
2942  46
1185  67
4594  59
2474  59
3671  63
3196  68
64839  64
98697  59
2606  43
1777  58
5309  44
7022  65
4873  61
541  68
27311  69
43921  58
67734  56
4240  59
5026  65
168  50
33493  57
4125  14
7354  54
207  58
1094  56
742  49
1609  45
1042  53
3362  65
4553  63
4632  59
2278  58
468  54
122904  64
75416  59
42718  64
4285  49
79274  68
1794  59
45081  50
108192  59
3489  57
3503  65
89804  56
163809  58
577  38
3071  58
1204  72
3981  38
95771  59
45382  68
6548  49
59387  65
166528  65
168492  65
6691  59
605  47
424  33
2991  62
248  53
97950  59
3865  61
1216  58
342  53
35836  59
27772  46
176419  53
151781  58
277  52
6320  15
39381  62
5111  59
4090  58
2450  34
2676  57
2356  43
79702  62
1597  50
410  52
1721  57
3702  58
183301  58
1387  67
2072  47
26729  65
2393  53
4247  41
4591  53
1032  56
3087  50
1895  55
634  41
210  55
2074  69
51575  46
3505  63
5247  44
481  52
4215  37
1355  25
2657  54
2028  70
4011  69
420  45
552  53
1196  69
2395  57
5303  54
1752  44
3186  57
4310  51
1784  61
3200  72
7254  59
688  41
473  35
1079  65
1552  50
1148  65
1544  47
63113  58
2325  51
26649  68
6804  59
161  60
4109  45
34332  47
1653  66
4808  39
7707  59
3468  72
502  40
1221  71
1792  52
68319  52
6787  68
2119  25
3884  25
4254  36
3973  29
103609  59
8934  59
5377  63
42632  70
55290  58
4506  54
7840  58
5568  48
1689  39
7005  59
103228  60
59947  59
786  51
4351  55
172253  58
4679  48
1411  65
117630  59
1590  49
112623  57
3146  41
8984  55
1920  47
519  39
179817  68
3979  43
3741  67
44020  51
26630  59
7285  61
3030  65
1021  40
8638  60
87  47
7153  69
2877  49
2018  55
3173  49
5198  59
7101  52
7701  31
3213  68
26159  68
2339  59
33896  63
2000  61
4006  56
136562  60
37382  50
6645  67
171763  71
8528  60
27008  59
4017  59
4167  50
86142  66
1249  69
3255  58
736  55
2779  56
84414  82
27773  66
2083  62
98499  52
4034  67
119828  59
1993  35
94864  56
6631  24
2321  57
26242  55
3703  65
41566  58
2529  64
1968  63
8914  64
3257  49
159403  58
1036  64
76093  64
5103  57
6947  60
1952  68
2124  54
4084  47
6016  69
778  67
81  54
2171  56
1253  63
4275  49
7982  49
3723  66
849  50
2681  54
6565  63
39414  52
122916  65
6440  66
8917  56
72011  62
1605  49
1240  64
923  66
68157  68
5961  59
5053  59
3571  68
2403  59
3871  67
44238  59
72226  66
7004  48
2054  47
62970  51
5159  53
354  60
122924  56
48774  65
1394  66
3763  54
70286  65
1904  54
3969  58
81562  62
102590  59
233  59
4155  55
1031  58
76  56
459  40
1097  62
1178  75
60291  67
3328  67
1232  57
3036  61
5283  48
4327  57
610  57
2726  68
4732  35
5970  53
2396  62
594  60
1247  66
45499  56
3476  58
2399  39
137218  58
1997  63
3271  63
27801  68
6365  56
1799  55
580  43
122900  63
2803  50
80219  55
466  47
110882  69
3997  33
26176  59
2378  47
117895  38
26662  70
90603  68
119218  59
44  43
809  41
1960  60
4519  55
1959  63
414  40
1073  64
61236  53
1479  53
4019  64
1245  71
37857  62
161032  58
371  56
3020  58
88593  59
6774  65
2005  60
90405  57
26285  59
6793  32
627  54
1617  67
6734  32
108090  59
2427  52
51024  63
122922  64
3440  36
6874  66
4919  59
338  47
81591  59
1704  68
1499  32
357  57
62155  57
144  55
34148  51
53519  54
4504  59
2796  43
216  58
6827  17
1429  58
7445  59
1385  48
90471  59
8425  59
10  59
26542  59
7387  64
72998  60
89470  64
3629  72
1297  61
3424  67
1672  57
44761  64
196  46
70703  59
2383  30
180  56
4040  40
6333  62
4440  86
5291  62
88235  67
1639  59
4580  10
153236  58
86190  60
4477  34
103027  59
32291  54
34811  59
5171  48
122260  59
8784  61
5954  64
8798  63
707  49
880  46
314  62
61323  59
600|20
3269  52
1394  71
3785  54
2717  53
5569  65
4306  69
1206  73
56775  60
2015  61
7  57
2013  55
262  72
1210  75
1060  66
2431  59
2077  66
2423  62
4641  63
527  75
5076  46
601|20
141846  80
68157  91
1262  90
106782  88
60069  90
49272  89
5445  85
1193  92
1207  91
79132  90
904  94
166024  92
1917  75
7153  92
2324  90
170697  86
31658  90
5989  89
88810  86
2571  92
602|20
161  69
19  56
350  65
494  66
14  70
471  66
125  68
434  60
235  68
481  61
315  60
371  65
474  70
527  77
21  67
349  69
440  68
339  67
480  71
163  68
603|20
602  73
803  73
2008  73
2577  73
3459  73
4787  67
2912  78
1769  61
485  62
4420  73
920  73
1  80
2706  70
1844  88
3787  100
1222  83
190  66
2716  77
3983  86
101  75
604|20
220  68
292  68
151  69
329  67
410  64
426  64
435  54
316  67
22  65
235  70
181  51
332  59
273  61
637  63
285  68
173  58
588  73
23  63
553  72
1  76
605|20
35347  65
6787  74
1197  77
5667  65
42738  61
51662  69
7373  64
596  64
780  65
4571  68
2316  63
7454  54
150  71
60040  62
8977  49
3269  56
72982  65
1210  75
62376  51
60937  55
606|20
263  74
563  74
583  74
3808  74
4671  74
4840  74
5856  74
6111  74
6573  74
8685  74
32728  74
55805  73
3147  85
4392  64
2311  75
6308  49
50842  92
6591  88
8270  75
2025  84
607|20
891  73
1610  79
448  74
3147  85
1094  71
1307  79
592  73
204  59
1552  65
527  85
3476  73
296  85
2313  80
3440  50
423  62
1518  69
2118  74
2193  72
380  74
2028  85
608|20
52245  56
2997  73
3793  69
2763  68
174  52
2000  69
1214  73
919  71
2700  70
4161  62
5146  57
1639  67
541  76
473  41
2529  72
522  71
4343  57
1909  64
2431  61
1220  71
609|8
296  74
833  49
356  74
339  66
454  67
318  77
208  60
292  65
610|20
5953  76
58975  74
70206  74
78626  74
82765  74
97988  74
107447  73
107462  73
110591  73
110746  73
118082  73
139655  73
160341  72
86644  63
56801  59
61024  77
77561  74
4816  73
62434  74
3972  82
