1|20
260  94
1927  95
804  84
3  90
1009  74
2406  78
1587  89
3671  90
2617  95
3053  93
2571  94
1222  94
2137  81
1377  81
2395  96
2761  94
2641  70
2872  93
1258  91
2700  95
2|6
333  88
122882  76
71535  76
46970  84
58559  86
80489  74
3|8
5764  42
647  43
6835  42
5919  100
2851  47
2288  10
5048  57
4518  94
4|20
106  71
1291  81
3408  58
265  68
52  75
4347  80
2467  75
908  85
345  71
1304  77
1923  61
2959  85
368  54
1219  81
4765  85
1199  82
4166  27
1732  41
21  54
2858  77
5|9
515  83
1  82
364  85
608  85
290  86
261  85
34  64
318  87
21  60
6|20
349  73
318  77
775  70
141  76
348  82
104  72
327  70
410  72
165  73
87  63
366  68
17  83
1084  78
222  84
16  79
416  64
277  74
460  65
867  22
316  72
7|20
8528  68
3623  30
8636  73
8360  66
1517  70
466  43
8373  35
1220  72
7155  44
8808  43
6863  65
31878  54
1610  74
1219  78
4700  54
45668  65
8970  70
27741  80
6333  72
8865  29
8|10
356  83
47  74
231  55
318  90
454  75
292  62
32  81
141  76
380  73
252  74
9|10
5451  50
923  73
5890  98
2901  55
922  100
6044  65
1987  65
5378  48
3735  85
5447  58
10|20
597  65
33679  65
8533  61
8969  56
72720  83
88810  83
136020  52
6377  69
5943  65
109374  73
113394  66
61250  62
82167  56
140110  64
5377  70
77841  66
6942  68
1028  72
72330  66
66203  49
11|13
733  75
1584  76
1210  88
170  72
1438  64
648  71
1918  62
493  78
10  78
457  87
1693  74
150  80
1923  78
12|7
2717  74
2100  80
838  91
2072  72
1876  78
2581  79
6942  93
13|7
3717  71
3624  72
3798  74
2174  74
47  82
3893  73
305  55
14|10
344  62
477  75
110  75
540  42
597  74
153  46
592  75
4  48
539  78
105  73
15|20
91529  69
7438  72
111759  76
2329  75
1  74
1909  73
1240  73
115713  71
1200  69
293  75
2571  60
3949  62
120466  72
1198  93
2028  68
2011  66
158  36
160980  61
4306  71
4022  74
16|20
1230  74
78499  74
913  73
1136  74
1299  74
1617  73
1203  75
3429  75
2858  73
608  72
3683  75
4002  77
1199  73
912  75
2707  69
5782  72
1260  72
319  61
27773  75
2109  67
17|20
260  85
64839  80
296  85
5952  87
527  85
1193  85
3681  85
1240  85
2717  72
2858  84
1093  89
81932  75
5618  85
50  85
5971  85
2959  90
1201  85
541  85
82459  82
1  85
18|20
8117  75
65596  75
88094  75
145283  75
157110  75
166015  75
171023  75
103253  66
60684  76
44199  78
2  72
86628  78
59784  70
2918  76
109374  74
4226  81
53129  83
139385  78
47  84
1291  86
19|20
3692  52
3662  57
54  22
2733  42
1702  44
1240  69
1270  70
3712  57
1881  57
216  54
3  49
1834  67
2184  58
3017  57
2044  42
2354  39
2005  63
3146  36
3387  44
2694  55
20|20
1566  76
5419  65
4014  79
2140  78
586  55
661  74
3189  82
5014  84
1333  81
4161  71
3784  44
1030  51
5313  52
2804  84
2054  43
34  74
1097  82
6358  72
4519  73
1722  64
21|20
107013  65
117922  65
140301  65
57640  78
2985  76
2990  71
2717  68
5418  71
31433  65
112175  69
7153  72
30793  64
4446  73
52973  73
45186  74
2023  70
79185  69
1721  74
102125  63
5459  70
22|20
8961  55
2723  37
60950  19
64575  53
1193  76
70286  50
4993  72
2160  75
39183  28
7147  55
3996  44
3481  54
55765  55
48780  49
7361  78
51540  51
6711  62
2968  49
3949  60
48394  41
23|20
6234  73
3996  74
293  74
1206  75
1136  74
1960  72
7587  77
3424  76
3181  74
2467  72
1248  76
1617  74
6807  74
1952  74
6440  75
1258  74
1243  78
1080  75
8228  71
1711  75
24|20
1784  70
2617  65
111759  71
134853  71
58998  74
1265  72
1198  72
3147  73
1197  72
1220  73
2424  62
5418  75
72011  70
54286  73
27773  74
64957  71
356  74
44191  74
1682  70
68358  70
25|6
58559  98
60069  94
74458  94
79132  98
527  96
260  99
26|21
10  83
34  83
47  83
150  83
153  83
165  83
185  83
208  83
225  83
288  83
296  83
300  83
344  83
349  83
356  83
380  83
434  83
454  83
457  83
592  83
593  83
27|20
1196  78
2478  61
2640  71
3508  89
3555  71
1201  79
3519  62
969  74
2080  68
673  44
2886  28
2529  78
1387  80
1101  69
1947  73
1250  77
1276  87
3114  79
1083  69
3809  72
28|20
27450  60
60943  60
61011  60
63033  60
5617  64
59369  53
60046  60
507  56
3300  62
55094  67
59018  60
26695  60
2951  64
3006  60
2231  63
5418  66
26812  51
2058  55
353  63
61167  60
29|17
98961  88
7379  73
1250  96
1201  91
111362  78
48516  94
1100  68
26554  91
3441  82
4327  79
2872  87
2301  87
1617  90
3681  91
55820  87
4223  77
99114  81
30|7
5952  99
108932  88
1200  100
91529  99
116823  85
112852  95
1198  98
31|10
1198  92
1200  86
648  73
1363  68
1073  81
1036  81
1197  93
377  79
1246  86
1270  89
32|20
236  70
314  82
1356  79
357  73
224  77
627  66
1079  80
1084  80
318  87
761  59
1197  81
849  65
912  82
880  59
1198  81
58  84
203  70
608  79
497  82
410  66
33|20
110  87
17  81
2396  81
2272  55
448  74
428  72
265  80
1280  92
1177  91
1617  88
50  90
261  83
11  79
452  37
345  74
608  88
150  80
1188  79
800  91
2690  77
34|18
780  63
2273  59
3717  66
26606  93
45499  69
3996  74
4310  42
3624  55
31685  62
1721  62
5146  71
7090  86
70  68
2006  45
3000  53
4306  83
27728  39
3997  45
35|5
11  84
185  76
595  84
21  78
300  70
36|12
5171  46
3066  73
552  48
4025  40
1262  51
2735  45
2359  48
1372  45
1278  54
2194  64
3347  72
1704  64
37|5
344  75
356  91
661  80
329  84
457  88
38|16
434  55
39  54
223  68
161  65
246  84
168  49
273  44
480  71
356  83
457  76
364  76
50  83
500  57
300  65
551  62
21  60
39|20
2571  85
2391  85
1921  85
1862  26
1219  88
1907  81
2081  75
2459  72
924  93
2529  85
1729  82
47  85
260  84
2080  65
592  65
296  84
3213  90
610  66
589  89
596  72
40|20
440  77
454  76
588  83
339  75
158  53
432  56
431  84
186  53
616  73
514  75
21  75
592  74
1  83
223  83
585  56
216  76
104  73
371  77
111  90
267  75
41|20
96829  89
64839  76
122882  66
6287  56
1569  64
106920  61
86781  89
3160  60
1721  67
2028  73
6763  41
5418  65
53519  62
122904  59
55247  66
924  59
4011  71
2324  62
35836  70
5995  71
42|20
3869  76
4654  61
1021  52
2423  78
3248  43
4477  48
2500  48
1431  58
195  75
3326  87
2407  74
1090  87
2735  58
3693  55
1020  69
4545  77
4132  55
2263  55
3535  82
2805  62
43|20
225  83
296  90
596  87
588  92
587  86
420  82
158  89
631  91
5  82
597  85
168  81
355  77
47  87
367  86
519  100
594  88
236  85
1  91
60  90
259  69
44|10
36  68
663  68
12  39
661  64
94  84
1  71
104  67
112  66
494  68
889  66
45|20
2718  72
1036  82
2028  91
1653  87
1682  86
2396  87
3249  69
261  85
4308  85
329  76
1367  70
2890  85
593  89
1127  83
2431  81
6377  84
569  61
1197  93
1060  84
2858  88
46|9
590  83
588  84
315  71
208  72
1  85
432  67
225  76
434  69
339  78
47|20
508  62
68932  67
72395  64
2420  66
597  62
148626  64
5989  67
96588  38
69122  54
6155  54
4975  63
30749  62
106100  55
45950  65
2028  73
4018  56
1259  68
6373  56
33166  70
2407  57
48|7
4886  80
1320  69
1527  82
1193  83
3793  82
48  74
1653  84
49|5
2028  91
1214  90
139385  79
318  93
527  92
50|20
8143  56
114335  56
136564  56
142074  56
171759  56
175693  56
179073  56
175707  56
71264  48
82848  56
1377  50
44555  72
8157  65
6807  64
95543  54
8253  62
96610  47
924  67
32875  56
4896  67
51|20
7040  76
5620  65
2613  62
4437  96
2023  76
1500  86
522  84
858  93
4508  74
2951  91
1014  82
1407  62
2282  70
2420  80
3388  55
260  95
3186  76
3994  72
3501  50
2371  69
52|20
152081  90
51255  92
74458  87
1923  94
7438  94
40583  81
59784  81
55765  90
112852  91
86892  93
55363  94
112138  82
49272  92
52245  70
69481  87
50794  62
1704  90
54736  95
44665  90
47200  83
53|5
481  89
1100  87
249  94
1125  89
916  94
54|7
296  69
593  64
639  49
1  62
205  52
161  58
500  54
55|5
2407  54
673  26
3275  80
2890  59
4011  61
56|10
786  73
253  79
165  82
110  87
589  86
370  74
434  72
410  71
69  86
185  73
57|20
2140  70
942  92
920  68
3175  68
1784  72
3429  90
933  94
1193  86
3446  19
160  38
1499  20
2640  73
892  69
11  72
2947  75
6  77
2478  52
2291  72
1688  62
2301  71
58|20
588  86
282  69
185  67
419  52
367  62
277  79
48  74
280  87
337  82
345  91
3  82
357  85
527  90
587  76
218  74
500  72
508  82
368  78
364  88
353  84
59|20
1696  39
6460  96
3489  81
1188  91
1222  93
2076  88
3448  86
1263  92
1247  92
527  93
1244  88
904  95
903  92
965  89
2616  75
1953  86
608  93
105  77
912  95
3471  87
60|5
832  71
58559  76
805  74
455  51
858  69
61|8
266  83
1101  83
7438  87
173  69
555  87
2012  77
4878  89
3949  87
62|20
99114  84
176371  85
3793  85
56757  85
73017  83
30793  69
179819  85
68554  74
185135  91
168248  93
5903  88
4878  91
2028  92
5502  78
6058  67
344  68
1721  77
45499  77
41566  80
78105  67
63|20
5669  69
4246  65
48780  87
500  48
6016  90
31658  79
2858  74
64285  69
85414  78
1221  72
106696  74
4963  70
50  85
1097  68
260  85
110  73
1222  76
4979  68
5952  75
77561  69
64|20
5878  78
3101  64
2640  78
2959  89
8784  78
2054  55
4239  82
4025  64
5026  83
40819  80
266  72
2699  62
27266  79
3969  79
1805  63
6296  77
4776  79
3148  78
4262  80
356  86
65|7
1246  83
33660  81
7458  77
2329  84
4993  84
91542  75
3147  83
66|20
593  89
47  85
5418  81
922  92
2139  77
2956  65
3745  76
1956  87
4581  80
5349  78
1210  89
1094  79
2001  74
380  76
6539  80
671  79
1  84
6378  78
7766  82
296  90
67|8
99114  81
4306  81
27193  78
79132  83
60069  80
2012  76
4886  78
4993  85
68|20
47978  65
95218  65
6534  51
48696  77
67267  59
30825  64
1799  57
3556  66
8622  67
4351  58
63113  69
58295  66
7151  64
2413  62
6287  62
653  60
41566  64
5541  64
260  79
48043  70
69|10
4370  87
4848  90
3671  89
2476  90
1193  94
356  94
553  92
4022  88
260  93
3994  86
70|13
1193  90
1097  91
1914  83
1269  86
4995  86
318  94
8949  86
1968  85
1210  90
89492  82
1250  95
1235  94
2366  86
71|7
494  71
647  71
736  69
95  49
733  70
589  73
7  69
72|9
1047  69
150  83
858  92
2490  79
1357  88
260  87
50  87
1198  88
1196  87
73|20
1193  84
45720  79
105037  54
6333  77
59315  79
76293  68
138204  84
2706  73
152081  82
45221  50
68135  74
150  78
8376  71
93510  82
59784  71
116823  81
106072  72
1682  76
52245  52
35836  75
74|20
31522  85
2594  83
2908  88
30749  86
6870  83
3006  88
52281  94
49772  96
55118  88
2997  87
6305  79
608  91
4546  80
41863  81
27773  87
6001  94
1251  89
6552  80
46976  88
44555  91
75|14
5445  66
1240  72
5952  69
2193  63
6870  72
2529  71
168  48
541  70
3176  67
1962  67
2078  69
1889  84
1266  72
1374  60
76|20
48877  48
5956  46
2918  60
58803  70
1247  69
74458  53
7669  85
79132  64
8957  47
858  70
55820  55
1258  72
63436  43
1201  72
1208  73
48  49
288  42
34405  65
1  71
1196  70
77|6
3996  94
4973  89
7361  93
8636  84
3578  84
33794  88
78|13
296  77
165  64
3809  71
589  68
546  44
27904  75
260  79
590  70
480  69
68791  69
344  55
44974  68
380  63
79|13
3266  94
3029  76
589  87
1916  90
307  97
4005  75
260  91
1189  81
1345  84
2000  83
1374  86
2659  86
2076  85
80|20
7445  86
96691  70
84189  85
91630  77
49530  85
8950  88
6539  87
4223  86
5630  83
3527  86
76251  84
80363  69
52604  86
6502  89
34048  79
1221  94
60684  85
6952  75
5989  90
77561  80
81|26
10  83
32  83
47  83
110  83
150  83
153  83
161  83
165  83
208  83
231  83
288  83
296  83
316  83
318  83
329  83
344  83
356  83
364  83
367  83
377  83
380  83
457  83
480  83
588  83
589  83
592  83
82|20
6886  67
2381  35
2378  65
6566  61
368  69
6536  73
3253  72
4310  64
1608  67
1372  68
145  65
356  76
6708  73
1485  65
4369  64
6564  63
6888  46
5803  55
4015  61
364  69
83|20
56367  62
7143  77
7323  68
6539  69
161  61
586  45
2115  64
1270  72
6874  72
2324  56
1537  76
7153  73
68954  75
48774  74
30749  63
8014  81
1222  76
3753  64
1223  74
64983  71
84|20
55  74
987  74
912  86
1096  80
420  48
1227  82
113  57
580  55
5060  81
1293  78
900  75
1097  75
62  77
368  70
1305  75
1247  82
1296  83
11  74
1073  78
1094  68
85|7
1519  76
1624  40
1140  76
1694  53
1643  75
1747  77
1635  84
86|14
4993  82
4310  76
6947  78
2411  70
457  80
5418  81
3996  83
4901  77
1835  80
33794  80
1196  81
3555  76
1097  86
2687  81
87|5
4023  72
2009  71
3504  81
671  84
2139  76
88|12
7312  81
74795  62
4993  88
68157  89
5952  84
1193  88
223  82
8665  82
4262  84
56782  94
8677  15
58559  94
89|104
26645  69
32060  69
44851  69
53280  69
53578  69
67888  69
69211  69
81087  69
84246  69
103602  69
108078  69
109596  69
118894  69
121007  69
128089  69
128944  69
131098  69
131439  69
134847  69
140481  69
146684  69
148632  69
150554  69
164226  69
30793  58
169912  55
87869  69
1923  51
4015  55
950  52
173253  69
2324  43
27826  69
92259  81
11  53
3977  56
86298  57
8154  92
77688  69
2997  44
170837  69
49274  59
157775  69
1  43
142196  69
99117  70
62008  69
72624  69
108156  54
3752  53
2059  56
128520  87
3175  50
133879  69
48649  69
126088  69
5529  55
65588  69
99130  69
40962  55
1732  38
68659  71
91666  69
2683  39
3751  51
750  54
6650  99
149508  69
2395  46
51575  58
65230  69
171751  69
85881  80
139157  69
6863  56
4246  51
108949  73
1230  37
160567  91
73319  58
177185  69
130520  64
5220  59
121338  69
153386  69
50872  60
149566  69
145491  69
4890  46
129354  69
32243  69
84944  58
6402  69
1288  49
140133  69
119141  63
947  66
176621  69
4973  77
158398  69
69469  69
54503  61
141928  69
102481  64
90|11
1137  81
1144  81
581  89
81  73
892  71
1073  86
116  66
896  42
17  98
7  78
613  69
91|20
3013  68
6395  68
8147  68
7153  86
3360  75
2791  77
3897  75
1080  77
4850  63
3429  81
7000  69
2060  65
2916  68
1391  61
2100  60
318  85
2146  69
1225  81
1246  79
8501  72
92|5
2572  78
2114  79
1015  73
2454  79
1801  78
93|20
736  85
1917  79
552  75
1721  86
539  82
480  85
1372  88
368  87
2355  85
1923  86
2193  90
2006  82
339  86
1097  92
1591  83
260  91
2968  84
1676  84
593  91
558  77
94|12
231  39
377  63
367  51
364  70
288  49
19  33
10  59
586  49
590  64
380  62
589  66
318  79
95|20
18  84
4878  87
6979  75
4732  45
3019  91
5246  35
32  87
2952  73
1247  91
1198  93
5283  67
3361  84
1513  71
2009  72
539  77
122  57
1584  83
1240  85
4262  84
5349  80
96|16
527  89
1094  75
272  83
3819  90
150  83
2021  81
2571  90
1214  82
2058  74
1220  83
733  77
2340  61
1721  70
2396  81
367  58
1291  87
97|8
4701  83
4306  87
3578  89
4993  91
4963  86
4299  92
3981  57
4161  81
98|19
81845  87
8961  84
122912  97
5299  81
63992  46
187541  77
56152  80
134853  88
69644  44
6863  74
5618  91
56801  41
3499  85
134130  88
74789  46
82461  73
1258  89
88810  86
79132  89
99|11
318  95
161  79
420  54
592  79
196  55
122  49
145  72
150  87
316  76
236  78
588  85
100|20
497  81
296  83
1393  77
95  70
592  77
605  71
6059  78
28  84
2245  75
62  79
4308  81
1777  77
838  82
2125  79
1288  82
234  48
1197  84
2005  78
4014  83
4623  76
101|13
2580  82
3285  66
2723  71
2700  81
2908  77
2390  87
3175  74
2395  75
358  56
2702  68
3394  56
2997  81
2502  85
102|12
158  45
588  72
150  72
592  70
253  63
480  73
344  60
539  68
553  69
593  75
586  62
223  72
103|20
86014  78
1954  84
60040  71
1968  81
77206  78
2161  75
1732  91
81834  82
608  85
2384  72
4254  51
104  77
139642  75
56782  86
2096  73
101  89
6534  63
374  52
60069  83
30793  67
104|20
4740  70
743  52
5218  75
8643  68
1288  74
47997  82
468  68
76251  76
8533  76
4018  67
38038  74
1566  68
7361  77
6060  35
3034  72
1641  72
4641  73
108190  63
616  70
7034  75
105|20
4788  82
69685  82
95311  82
95313  82
110586  82
141816  82
141818  82
170597  82
172587  82
172793  82
173351  82
173535  82
6433  60
4974  71
70286  78
108981  82
95175  82
69122  79
1243  93
3916  80
106|7
69844  88
72998  88
59501  77
86880  86
5349  87
53125  85
59784  82
107|7
231  75
253  77
590  82
165  80
434  72
208  75
318  90
108|16
800  90
6022  72
4995  87
2585  91
5316  69
4975  76
3978  74
5349  78
2926  78
4246  77
4878  87
4994  80
1968  83
1684  72
497  83
5380  84
109|20
380  62
1033  68
231  53
364  73
589  71
480  71
62  65
31  55
587  66
1032  64
586  56
778  71
540  50
256  58
163  68
252  61
223  73
553  69
537  62
168  54
110|11
26171  52
2468  56
1198  88
1089  89
1222  86
1208  88
4881  82
47  79
527  87
1193  87
2428  56
111|20
100194  67
162602  67
171251  67
2145  67
96588  72
65088  70
66203  62
84772  67
2081  67
91529  74
6365  65
45666  57
3255  69
1282  67
6539  70
86833  70
122882  77
59143  91
86911  68
5283  59
112|13
788  35
161  68
1917  55
16  80
21  65
208  55
434  53
39  62
3717  76
19  36
110  85
32  89
70286  80
113|20
4083  72
39  60
3168  67
932  91
2331  41
3359  88
1086  91
3504  80
1339  72
904  91
3546  72
4063  43
4062  73
1077  76
1589  75
2475  57
3831  78
46  50
1733  88
4007  76
114|7
141718  67
54001  70
2291  72
167732  67
122886  72
8961  73
3147  76
115|20
1580  74
2804  82
1387  87
2792  75
3146  56
3273  58
3052  77
2841  80
2719  47
595  82
2700  82
383  69
2027  36
2148  54
2770  57
3785  55
2916  79
3175  81
588  82
1377  63
116|18
2716  69
858  76
1299  67
62383  79
1339  69
1276  89
597  70
1029  65
1101  66
2797  69
2657  65
1961  73
1407  57
5995  75
1704  78
165  67
2115  71
8360  72
117|20
708  64
587  64
589  72
151  70
36  65
1036  67
595  68
288  63
596  64
48  59
315  60
454  66
353  70
474  68
10  68
60  64
805  70
491  61
616  66
485  61
118|5
1221  83
1625  76
153  67
1961  81
1810  74
119|20
95441  78
117176  80
1092  82
91529  84
74458  84
4387  74
79132  86
168252  89
44022  75
78499  85
122904  82
106782  84
442  83
4993  88
31685  72
6365  86
141004  40
4148  79
88744  82
8644  81
120|5
260  77
32  74
5  62
631  65
52  65
121|12
497  74
440  66
161  69
527  73
292  69
344  62
186  61
316  69
1  71
19  56
163  67
337  70
122|20
27660  93
69784  85
7022  99
148652  57
4816  91
56174  81
94959  88
81591  92
71535  93
30810  92
2997  99
1732  98
108932  94
780  87
1090  93
3253  90
106782  98
72226  96
1200  97
1214  96
123|12
68554  75
115569  83
79132  83
109487  82
1196  84
4226  85
296  84
7153  84
143458  80
47  83
96829  90
2858  84
124|10
56145  79
2161  73
260  83
175  80
1358  81
6377  82
4226  85
3147  84
608  84
1223  85
125|20
5088  77
86721  77
110330  77
54503  79
72011  77
162578  84
119145  80
176371  81
55247  80
1240  80
86332  75
68157  84
112623  76
4082  43
160567  92
3342  71
109487  83
88140  75
98607  77
81562  79
126|8
364  72
349  75
231  56
380  68
410  62
300  71
253  70
457  74
127|5
2915  62
903  57
55276  58
5060  66
272  52
128|7
904  92
965  90
926  92
1066  95
1721  81
1080  91
1198  92
129|20
4370  75
480  74
3698  74
2692  80
2138  80
1968  78
8368  80
653  71
7143  77
316  74
6874  80
239  75
2916  75
733  76
4896  78
2028  80
3977  66
3000  81
1907  73
31658  80
130|6
208  66
316  71
292  71
110  80
590  76
296  67
131|14
2273  61
6947  71
58559  74
908  74
4878  75
89745  73
7256  79
68237  75
2722  60
2028  73
48516  76
3178  72
64614  76
969  74
132|20
6251  61
3275  65
4995  60
2987  63
7444  54
3262  59
4168  53
31658  63
44191  66
1089  66
3967  59
5502  53
50  66
58559  71
5992  59
2108  60
1844  76
2657  55
47  66
2470  56
133|7
454  62
356  67
589  61
150  63
153  57
380  59
527  66
134|7
442  65
595  70
349  70
380  69
367  69
509  72
296  75
135|20
592  65
4084  58
893  63
3994  67
2004  70
608  89
1358  79
3852  68
3489  71
1614  56
1198  93
4128  81
1883  69
2302  68
1291  89
410  57
1261  92
4022  77
4881  83
1077  80
136|20
161  71
193  55
585  50
338  54
277  65
380  67
181  43
337  66
437  48
165  68
611  55
151  72
340  78
252  68
432  43
552  63
350  65
280  83
273  55
150  79
137|20
6787  81
2716  78
1198  85
750  85
919  82
1270  82
318  91
150  81
2997  83
1200  84
6986  80
7153  84
1242  84
110  86
33493  76
1197  85
2959  87
1237  86
903  83
7762  75
138|5
2707  64
1960  72
1959  93
849  50
3996  68
139|20
4025  32
7445  38
60684  66
4865  54
68319  45
7090  73
5502  39
260  61
8371  43
53953  40
58025  52
106782  34
6957  56
7163  31
3827  46
3624  25
52722  47
54259  29
4367  30
115617  44
140|20
5699  70
5299  66
1393  67
356  75
609  74
32596  67
4795  71
34072  71
1617  77
5256  52
5943  55
1084  77
4337  70
3108  74
43396  77
4719  61
1005  56
4321  65
5812  76
4259  67
141|20
5418  75
54503  78
4963  72
2478  63
71535  79
317  67
68954  80
54286  74
6365  66
54272  74
4447  67
5502  67
6377  76
6373  67
1265  75
91529  81
2502  75
441  76
1517  68
48516  81
142|8
434  63
384  70
588  82
50  90
527  90
356  90
337  75
377  67
143|15
1721  60
61250  51
6942  67
7169  71
8533  63
106696  59
3421  62
87232  60
78316  76
69069  72
59421  56
2144  64
96821  65
7173  59
500  62
144|20
589  78
541  80
8368  75
597  68
590  77
410  64
1246  78
527  83
356  81
500  67
19  63
2700  76
434  58
733  74
780  68
1036  76
5377  76
552  66
586  57
2081  69
145|5
344  72
339  62
380  63
318  75
588  66
146|7
7293  59
3257  59
32  72
1367  52
3686  57
410  61
47610  60
147|5
1234  69
168  66
552  59
555  74
2395  63
148|10
88125  74
5618  80
108932  77
81847  74
72998  73
5816  75
8368  77
7153  80
81834  79
4993  79
149|12
1097  56
1374  57
1831  10
1527  64
260  72
173  31
1206  71
1200  53
2021  57
1580  58
1391  50
1375  57
150|6
3  69
1356  77
5  64
95  64
733  73
1073  77
151|12
786  63
562  69
780  67
837  69
747  60
1265  75
828  69
1073  75
1  76
648  70
1393  68
1359  67
152|13
50  82
2959  86
116897  86
89492  75
1193  83
69481  81
85774  85
115713  91
111  82
92259  86
1234  84
79132  82
318  87
153|20
134853  50
1732  45
8533  46
4014  35
81456  71
106782  44
8528  54
6863  51
87194  77
2617  17
1246  39
106100  47
1954  41
7458  31
4226  56
89904  26
72998  30
133780  44
586  19
36535  69
154|7
114662  96
119145  100
81834  100
122904  93
106072  49
76093  95
77561  67
155|10
153  71
3286  46
1200  75
260  78
141  72
2355  70
2384  65
2948  72
432  63
2959  79
156|20
26313  74
31038  74
1230  80
1711  57
3341  82
6296  73
762  47
2361  54
2076  74
4784  57
661  66
2926  67
8571  74
47  81
3176  68
58  87
848  65
866  78
1485  57
923  86
157|5
785  64
3617  68
2720  45
2770  59
527  74
158|6
1093  67
2605  66
2872  69
2723  68
2428  60
66320  70
159|20
2959  73
60069  74
45720  62
597  67
4022  74
89864  75
49286  67
140110  78
84954  63
4447  63
1197  78
68954  76
6942  74
1961  74
106696  67
480  73
539  65
166643  75
40819  77
63082  71
160|20
126  25
1371  47
1198  86
196  48
3408  51
5349  65
3213  75
2408  36
839  26
3593  24
2748  22
533  37
1975  26
1676  50
3745  79
2011  53
733  67
3826  14
778  78
2840  36
161|8
4980  58
7247  73
47610  73
1223  92
38038  74
3429  93
2144  73
2336  73
162|8
150  89
225  85
168  96
50  91
300  80
266  82
31  89
62  88
163|5
1608  58
1810  59
1747  57
1777  59
1837  50
164|8
1036  86
2916  86
110  90
589  90
3527  84
1101  85
1201  91
2167  85
165|13
2353  73
3624  65
110  81
5505  68
5527  76
3256  74
5956  75
5418  77
5530  64
5450  63
1127  70
3409  65
5881  65
166|20
33794  83
1721  75
4011  89
5378  76
3481  81
49530  84
2353  78
47644  72
54272  81
8961  83
1198  90
2542  88
1036  84
608  89
434  67
5219  70
5418  84
2396  85
349  78
2324  90
167|20
33493  71
4886  78
778  76
3052  67
7147  79
6857  72
45501  53
6480  69
1682  70
2231  73
784  41
33794  78
2083  71
2413  65
6333  75
8961  77
2139  70
150  73
6773  78
35836  74
168|19
3730  94
1248  95
1201  94
1089  94
296  94
923  92
1222  94
5291  92
3543  92
1302  98
3362  91
1148  90
3101  89
57669  92
2076  91
1729  88
908  94
85354  71
80463  89
169|20
3536  81
2028  93
364  89
953  87
4886  86
5400  73
8644  84
524  86
2795  88
1022  78
3114  86
3967  89
1517  84
1035  91
8641  82
6365  81
661  87
457  89
3287  58
1416  93
170|10
318  89
296  80
586  61
377  69
34  67
592  68
277  60
500  65
266  64
588  69
171|17
485  82
1220  92
1025  91
801  82
1259  94
1079  96
828  89
317  95
869  78
380  87
1136  98
1225  97
661  87
318  96
47  91
1198  97
1208  98
172|6
3087  69
3578  77
7438  76
2072  72
3793  73
2762  76
173|5
10  68
329  66
586  66
597  67
588  76
174|14
553  75
520  63
224  75
648  69
161  73
317  64
158  56
780  71
315  67
485  66
282  67
440  70
350  69
10  69
175|5
531  81
8911  71
43904  23
38388  100
8362  59
176|8
165  79
434  71
39  73
368  77
380  75
780  76
47  83
471  82
177|20
42002  62
91542  77
6332  60
3668  72
45672  59
783  64
27706  61
2657  64
114662  78
1206  79
83132  77
5218  71
508  68
3114  77
1321  65
2176  77
8798  74
88140  69
2012  64
339  65
178|16
7361  87
527  86
2329  88
5995  86
6502  85
4235  85
1198  88
208  73
6539  81
296  86
349  74
10  75
4226  86
1240  82
2579  77
318  91
179|14
367  70
589  81
161  74
231  68
288  72
743  57
1061  76
317  71
786  69
592  74
671  70
296  85
434  69
364  85
180|5
1261  80
260  78
1748  78
1242  80
2140  70
181|20
157  49
593  70
596  59
353  69
539  62
516  57
132  57
169  45
25  60
31  50
542  47
6  69
707  57
185  44
464  61
502  46
415  51
480  68
592  62
344  52
182|20
4879  70
6969  70
3911  76
2728  73
4313  70
8042  81
1291  78
3113  52
3578  80
1590  58
161  72
4452  49
224  71
4980  63
4262  79
2353  68
2890  75
1127  69
541  80
6041  75
183|12
480  80
380  74
1196  83
2951  85
2534  67
4085  77
1287  83
2194  82
3247  69
1233  86
2662  68
1408  82
184|20
158035  74
181413  74
193565  74
97304  80
74754  60
168250  76
191005  74
106072  67
166291  60
127152  91
86332  72
80463  82
5816  72
122898  44
81845  83
5810  67
170813  69
174479  74
112852  86
148626  84
185|10
1685  69
2396  69
5377  78
1721  63
5952  96
1393  61
595  74
2085  66
4995  96
899  79
186|20
2605  75
1214  86
1291  85
3745  79
1269  84
2527  82
2532  76
4361  82
1307  85
2968  85
4306  85
2541  81
1702  71
480  83
1097  88
3977  70
919  86
3527  83
593  86
1196  85
187|20
26122  76
3949  80
49272  83
231  49
1206  83
6874  81
1729  73
1209  81
48394  78
6502  81
2701  62
4027  78
288  54
2542  83
7153  81
39427  57
6890  76
1222  85
8949  73
1748  79
188|10
2346  74
1212  92
594  88
1282  92
3469  90
2396  93
1091  80
3341  92
1264  81
2206  87
189|5
48516  85
4993  83
79132  81
2959  85
58559  84
190|14
6711  83
4776  80
8784  78
4995  83
5630  78
4306  82
30749  80
1221  87
4975  74
8961  80
858  87
8464  72
69844  78
7438  80
191|17
496  74
21  66
72  79
175  90
494  58
417  83
17  64
6  95
85  84
292  54
314  83
58  93
235  79
213  70
161  72
160  45
162  100
192|5
356  83
288  80
316  74
349  74
432  66
193|7
44555  90
55442  93
4878  81
6016  88
307  83
1270  84
5618  88
194|5
163  68
1396  58
1500  67
1288  76
5060  93
195|20
3424  85
2770  53
1041  94
1653  79
1923  72
3160  72
4723  46
1863  47
2336  74
2166  43
4308  80
1909  71
260  83
2028  83
3252  73
2908  74
1392  76
1365  72
70  72
190  68
196|7
70286  76
3578  81
59315  77
58559  82
364  82
1214  79
110  83
197|7
1513  74
1240  81
1882  44
786  69
2167  75
153  68
1784  77
198|20
3894  70
3499  76
920  66
1213  88
3949  64
1994  69
1485  58
2572  68
4019  77
1089  89
110  77
593  87
4128  62
1270  78
4886  75
1079  76
2117  73
912  88
1573  61
1682  68
199|20
5464  64
2165  76
2280  52
736  52
5673  70
349  71
5502  58
482  72
8532  68
1172  79
300  67
50068  74
4881  74
3175  69
7445  66
2973  74
34338  49
41997  75
1956  74
377  57
200|20
3809  72
7022  83
50802  64
3968  65
2485  63
500  68
5610  43
590  79
1029  72
53996  77
2572  79
4993  88
4041  81
57640  80
1302  77
1784  78
6383  57
1653  82
1569  77
1517  75
201|20
1748  86
1527  86
1584  85
2858  89
339  79
589  90
2717  70
994  92
788  58
1196  94
2797  84
733  84
1259  89
2174  76
1198  94
2455  79
1569  80
1213  94
160  68
24  72
202|20
3329  76
924  82
29  85
2289  80
1197  88
1196  87
2966  81
161  74
608  86
1209  88
1296  78
3194  69
1784  74
469  77
923  86
2000  75
1587  67
1719  91
3147  87
32  83
203|9
56174  76
8665  79
2407  71
5952  80
590  80
49272  84
40815  80
333  72
296  85
204|17
1136  91
3949  87
33794  85
48394  83
27075  80
1080  89
79008  86
6104  87
8874  88
81591  77
4878  88
91658  78
711  66
2313  81
86320  75
55820  85
5218  80
205|6
912  83
99114  78
91542  71
5816  76
95167  71
96079  72
206|5
36  83
608  85
733  78
140  72
141  76
207|5
2991  64
2428  14
2707  67
3740  82
100  55
208|6
1210  78
2628  63
380  65
2353  68
2278  63
2762  73
209|7
60684  82
1291  89
68157  90
74458  86
185029  90
122886  82
88125  82
210|20
123553  83
34405  83
166203  83
3147  91
31696  76
7649  73
58559  92
2105  72
6365  76
34397  83
4625  41
84772  73
122926  89
76093  83
62836  83
33493  76
1584  83
47610  83
108932  82
122918  83
211|18
58559  85
63113  72
90405  73
57669  82
60684  78
7153  84
73017  79
2105  72
4367  73
356  85
2642  62
1556  49
318  90
44665  82
85414  75
1198  85
1136  84
260  85
212|20
170697  82
122920  72
122892  69
2571  74
5218  71
48394  77
3578  75
1196  71
135143  72
74795  70
179401  72
79132  79
77800  75
108932  76
110102  73
96821  78
8874  79
65261  79
59784  66
2291  70
213|17
3285  74
87520  58
80363  64
76251  75
8957  76
2860  67
1234  82
5419  70
51935  78
69844  77
39446  74
4132  69
858  85
69526  62
4558  58
49530  76
58559  82
214|5
83  56
628  61
743  53
1363  61
802  61
215|20
1172  84
4973  84
63082  83
1291  82
2028  84
3252  80
3210  72
1968  81
1247  82
49272  83
1089  84
72407  57
5650  82
318  91
1208  86
2000  81
1197  86
1196  83
1297  81
4019  80
216|20
104  67
21  67
3996  77
3946  49
2946  62
3993  67
3897  77
2599  75
34  72
3994  68
4034  80
3363  77
1965  67
3422  65
3555  69
3253  69
2087  72
3986  59
2018  66
1923  73
217|20
1867  55
3434  55
1275  62
2468  47
3197  56
1912  66
2302  53
1876  53
380  60
1221  75
2471  43
1918  52
1385  53
3165  77
1590  53
1562  41
1703  55
2056  55
1831  45
160  49
218|6
2657  61
2692  77
1380  58
1198  84
6934  63
5349  73
219|20
60072  55
2115  70
59315  71
6539  72
442  54
30707  75
1704  79
180  56
1219  80
1005  26
27773  80
56156  66
6188  67
6721  67
30825  54
2997  79
1552  55
1500  70
2890  71
1921  73
220|20
3996  84
733  79
1198  92
3994  79
6539  83
1258  88
1917  68
4545  73
33794  85
165  80
71264  84
4623  80
53464  44
5218  79
6365  73
3751  80
32  88
1036  85
5502  75
1591  51
221|20
4338  82
7013  80
8529  75
1080  88
3246  89
2871  86
1208  89
7063  85
2702  75
4029  85
5954  78
2352  83
922  92
2997  88
1278  88
2858  89
1212  89
1959  83
1961  82
3671  86
222|20
81831  63
100498  45
48516  78
1249  71
99813  70
91529  71
59900  52
93287  71
1721  62
2706  60
3273  49
2411  50
64622  62
7143  71
87869  68
778  70
30825  56
42011  45
673  46
64839  70
223|15
55854  65
6711  71
1  70
736  56
1961  71
457  68
2716  68
48394  70
608  71
8784  73
48516  77
3863  62
4306  74
260  71
2683  56
224|11
3496  82
3044  84
356  94
2915  85
289  67
3668  85
1270  92
2797  83
1721  78
2716  86
1259  88
225|15
2423  69
1285  76
588  77
1717  69
2791  79
1321  71
1136  84
1197  88
1753  70
2004  70
2371  70
1407  68
785  69
1060  77
3024  62
226|20
6938  69
32666  69
3552  77
542  57
1240  79
3098  77
2804  83
3668  78
3653  75
2231  74
145  71
2253  50
3052  75
2628  61
762  49
53129  83
4816  73
16  88
2144  71
46948  62
227|19
46976  87
52319  100
81845  87
109487  86
134130  83
215  88
48738  84
47099  84
1196  87
32587  83
912  88
55721  89
1682  84
750  89
778  89
40629  87
97913  83
70286  82
150  86
228|5
2571  79
1373  55
362  75
318  86
3113  60
229|13
34  69
589  81
377  67
45  73
587  70
5  65
475  88
442  63
597  65
364  85
213  72
110  85
527  85
230|20
34330  59
52715  59
47  63
7438  65
527  72
3147  68
45499  63
6537  55
2291  69
1387  68
6863  63
1485  54
595  65
4022  67
2096  62
588  62
4034  73
1676  57
8644  63
2641  60
231|5
92259  86
858  85
593  84
1198  83
109487  82
232|20
31867  65
41769  65
57526  65
70336  57
8644  68
1586  58
44972  48
4019  75
43928  42
30883  34
65802  65
8376  68
39292  75
1035  78
66198  62
66097  75
32011  48
6564  54
7451  73
33164  47
233|20
48394  68
3751  68
48516  75
1721  65
356  75
106100  70
162600  67
608  69
7153  72
134214  66
57669  73
122920  67
2329  74
4239  66
7371  70
3977  57
3147  72
3948  66
49272  65
5418  69
234|20
2616  67
2140  77
172  62
126  52
1562  52
4519  75
153  64
2710  61
3624  64
3483  69
1391  72
438  60
1460  73
2987  79
65  52
260  92
1359  60
3175  81
588  78
2080  73
235|13
480  78
736  64
500  66
454  71
592  69
235  70
595  78
32  82
527  80
648  71
223  80
588  80
377  67
236|30
1214  83
1278  83
1345  83
1350  83
1387  83
1388  83
1982  83
1997  83
1998  83
2447  83
2459  83
2490  83
2496  83
2502  83
2505  83
2542  83
2572  83
2580  83
2596  83
2598  83
2606  83
2657  83
2683  83
2694  83
2718  83
2770  83
2806  83
2858  83
3024  83
3052  83
237|10
32  68
4254  46
94959  65
293  66
1371  67
1193  72
7361  76
7980  70
43936  64
1374  68
238|9
4954  75
3528  75
4265  60
4901  71
4238  66
593  84
4499  84
4957  41
1193  83
239|20
58559  91
5459  65
4085  72
380  75
95  66
7445  79
608  90
7147  82
6378  77
2115  79
4896  80
36529  82
3994  77
33679  73
47  85
590  79
4022  78
208  67
733  77
51662  79
240|20
368  78
543  75
480  76
367  70
810  69
500  70
546  59
110  82
173  70
1  76
542  62
104  76
34  78
174  64
204  73
225  75
383  71
262  79
434  66
420  69
241|16
81786  79
71899  82
527  82
1206  81
1193  82
99114  79
100714  80
8981  78
53123  83
116897  85
56367  79
3910  82
106782  81
115569  82
4235  82
48780  82
242|7
39  69
380  70
231  65
457  83
592  73
454  75
111  85
243|8
112  79
353  84
62  86
588  86
193  65
586  81
181  64
376  67
244|19
3090  85
1049  67
110  83
257  78
165  74
151  74
1090  81
3755  71
2278  74
648  66
1580  70
1957  83
1610  83
1196  91
3256  72
1573  70
1242  89
3753  72
2243  70
245|5
3196  77
2739  74
3114  60
3274  64
1361  83
246|20
1304  86
616  78
1680  84
6016  93
3081  80
44191  87
60684  83
4973  93
1732  88
1298  87
53125  83
2291  82
2692  88
293  89
4011  93
5013  88
60069  88
48082  81
82202  70
95167  80
247|20
48516  83
593  82
2858  74
49272  78
1961  71
44191  75
527  84
116797  78
68358  75
122886  74
480  70
223  77
1265  76
2078  72
1198  80
1682  69
6377  73
1089  81
953  70
919  67
248|11
4886  78
1198  82
166528  79
176371  81
316  77
147374  75
102903  70
189333  81
122912  79
58559  82
5218  75
249|20
110350  74
102903  77
2167  75
94959  83
84601  76
2395  80
97306  76
3408  71
89047  74
91500  78
91542  81
40815  77
69844  82
904  82
46723  74
3826  53
68791  72
88812  65
67695  86
50  91
250|6
1282  86
2407  66
318  95
1597  75
1246  90
8880  59
251|5
142115  95
293  96
356  98
318  96
1089  98
252|8
164179  84
89745  85
6377  86
164909  79
1682  84
166643  76
143355  74
78499  85
253|10
44555  91
916  87
608  91
2300  90
7099  89
4217  80
26366  88
1192  94
4642  92
3363  87
254|20
46578  81
44195  84
207  78
49278  75
6333  79
780  75
110  87
1210  85
49272  84
27846  80
32587  77
2571  86
44929  81
47  85
293  86
1580  75
5995  85
32  86
592  75
48394  79
255|9
1270  70
4467  69
2023  69
3501  35
1663  67
1394  52
3392  58
2542  75
2915  63
256|20
3247  70
88744  76
377  74
4973  87
53972  74
118696  76
95441  73
104841  75
71535  79
2953  70
81229  75
53121  70
30707  80
2571  87
68791  72
170  77
6942  82
90405  74
6537  74
33493  77
257|5
1500  68
594  73
2502  74
494  65
2406  70
258|5
4995  87
7147  88
72641  72
76093  82
47099  85
259|6
508  55
5945  14
1784  56
4886  74
1356  51
1584  44
260|20
7361  83
3556  73
162  87
903  79
5690  83
6337  72
4878  80
5617  78
342  69
5219  63
2997  80
8011  77
1206  82
3317  74
6709  65
8874  80
2348  73
3822  71
2959  86
8645  80
261|11
3897  84
16  82
2060  67
296  84
2723  69
1682  82
4085  72
2194  85
7361  91
4238  68
58559  94
262|12
708  65
539  65
457  77
322  63
339  62
85  58
26  70
17  66
213  32
273  51
593  80
728  64
263|20
223  76
150  78
500  64
2987  72
2953  52
110  84
4226  84
8370  81
1197  86
7458  71
708  67
1111  87
2125  78
6942  78
5013  77
163  76
457  82
8636  75
1967  80
2085  69
264|12
7841  91
1376  74
151  67
5816  73
1907  73
1320  57
1917  66
150  77
3578  80
1090  79
253  69
1876  66
265|20
3807  66
316  67
253  65
1302  64
724  64
1240  70
3504  76
230  65
3831  69
1956  75
3098  69
529  72
1270  74
3791  63
1177  81
2322  61
1488  60
2474  65
1198  78
1962  70
266|20
476  71
2812  71
2700  77
2278  73
24  70
2770  19
2702  62
64  34
1405  18
2580  88
1527  77
2167  66
457  92
1580  47
2300  82
1923  63
2094  55
132  54
2571  82
2097  55
267|12
2858  84
593  94
1175  87
3006  88
1302  98
3999  24
3113  36
1093  79
589  88
2571  92
923  86
3996  87
268|20
1641  68
587  62
1125  74
1911  38
2802  53
1036  72
1370  62
50  88
2064  68
1784  65
1912  74
1966  66
454  64
1234  70
2247  57
1394  76
2829  61
802  60
260  83
2858  76
269|6
724  66
743  56
95  66
1  77
63  62
648  70
270|8
661  58
62  60
79  42
628  62
14  71
1356  68
141  59
25  62
271|9
3897  66
32  70
2791  69
969  69
6787  70
2858  70
55765  64
1320  59
2288  68
272|7
177765  62
1240  73
51662  74
122922  78
49272  77
158238  72
6365  70
273|11
440  78
593  86
500  74
608  91
223  85
111  91
150  85
21  78
466  56
235  80
520  76
274|20
50147  65
2947  75
3037  82
1645  63
4951  65
2036  66
1359  60
35957  68
553  75
76293  65
3918  65
1503  66
45431  66
4816  66
54999  64
5667  65
4876  48
56805  66
1921  74
54004  66
275|20
1784  79
2289  85
5884  82
1171  73
357  72
1912  86
2539  75
235  80
4886  82
2572  80
2355  74
3253  76
1192  92
926  92
111  91
2100  76
3089  94
1393  77
1719  94
1392  87
276|9
673  87
356  90
466  89
104  87
631  82
648  83
2  84
1367  83
344  81
277|6
637  65
736  66
656  61
1  75
780  67
260  75
278|5
2371  71
1347  69
4002  86
318  88
2369  64
279|20
134130  78
1101  69
166528  79
90405  73
61132  72
79132  81
56782  82
97913  75
1608  69
4226  81
59315  75
88129  74
54286  73
1258  81
8665  73
58559  81
4993  82
8376  70
107406  72
1200  78
280|20
92535  95
344  64
262  83
3146  63
4239  82
4447  71
8638  80
919  84
72641  75
86817  53
8368  82
49530  79
6863  72
35836  77
55052  79
54503  80
4246  76
48516  90
1911  57
3916  79
281|5
46578  72
8361  55
35836  65
3897  69
3861  52
282|20
5995  86
3977  68
3263  70
25  85
6708  80
2683  72
4718  70
6711  86
5481  70
6863  73
5669  83
3752  70
588  83
80463  83
1921  85
1193  86
4369  76
48322  90
1194  87
784  68
283|7
1580  64
39  65
1704  78
356  78
586  63
2082  57
805  72
284|18
474  74
173  64
2  77
296  88
15  74
348  77
248  75
318  90
47  79
353  77
275  41
44  63
339  78
367  71
276  72
165  74
637  72
235  73
285|8
1193  86
949  74
1247  86
6978  72
113207  79
4447  71
441  85
296  88
286|20
454  73
778  81
5989  80
1333  75
165  73
500  65
7438  79
2294  65
4993  85
4995  80
7361  87
70  76
4980  60
1258  82
4963  76
1097  77
4848  79
539  70
377  69
110  82
287|20
3160  62
3578  74
223  65
2633  86
1059  60
586  10
3005  38
532  50
1193  80
2599  57
2028  77
1485  29
3826  10
2081  50
8949  56
2012  43
101  57
4034  79
2422  17
2115  60
288|20
4473  63
4966  63
1008  63
2867  65
42015  64
141  63
2571  83
13  60
53519  60
2407  60
5418  76
3916  68
2347  36
2528  62
30810  64
575  45
32587  77
587  60
2517  53
8361  60
289|24
3  83
16  83
235  83
266  83
594  83
708  83
750  83
1080  83
1101  83
1208  83
1220  83
1258  83
1917  83
2012  83
2174  83
2710  83
2797  83
4322  83
6125  76
6327  83
6453  76
7025  83
7028  83
26704  83
290|20
1228  90
1299  90
2494  80
2739  87
608  90
2130  82
908  90
341  83
1447  69
342  78
1056  71
1719  94
953  86
928  89
1394  86
2648  83
475  91
2731  82
1357  88
2385  41
291|7
40815  90
122892  81
106489  83
134853  88
7153  92
88125  93
1  91
292|20
520  60
103339  57
122900  73
4896  74
2291  74
474  72
85056  63
46972  63
95167  68
164909  70
3176  69
3476  65
1608  65
31221  37
1101  64
3985  67
3984  70
1017  68
69844  71
231  59
293|5
1682  68
1673  73
344  38
1617  68
1097  59
294|20
416  36
3869  58
1064  52
2794  47
610  63
2133  52
1391  53
3868  57
1129  58
520  53
3387  44
355  30
2378  46
3693  38
785  53
2193  54
2367  43
2458  45
348  75
3501  40
295|9
1221  100
3198  87
1287  97
1213  100
4351  62
1198  100
858  100
318  100
2329  100
296|6
160848  80
2028  90
169034  80
4144  95
50  94
2324  91
297|15
832  45
543  42
1645  47
111  80
454  61
1089  84
6  84
1249  83
1047  36
1370  55
1488  40
150  67
170  33
1092  34
866  89
298|20
57640  60
95510  46
6811  45
8370  57
8807  51
63131  50
6881  45
3785  28
122900  56
103042  47
6294  34
2167  50
2005  57
6006  34
653  41
55995  43
3018  43
69757  52
103772  36
3825  25
299|5
3793  74
1387  79
188  74
1198  82
1214  79
300|32
318  83
356  83
527  83
593  83
1172  83
1704  83
2028  83
2324  83
2329  83
2571  83
2762  83
2858  83
2959  83
4848  83
4973  83
5995  83
6016  83
6711  83
7361  83
8950  83
48394  83
56174  83
63082  83
79132  83
81591  83
92259  83
99114  83
109487  83
112183  83
112290  83
112552  83
112556  83
301|20
21  66
357  66
2490  65
6711  76
589  73
8949  74
837  64
3948  67
364  75
527  75
5989  76
4963  79
608  79
292  67
3578  73
3897  76
4226  78
3753  67
1393  67
1792  61
302|7
480  84
14  81
3  75
25  85
648  74
707  72
110  88
303|11
5378  66
3703  82
1127  78
5544  78
1196  86
3471  80
1580  72
1394  83
2683  66
920  77
1358  79
304|20
314  82
2571  86
2433  64
10  79
1376  70
480  82
1373  66
1777  71
1270  83
1517  80
151  78
356  87
208  67
474  82
1214  83
1375  69
640  56
1722  69
185  63
2701  52
305|20
74624  78
140627  78
87869  76
919  85
1197  91
106100  88
138210  75
788  66
7482  82
80590  55
103075  68
903  91
6537  70
93840  85
54736  77
592  74
2288  89
58803  81
55276  85
1272  90
306|20
5784  56
68954  67
69644  68
6377  65
95543  68
81847  70
111743  66
85367  64
168418  67
167018  70
72998  69
122904  68
69406  70
85788  64
4963  67
115664  67
134368  67
112852  69
161634  66
133419  68
307|20
2190  54
4181  54
31424  54
49314  54
5010  67
7845  51
3392  42
1220  67
6793  26
6483  17
2332  28
56003  60
1991  37
3273  36
4876  51
3421  66
1409  40
413  42
4447  54
52867  54
308|20
2959  34
45517  49
96821  84
72998  43
318  73
2  30
904  50
589  38
8961  72
56152  69
56367  75
5618  65
36  43
410  46
79132  25
4993  29
8464  36
1221  54
2248  45
6  71
309|20
2202  84
1645  77
898  88
1682  78
296  85
1089  82
1269  81
7153  82
6947  79
8340  78
1104  94
7218  77
25886  88
1219  79
8154  86
971  82
1944  81
6365  75
1262  82
2762  78
310|13
6863  61
6947  69
1101  60
6503  61
2524  79
2457  79
5899  87
733  64
246  97
3254  76
1223  86
1080  76
2671  62
311|6
6561  45
5992  42
1517  41
6461  75
1407  49
2706  31
312|20
5816  74
1375  66
3499  81
589  85
2454  69
1358  82
4878  87
4103  80
3793  74
2028  90
1371  59
4121  67
2366  77
2747  62
4105  80
5446  70
2699  60
2529  82
1350  82
1356  83
313|20
4980  51
170  62
3917  74
2455  61
5544  83
541  84
2193  59
2000  70
6  78
1968  69
1089  84
1301  72
1240  69
3175  67
4865  84
2005  64
2167  61
1375  60
2087  68
2530  66
314|20
7  54
1042  60
44  51
165  68
457  72
293  72
597  64
329  72
442  50
26  67
830  54
728  66
618  61
107  61
536  58
10  61
1376  65
153  49
208  43
150  74
315|7
1262  68
2729  65
2529  64
2067  70
2553  66
909  67
902  67
316|11
1748  68
253  62
3968  62
158  54
5445  65
3751  67
7438  68
6874  66
48  59
3882  54
2572  65
317|20
133115  75
73321  63
91529  78
74545  74
7445  69
1213  93
48774  76
4262  73
1884  77
5989  75
3578  78
4011  82
68358  72
1208  93
72011  70
3897  72
3499  72
96829  87
116797  78
56782  87
318|20
26713  75
81191  75
90245  75
111817  75
127180  75
145080  75
150696  75
7445  75
1090  78
116799  82
82459  76
48385  70
2294  71
64839  77
88125  77
109487  80
4021  88
33794  73
54286  72
89753  80
319|7
115617  81
6377  87
356  93
136864  41
1221  90
122904  82
110  91
320|5
72998  70
71535  67
31184  70
59315  71
1013  59
321|12
587  71
356  79
160  65
592  72
597  71
780  71
339  71
355  58
410  65
3  72
500  69
457  77
322|20
2882  39
1968  68
2542  74
58559  83
2788  72
2146  67
2617  55
2918  70
778  71
2599  66
4027  73
4993  78
1230  68
51540  75
1  70
1617  72
1923  66
4010  51
11  71
1035  68
323|20
377  70
480  70
356  74
1094  60
161  64
115569  69
1198  69
29  70
551  68
22  56
318  82
112183  58
253  63
111659  50
3257  56
260  75
150  70
329  69
342  57
266  59
324|5
2764  81
3972  71
3864  22
3949  65
3897  75
325|20
2848  71
235  70
2986  61
262  80
1573  63
2596  72
1584  71
1217  89
1676  66
4714  35
3770  50
3261  67
2894  71
2155  70
1279  85
1614  60
3994  66
2268  76
2915  69
5008  90
326|20
8665  79
47610  78
20  52
2858  82
86882  73
5418  78
4973  86
133771  81
48774  82
2324  85
1293  81
2692  83
72605  70
70159  65
54286  77
5446  73
6591  89
4226  84
105844  73
31410  81
327|10
3301  78
150  85
858  91
1923  83
51255  87
48516  92
1304  86
765  72
6888  75
2706  77
328|20
2687  61
112852  69
70286  63
1196  76
457  79
364  79
80463  64
3489  51
318  95
595  68
5349  53
2542  80
1219  78
35836  50
3751  58
79091  55
7153  78
596  60
2398  78
1148  72
329|5
130482  52
136850  52
858  33
1884  66
750  48
330|20
5378  62
316  62
1639  72
2918  77
919  77
3949  80
3535  77
5349  67
380  53
1676  63
2502  83
3703  80
1682  73
2683  64
1206  83
1721  63
2791  77
2081  66
8874  80
592  51
331|20
8874  80
6157  35
88125  78
6539  77
3897  79
4446  69
7361  85
50872  78
4995  81
4306  77
6874  81
5502  64
3911  72
608  82
4447  64
593  85
3751  68
8665  75
4367  61
2959  88
332|20
47  76
1653  76
1258  81
316  65
8983  73
431  71
97757  72
2291  71
1835  69
356  80
5502  67
4308  71
1203  80
1682  71
1249  81
76251  72
2905  82
318  84
2294  63
32  76
333|5
3785  46
3752  47
3616  63
3615  62
3646  17
334|20
55820  74
1196  70
1580  65
1291  67
3996  72
589  66
30810  67
4027  71
1  65
64957  71
1625  68
50601  52
44195  71
27416  75
6867  68
2997  67
293  66
480  67
5378  54
51935  68
335|6
780  63
592  62
356  92
296  82
2699  44
2001  66
336|12
1267  91
1  87
38798  75
33660  83
1784  86
2001  79
2268  85
293  86
1625  89
4886  85
50  89
150  88
337|16
318  92
47  86
16  84
805  84
1393  79
266  83
667  56
168  83
784  76
65  70
110  89
708  77
25  85
1356  84
277  77
786  79
338|8
189111  64
190207  64
190215  64
190219  64
7153  80
593  82
187541  70
185029  89
339|20
72641  78
5445  77
84152  82
96079  78
106072  72
69122  78
5617  82
41285  75
56869  81
48322  87
65216  74
91630  77
86504  89
91529  84
83613  68
4993  89
3470  90
102407  72
2028  88
5952  86
340|28
10  83
110  83
150  83
153  83
161  83
165  83
185  83
208  83
253  83
288  83
292  83
296  83
316  83
318  83
329  83
344  83
349  83
356  83
454  83
457  83
480  83
589  83
590  83
592  83
595  83
648  83
780  83
1356  83
341|11
2335  70
3624  67
130087  53
1370  71
135137  62
117529  67
5459  67
45672  69
1  78
47099  78
4025  65
342|14
2683  50
2598  59
2881  55
2369  54
1268  64
2605  54
2599  62
1198  73
3157  53
3826  51
2428  52
2827  48
3863  57
1959  71
343|12
858  88
3000  83
48394  82
4226  85
4878  85
3993  76
2571  86
1617  84
31658  85
55363  87
55820  83
296  86
344|14
111362  73
380  64
316  62
2628  54
4226  87
2571  89
4014  58
2012  66
4034  84
260  92
2541  70
4973  93
5418  74
2712  58
345|13
1019  77
2539  72
926  85
5902  79
8810  73
344  67
5707  59
2366  76
56949  72
3649  67
6658  66
3489  75
412  80
346|20
3174  75
778  76
608  77
6711  77
6286  79
306  83
7323  74
307  79
3535  78
1212  83
357  68
3949  77
714  81
7937  79
7396  78
5878  76
1120  74
1131  79
3627  75
7115  68
347|9
434  64
590  70
39  70
150  71
454  68
380  69
587  68
317  70
457  73
348|11
318  95
2324  94
4368  55
1213  96
6016  97
2959  96
6893  89
4973  97
1221  92
1960  91
2019  96
349|8
10  73
161  74
589  82
381  82
349  72
231  66
588  76
509  74
350|8
852  61
7  60
637  58
648  69
733  69
12  50
858  74
661  65
351|20
88932  73
87222  70
73344  75
52579  58
2231  75
88744  72
43836  73
79132  78
597  70
58559  77
12  38
8914  78
8950  77
63082  77
6214  78
90376  68
84152  78
480  73
4878  78
1193  77
352|20
72998  75
71745  62
1801  76
34319  69
2600  82
65682  79
1080  83
79695  68
110730  54
38038  77
130490  75
97752  78
1214  84
94864  70
41566  72
56587  66
44191  80
114935  80
59315  79
47610  76
353|18
552  64
25  72
267  48
216  73
367  68
288  68
144  72
186  53
333  74
266  71
112  71
198  69
234  53
145  68
293  78
158  53
163  76
296  90
354|20
1610  75
4306  76
2692  82
3147  81
47  78
903  82
733  75
3977  61
1225  82
35836  74
648  70
44191  77
8665  76
1917  70
7147  77
1923  73
589  79
2959  85
4718  62
1196  81
355|6
316  73
1580  76
3035  84
3175  82
317  74
916  84
356|20
2248  83
52435  80
52975  78
7122  80
44889  80
1641  80
2706  79
4011  89
802  79
7323  80
2502  90
56367  80
1223  90
55118  83
3949  88
3996  81
1246  87
1466  80
223  81
7153  89
357|20
4354  79
8998  79
27329  79
2804  84
595  77
529  84
4663  84
4091  64
1224  86
1242  87
34  78
208  69
58559  87
6296  78
30793  71
1042  77
2100  72
551  76
471  83
2067  86
358|9
26095  65
605  70
5066  96
52328  85
2226  65
42728  87
7361  97
69844  81
36525  58
359|15
405  44
1092  56
1101  61
51412  51
648  67
296  78
1097  69
2396  68
2424  57
593  77
2701  49
2942  51
1682  73
2530  49
4995  79
360|5
1422  64
1620  37
1488  74
1711  62
1414  87
361|20
47099  66
1580  62
377  68
1552  67
49272  66
1263  67
53125  62
589  67
49822  65
8360  68
318  89
2529  65
5218  67
6188  65
2422  48
3082  68
1732  69
1370  67
46972  69
7458  69
362|20
1945  90
592  81
6539  85
51540  86
5989  88
637  84
70  82
7153  90
1252  90
44665  88
407  88
6874  87
2959  94
1196  90
1208  91
8961  85
48516  92
7438  86
356  90
1201  91
363|6
1552  65
1732  70
1517  67
296  71
653  54
318  85
364|5
858  88
9  82
783  79
376  68
1  87
365|20
59315  52
81229  62
128975  46
6874  49
90345  83
158872  39
129354  47
103075  57
135536  46
70286  56
112852  68
76077  55
112818  61
1777  60
6502  63
155820  26
541  50
95720  53
93270  38
135569  64
366|7
116797  81
59315  77
33794  78
91529  80
2028  81
122882  76
7438  82
367|20
926  89
3061  80
1270  85
1287  85
486  52
3536  71
3824  78
2384  76
3072  81
898  93
3618  82
3225  60
2248  84
3157  63
3969  78
3717  73
1259  84
4023  77
1196  87
1258  84
368|20
3753  54
2112  59
1944  72
2986  47
3869  58
1214  75
2947  69
415  46
3035  69
832  57
50  80
2819  62
1801  62
2490  60
1917  48
1391  52
2193  56
225  61
161  66
2881  51
369|20
1256  70
785  62
47  67
2706  63
839  60
377  71
52973  68
743  31
4214  66
5418  71
3863  67
1372  62
27904  71
60069  71
2857  61
1967  67
150  67
2011  66
1580  66
3174  67
370|19
4011  73
4878  73
8961  72
6377  73
2628  64
1748  73
2116  67
589  73
2329  75
7438  72
3977  57
1676  66
593  74
4973  71
4226  73
1240  70
1089  73
8636  70
2716  70
371|9
2571  96
112512  90
1258  93
4090  96
56715  82
3000  91
4226  96
4993  96
1748  94
372|20
335  67
924  75
318  98
1603  47
1479  55
589  82
81  56
387  34
616  63
337  69
1220  74
1201  81
165  49
1243  79
1258  82
377  49
1401  49
450  48
1206  80
1306  48
373|20
216  67
60  58
169  22
350  61
585  56
44  29
371  66
163  77
616  62
198  59
265  73
25  69
6  87
733  68
47  92
2  58
736  47
305  61
357  67
141  59
374|7
296  86
208  65
1219  78
480  77
592  75
1258  82
1339  73
375|7
344  60
1027  65
32  88
2628  61
3256  70
4226  89
500  66
376|20
91535  68
2002  71
1214  87
1101  75
2916  81
33794  82
1198  86
349  78
1371  71
376  74
1240  83
1375  74
4993  87
858  87
457  86
4226  87
5952  85
344  65
2763  82
2797  81
377|20
4942  78
2793  56
1262  87
2791  85
748  75
1345  76
5027  66
5113  59
27692  78
3421  85
6021  78
3364  71
2072  71
8641  81
2163  56
92760  78
2858  86
1503  71
2124  75
2015  72
378|10
33794  80
7153  83
48516  85
3114  80
858  87
68954  81
91529  82
71535  82
90600  70
364  82
379|8
318  92
377  69
19  57
292  70
480  80
367  66
597  70
344  65
380|20
60818  74
172875  74
172881  74
172887  74
355  63
6979  72
5476  28
2735  65
68194  86
63433  69
72356  86
105731  39
1833  69
551  88
6731  83
27831  83
1665  62
393  64
140956  77
2791  91
381|20
2085  69
1088  67
3253  72
185  59
317  65
27808  64
1240  79
19  54
3753  69
4321  66
72011  77
3082  65
333  78
2140  70
1385  59
2273  59
1208  87
457  82
104  68
2716  78
382|20
1204  94
142372  40
135532  82
1201  92
112171  66
1198  100
912  100
81847  94
4638  59
63540  35
1681  41
170289  70
103042  69
72737  76
2496  61
357  90
81537  64
59501  68
101362  54
4890  64
383|7
2436  91
2541  69
2496  64
1584  74
2558  47
1246  84
903  83
384|14
3527  69
1388  42
2683  60
2502  82
4333  44
3098  72
4396  48
457  80
358  49
968  67
2724  43
296  78
3991  54
1204  86
385|20
736  61
1080  81
249  67
1219  79
1036  77
1136  83
282  60
1073  79
1200  82
1228  81
1022  69
1007  56
1201  81
1246  81
344  57
589  83
1023  66
1287  80
594  68
1303  75
386|14
110  62
410  53
112  56
165  49
223  68
648  51
185  45
608  67
485  52
305  48
44  47
585  55
349  59
10  58
387|20
4393  65
5156  65
5780  65
7336  65
26124  65
40966  65
2712  61
5062  78
1247  77
5489  65
4195  69
7132  76
2946  63
1387  78
3000  76
51939  59
4995  77
912  88
7938  65
1783  49
388|6
6158  70
63239  70
33615  66
86298  57
62999  74
8360  68
389|7
17  94
140  76
628  86
762  92
743  69
95  77
32  89
390|17
6344  75
64957  78
4239  80
5220  54
1193  88
2571  87
9010  80
2291  74
5296  56
4226  85
7254  75
6377  82
63062  72
1206  85
2329  88
4014  73
1784  74
391|20
5575  75
500  46
3994  58
1213  93
516  72
199  100
4027  75
150  83
1408  75
4014  56
1527  71
1059  72
2916  68
4973  87
357  58
555  80
5026  82
4936  68
1210  93
3067  64
392|5
3004  51
2858  78
707  62
1198  90
1125  72
393|20
91658  29
102125  63
48394  76
36517  63
8636  74
110102  53
44199  70
5388  65
54259  71
4848  82
5669  75
1291  86
68848  82
86190  72
2571  91
1206  75
122892  47
106642  94
1625  47
106489  54
394|5
588  53
316  58
344  48
225  57
457  69
395|13
329  67
1025  55
296  71
160  58
208  53
173  53
485  56
355  47
520  56
595  52
126  45
48  56
367  58
396|6
1276  96
1597  72
1777  63
44  50
204  55
2081  61
397|5
4017  80
8645  83
1701  82
8228  83
6993  81
398|10
6408  84
1197  95
5971  90
7022  93
1198  95
60069  92
2455  80
1136  94
48516  97
82459  75
399|8
1198  90
110  86
5445  80
1196  87
593  90
480  75
1270  86
2194  85
400|9
608  97
356  97
2571  97
2959  95
7153  97
1221  92
3578  96
858  97
59615  71
401|15
5952  71
6297  71
55768  63
48982  72
166461  63
49274  49
50872  72
32031  61
79091  71
170939  71
38038  73
8360  71
3114  72
33615  65
1136  71
402|10
1084  85
597  74
52  76
329  72
296  85
586  67
315  69
1036  79
434  67
527  85
403|7
110  82
2427  67
3210  72
296  83
61465  58
1663  78
180  72
404|12
204  61
349  68
474  67
34  66
364  72
508  68
105  65
593  76
509  70
277  61
315  61
185  61
405|20
70708  80
293  81
7254  76
37731  79
2959  85
345  81
1213  83
7134  80
64614  81
6023  59
1241  87
2329  83
1247  82
3052  77
68237  81
1199  82
27592  85
27664  59
3418  77
1215  83
406|5
1586  65
135  54
56949  64
46972  66
724  80
407|5
7153  85
2959  88
6539  83
1240  85
54286  83
408|20
1198  89
122904  83
44840  58
165101  69
6618  83
1291  88
1210  87
89745  83
1278  85
7324  67
44  70
8641  82
115210  83
103596  47
68554  75
2571  88
109487  84
63131  79
80489  78
4649  90
409|20
2485  56
2490  70
2028  89
3812  67
1278  87
2997  86
296  88
1078  65
3016  62
1073  84
2683  60
2289  89
3846  62
912  91
2013  63
1911  45
2352  87
1230  83
2541  66
3174  80
410|20
389  81
3224  96
318  90
2302  80
4002  82
1060  83
4297  71
3263  76
1859  71
111  87
58  89
2145  80
3255  74
2321  80
3504  84
3948  74
11  80
4019  79
3  82
597  77
411|20
508  74
261  78
586  55
432  55
353  78
431  78
194  71
318  92
272  74
515  74
356  83
266  66
257  65
349  71
10  64
31  59
344  59
227  52
455  50
122  49
412|20
2828  17
2384  68
2915  80
903  87
608  88
2720  67
2858  86
1883  76
1307  84
1214  87
1784  77
2239  96
1  86
930  94
1136  89
2710  66
915  84
2398  88
17  80
1079  87
413|12
2706  99
1198  97
3753  92
2424  91
593  99
128360  91
4993  76
16  92
5574  83
3948  100
64957  78
2959  100
414|20
4458  68
4666  68
5285  68
5635  68
6033  68
6493  68
6563  68
6628  68
6797  68
48319  68
58879  68
169992  68
3802  43
3599  61
1600  80
8666  32
4975  67
7444  67
4081  43
177593  93
415|19
296  87
1213  88
4321  78
3507  83
4308  79
47  84
1021  68
111  88
2617  81
1276  89
3861  63
4369  77
99114  81
1221  90
63082  84
1234  85
45722  81
1197  88
175  82
416|11
5952  59
5951  70
531  61
1296  60
1199  73
1721  36
830  49
1206  60
7323  63
4848  70
3677  75
417|14
778  92
4995  91
4975  85
7254  90
1198  92
106782  89
27773  91
168250  90
1625  94
7153  92
74458  89
110102  93
48394  91
4878  91
418|19
356  96
296  90
63082  77
104374  81
1276  96
1136  92
117176  72
1573  60
137337  77
1682  74
5816  58
88125  76
74458  86
367  45
89745  89
45672  52
87869  71
7361  93
54001  80
419|20
4093  76
111  85
46976  73
27822  68
2858  82
319  75
6287  67
3578  81
1213  86
64969  75
47  78
79592  69
34319  68
89580  76
60756  76
27704  76
90943  76
2412  44
1240  78
52245  67
420|20
1161  79
4993  80
45499  75
923  79
26693  77
48385  74
1927  86
5608  78
2052  73
6934  73
7022  78
3979  68
59295  77
2329  79
54259  81
1131  79
2762  78
4973  78
5669  77
527  79
421|8
2858  87
909  87
5008  91
953  88
1178  91
2313  79
2478  74
1203  90
422|19
2539  56
2710  46
4947  78
4971  61
5039  80
4925  67
2581  60
4916  58
1265  76
2804  75
3053  76
2665  67
1283  83
4835  66
2908  67
3943  64
1213  84
2670  80
858  89
423|5
1653  86
110  83
2194  85
5349  80
1320  56
424|20
1193  82
141  70
2804  78
40278  73
608  80
108729  70
293  83
69122  75
1092  66
54503  76
58559  82
3186  69
66097  76
778  78
5679  67
3176  69
2288  79
2174  71
71668  73
112556  76
425|20
45517  66
377  73
2329  77
733  72
6  77
1645  68
8368  76
2081  71
4306  75
1680  72
1909  70
367  69
46723  70
1625  72
1036  75
4901  68
750  78
2353  70
1342  56
145  68
426|18
59784  69
150  81
471  68
337  73
54001  80
1197  87
6378  71
72641  73
4886  81
8644  72
37729  71
597  72
5444  77
91325  38
588  77
3247  55
4022  74
79091  74
427|17
4887  50
5463  50
5015  59
110  76
58  77
5528  61
6348  45
5312  56
2710  46
5696  36
4993  81
5266  65
2683  56
5400  64
5816  70
1208  83
5574  67
428|20
2471  35
2762  63
3827  45
1089  76
2953  40
2916  59
1380  50
1997  62
3440  28
4022  61
317  43
4255  33
1208  75
1391  49
6377  68
2581  50
260  77
3285  46
588  62
653  49
429|12
339  79
421  71
150  84
225  75
165  79
266  76
329  74
252  78
279  58
317  74
237  75
204  68
430|12
923  82
2987  73
3745  68
6287  63
2858  81
6365  65
2571  87
4447  65
4014  69
329  66
2076  79
4446  68
431|5
172  42
1625  61
1376  51
3948  54
802  55
432|20
1831  54
5630  69
6870  74
8640  67
6539  75
3916  76
5989  77
84189  73
110  80
35836  70
4886  74
2762  77
1206  84
49272  77
19  56
318  85
58559  81
69481  78
7158  73
33660  85
433|5
91529  76
1089  81
50  81
5299  61
110  76
434|20
1136  89
3147  89
1090  82
1265  83
5989  83
1101  59
1779  46
586  45
344  33
3863  55
1208  89
3160  79
589  84
780  41
6796  79
2791  81
4226  88
2194  81
8665  78
1291  85
435|9
2353  80
44191  90
485  77
3510  92
34405  88
2302  88
158  85
82459  88
48780  90
436|20
204  52
435  46
440  65
432  43
161  66
480  68
377  69
531  58
536  64
502  47
364  73
235  64
371  65
344  58
2  61
585  57
450  63
587  64
437  44
227  50
437|20
748  70
318  90
5  66
640  50
1299  85
1120  73
1396  69
1246  83
454  72
1171  66
1225  89
1183  80
1097  82
1307  80
1268  78
592  68
198  72
155  48
112  68
246  91
438|20
7154  64
2501  74
8966  66
27801  78
1527  74
6711  81
3898  34
1784  71
8644  69
6367  64
2424  64
3889  43
223  79
1517  70
7361  87
2641  63
5009  65
2617  63
3753  69
2393  65
439|5
356  83
4022  79
7153  81
78499  79
1240  80
440|7
8690  77
541  79
29  78
1653  79
1274  83
3174  73
1235  85
441|9
589  92
2683  87
2959  97
4306  89
260  93
296  94
51255  92
47  92
68358  89
442|5
2908  18
2881  27
1186  30
3752  33
4361  19
443|8
2329  90
79132  88
296  89
48394  85
106487  71
108190  55
7153  89
63082  86
444|9
356  93
592  66
208  63
21  72
111  92
110  89
235  73
296  92
344  57
445|16
2028  84
590  82
34405  80
47  84
116897  88
780  78
4011  84
899  83
593  86
33794  81
1080  83
45722  78
17  79
1230  80
306  90
2710  80
446|17
237  57
339  67
300  65
296  81
480  72
368  69
288  58
172  50
17  70
16  77
357  67
150  75
434  60
153  55
648  67
593  79
337  71
447|16
257  78
293  82
337  78
531  75
382  75
589  82
552  71
253  80
362  80
532  68
292  78
31  76
474  79
540  59
442  73
160  73
448|373
2368  57
3284  57
3933  57
6302  57
6476  57
7245  57
48262  57
49688  57
75803  57
75816  57
78116  57
79590  57
86593  57
92198  57
98908  57
100326  57
102819  57
104760  57
108715  57
109191  57
111680  57
113416  57
116207  57
116985  57
129657  57
130083  57
133377  57
136654  57
138546  57
142424  57
151777  57
152658  57
157130  57
158022  57
161290  57
164375  57
53996  62
136778  57
5418  73
288  64
88356  32
2580  80
155358  57
2889  75
4034  81
148888  53
81156  67
2713  46
103335  65
95441  57
34048  55
80126  43
3057  57
1057  68
2794  46
33830  87
8665  72
6059  59
110553  45
90374  87
151501  57
3764  45
6143  82
103819  29
4361  64
104913  64
3986  49
5528  62
1196  92
105351  59
83349  55
3276  57
1090  82
5349  74
587  67
106330  40
4677  53
95508  57
109895  28
110611  57
671  68
2289  76
152077  66
80693  51
111360  52
170  62
87444  69
94323  59
8493  53
3671  73
91653  53
4981  57
2991  78
78034  57
119145  75
5099  39
4299  60
2567  55
6996  29
109864  29
6582  42
73017  66
370  61
543  65
115617  69
590  81
154065  57
5553  55
41569  65
3286  32
6645  81
589  83
1920  50
2857  58
111663  69
78499  79
2657  61
6537  56
1148  84
46974  51
48516  85
80241  65
445  58
4262  77
3689  29
114935  64
6428  59
127194  57
109673  39
127096  71
89388  57
4156  57
3793  74
33679  59
2014  47
64285  55
3968  57
49530  70
3450  62
160563  62
5502  58
8169  66
6314  40
122490  57
3386  69
140725  78
4896  71
2642  41
127136  78
2763  70
2520  57
457  80
48783  61
3263  51
5400  50
5541  58
4011  84
58351  57
127132  57
152091  62
3698  58
435  42
4799  57
84152  75
3401  39
2858  86
3174  71
7076  74
106542  57
6218  60
2860  47
1283  88
3618  64
2616  50
90439  61
2404  40
4660  57
2530  44
26386  57
4327  65
3030  75
71464  57
32  84
91529  74
4158  40
99114  77
98585  68
93326  46
2268  75
80489  77
130576  45
105504  73
2791  76
50601  49
7007  57
4234  60
3623  47
80727  78
78467  32
8641  75
4128  71
106782  74
2537  29
112138  65
3247  51
112818  53
2027  31
3101  51
5779  57
82202  44
1704  85
98296  57
6863  66
89305  69
4203  61
1201  88
6212  40
637  56
84954  55
6814  57
94864  56
67695  49
159077  57
92439  78
6812  40
3156  49
802  70
118354  57
134130  77
138036  64
65135  57
52975  67
4368  45
90717  63
45722  70
79259  57
68157  80
4233  39
74458  73
3258  51
1262  85
3949  81
101025  42
69526  39
1831  38
1083  67
1884  81
1476  67
156609  42
3755  56
111659  43
4734  57
161  76
95201  57
135887  55
2598  50
87232  66
4634  96
5334  40
5459  52
146730  57
72694  57
157432  57
132488  57
4558  43
1375  63
6424  57
71518  56
2716  74
94780  56
3593  30
129354  57
158  47
1409  42
6514  57
2881  56
51662  73
90522  58
68554  64
2126  46
122932  57
93510  66
137857  67
125916  17
2953  43
2090  59
1760  24
480  83
58803  70
2109  69
50792  40
46062  26
85510  66
80864  57
112171  66
122900  66
2587  52
1527  75
117529  58
4993  89
92264  59
5247  44
533  60
912  92
26464  57
2249  63
4678  63
103772  59
114601  69
96861  54
420  48
59615  49
2349  61
109372  59
95207  56
348  74
19  49
136020  48
4502  32
91094  42
138208  49
3511  37
79428  64
2643  33
109183  57
2139  69
4212  57
5942  55
96417  65
112852  78
99728  71
89470  72
142448  54
64983  63
2640  72
2046  65
4881  70
3882  44
3744  45
1032  67
116799  71
5  56
4040  40
157407  57
2115  72
1617  85
4367  51
105254  78
3388  46
3760  58
2146  70
2968  76
6281  56
466  48
96448  42
86332  67
64969  64
115170  57
1036  84
3397  62
2474  70
1408  78
155743  57
106920  73
8542  72
120466  63
2051  29
7143  78
7150  44
89087  42
34150  50
2253  40
2973  78
449|8
1917  50
2502  79
4034  80
1222  79
2770  42
762  34
2011  65
2324  74
450|11
3977  67
589  85
110  87
3363  82
3535  83
3948  77
3409  74
1035  84
3568  80
358  64
1259  84
451|7
733  80
593  87
7  68
5  67
494  81
25  83
17  84
452|20
4025  86
2858  96
2617  100
5292  97
1206  96
1676  93
3219  85
47  93
3101  92
163  89
1092  86
1917  100
2126  65
1356  92
552  81
2628  85
1200  95
608  99
2707  88
3273  78
453|20
208  75
858  95
2335  71
4022  79
3618  82
1617  89
3452  77
1357  89
112  75
2671  80
1884  90
1894  69
2294  70
318  93
1614  76
3534  74
2959  93
798  63
5266  75
780  76
454|9
7361  77
2692  77
7116  73
55820  75
6016  77
27773  75
2160  77
2858  74
26131  90
455|12
272  76
432  56
367  66
590  75
253  74
364  78
555  70
252  71
110  78
225  75
588  72
597  70
456|9
1407  74
634  53
135  70
5  69
724  69
780  73
733  77
260  83
706  75
457|10
329  66
3593  21
2692  89
1356  86
223  86
2394  70
2701  40
3608  44
733  69
2094  62
458|12
597  82
185  73
10  81
380  80
95  73
454  85
300  78
595  86
153  70
587  81
150  88
552  69
459|6
79132  90
5618  91
8961  85
48780  88
50872  85
260  91
460|17
89039  84
4886  84
4703  76
3831  85
1441  88
4878  89
3483  79
8970  85
1  87
49272  89
40815  85
85414  79
68237  85
76093  86
47610  87
63082  88
2571  89
461|6
74458  58
2762  62
1036  53
91500  37
3578  64
539  55
462|20
26838  68
89090  68
164655  68
188189  68
1136  70
1219  68
158966  91
1248  77
508  60
1653  68
1674  62
8917  63
8620  17
3424  72
2146  60
7044  84
3814  81
1213  77
82857  68
26131  91
463|7
6377  81
2028  81
4310  78
3753  80
2006  72
1092  73
5995  81
464|20
1370  68
58025  57
63853  42
296  88
2019  90
3527  72
5254  64
7007  71
1101  70
1779  48
377  70
1653  86
55820  81
648  67
33493  66
1610  79
65088  67
74727  92
1617  87
62374  74
465|20
2941  83
2987  81
1200  90
3448  83
5060  83
1299  91
3703  89
3649  61
1625  85
292  80
904  91
3101  80
1754  82
750  92
1256  87
593  90
3732  76
3740  83
3334  90
377  78
466|20
5418  80
30793  71
79091  77
92259  83
5989  82
5459  71
318  84
63082  83
59784  78
5010  78
74458  81
6281  75
5952  81
8529  79
64716  79
68954  80
4993  82
45447  71
81845  79
55247  79
467|22
41  83
58  83
389  76
466  83
527  83
593  83
780  83
1183  83
1233  83
1357  83
1365  83
1408  83
1721  83
2028  83
2125  83
2324  83
2334  83
2384  83
2390  83
2393  83
2394  83
2493  76
468|7
592  73
349  76
1  80
317  70
296  64
32  81
165  70
469|20
3658  74
3832  74
3507  84
3032  80
2736  74
2132  91
1958  81
910  87
1090  86
1485  43
1388  54
2321  64
1234  87
2081  64
1193  90
36  81
2908  76
909  81
2023  63
3255  65
470|16
253  74
318  77
110  75
588  70
282  64
5  64
597  69
32  75
595  68
592  69
500  64
26  72
356  74
357  73
434  59
300  72
471|6
2571  83
8874  83
527  82
1  80
8360  78
7147  81
472|6
58559  87
3450  77
3298  79
2840  70
1221  88
858  88
473|8
4979  67
2959  85
60  67
7147  76
6281  59
3897  76
48322  86
2596  71
474|422
638  68
2179  68
2697  68
4046  68
5114  68
5311  68
5353  68
5455  68
5601  68
6201  68
6273  68
6382  68
6407  68
6592  68
6912  68
7702  68
7826  68
7832  68
7839  68
8057  68
8446  68
8458  68
8459  68
8611  68
8650  68
8774  68
8938  68
1466  72
6708  80
2940  76
2616  55
2334  51
7139  73
4218  68
371  62
750  84
2935  74
8645  82
5481  56
6370  88
25865  68
2553  63
912  85
2467  72
5548  66
7301  71
52967  69
5945  59
480  78
1983  47
3462  76
1068  68
8600  80
6650  98
8482  68
6791  80
4016  74
1784  74
3668  75
3977  54
8961  82
4160  75
30820  71
6984  68
2750  55
5034  57
7716  68
2612  68
4419  86
1300  77
4187  80
1187  68
6565  75
272  72
5440  68
25937  68
1099  57
3125  68
5826  68
5649  68
7256  77
4912  76
6016  79
1208  83
2083  72
3385  53
2310  66
3360  71
3163  72
1413  76
4081  42
1643  67
968  74
2116  65
26965  80
5954  77
1263  79
5116  68
3536  61
8778  80
63433  57
2952  65
318  77
3394  52
1200  85
3384  85
4356  75
932  74
7698  76
516  56
4873  76
48385  69
39869  81
1902  68
2641  59
7036  58
2181  67
4638  51
31116  73
2455  63
2146  68
628  68
3897  77
1030  48
4022  77
344  52
3196  75
92  32
237  58
6770  71
3259  63
3368  57
26151  71
1293  75
34072  71
3044  67
1639  74
5944  57
6539  82
477  62
7361  86
55687  68
58  78
4014  72
3467  72
8154  82
4191  57
2134  55
4644  76
4293  57
5013  76
1399  55
1196  85
2918  77
5899  71
4465  68
100  47
361  50
3341  76
8921  68
195  59
3789  68
4709  58
1588  53
3468  79
4678  71
2723  55
2118  67
1939  74
7019  42
3147  77
1792  54
33903  77
1682  80
41566  70
1693  62
1957  72
5021  60
2313  71
3870  68
948  69
47099  77
3447  76
6614  52
216  63
5619  80
3987  42
5060  78
3111  81
45950  71
32584  51
5525  68
2567  52
5956  77
7  48
1172  81
3217  66
8331  68
587  65
5238  71
1189  71
2416  56
832  57
3095  74
7386  72
1223  78
7058  68
5246  35
5418  85
27803  77
26  71
4002  78
1135  62
45  61
6945  98
2411  49
2520  68
7347  66
5375  68
5673  78
3039  72
7833  68
33781  49
720  82
2103  54
33154  78
608  85
1327  47
101  72
7061  68
5451  51
5682  49
5434  71
6609  68
31658  80
4578  31
2009  66
4704  68
7572  68
4929  49
3306  73
6334  66
5379  80
5437  60
42418  58
4128  78
7451  77
2786  34
2243  66
27846  76
6197  68
3264  43
3608  54
5603  98
6124  71
1222  79
1663  73
3566  48
3755  56
2628  60
4815  52
2089  67
7102  44
27706  66
7013  71
1348  68
45666  49
5755  42
4055  98
2058  65
4462  17
1544  51
2405  52
4998  68
273  44
1977  47
1732  85
7822  68
7073  68
41527  80
4787  63
1676  70
3708  57
6669  68
317  57
25940  68
971  76
7366  52
3115  72
7026  49
2710  51
50685  74
2114  72
3809  69
3516  63
2770  50
535  56
4878  87
5992  77
41997  75
1083  63
4487  52
7293  76
1016  46
2006  54
1007  47
4993  91
3412  66
5007  68
3929  42
6639  77
8712  68
1876  55
3546  68
34359  68
7579  68
7325  65
6837  68
2634  66
7753  71
8943  17
8385  68
4308  77
3246  75
3745  68
1148  80
42002  66
50740  76
3952  57
1927  81
7581  60
910  76
3948  70
54881  74
1284  79
4007  73
5341  80
3675  77
52975  71
6244  80
965  72
454  70
1247  79
7215  69
1282  76
8207  81
6242  69
6502  79
4509  64
3528  65
2391  71
4262  77
4039  55
42018  17
3271  72
976  68
48394  81
5384  68
5168  68
1358  77
6534  48
8773  68
2384  49
48780  79
1269  78
4600  80
2642  46
111  81
933  79
3578  87
5297  42
944  76
6020  68
2123  51
748  43
4896  80
5380  75
53953  66
3712  58
25996  68
1997  74
4464  71
4085  68
51540  77
2707  64
2069  94
6710  71
1488  53
6378  74
928  74
3038  76
7116  57
44511  68
594  71
1962  74
421  51
4316  31
2761  74
4823  58
892  63
1345  63
5294  75
1408  75
6579  89
3272  70
3421  77
3844  68
6787  77
37736  71
2249  64
1610  77
2468  47
3498  75
4902  69
6268  80
5225  77
5404  93
929  68
25999  68
7835  68
805  70
4126  69
475|20
6539  89
4993  92
87232  85
40815  88
5816  90
8644  87
81564  84
4701  80
81834  85
6564  64
68791  84
111759  84
7153  91
1527  88
71530  85
4896  91
106487  88
112852  86
3578  90
82461  83
476|14
594  78
34  78
380  73
158  67
153  68
586  68
440  78
364  86
378  64
357  77
224  78
165  78
296  85
11  79
477|20
34  75
913  87
3100  84
2105  67
1271  75
1207  86
70687  11
2174  75
45672  66
4571  76
3973  37
4226  88
1103  87
5291  84
348  79
3593  31
1  82
1274  82
6502  85
59615  63
478|5
1917  48
3114  69
594  71
1584  70
1101  53
479|20
5365  65
4488  70
524  64
1025  75
3707  47
1220  80
4010  54
3244  77
3526  78
4092  44
1968  76
4700  54
4003  70
3671  79
2671  67
341  65
2012  69
2542  82
454  69
2384  32
480|20
43914  65
2700  77
8533  67
2193  63
2797  74
3484  47
2571  84
1210  82
2596  68
8866  49
47610  74
6306  92
5379  85
2018  63
7153  82
3911  70
44191  78
38061  79
5673  68
380  65
481|7
1608  60
1687  50
1629  38
1729  67
1620  39
1597  44
1485  46
482|20
2068  98
8985  40
1036  79
474  75
1042  58
4389  71
780  69
27706  62
3211  82
1610  79
4367  50
1374  73
1220  78
1602  62
653  58
592  72
30812  74
4862  47
8361  57
8529  64
483|20
105325  72
783  70
2541  65
2959  92
109971  72
45722  72
1199  90
50872  79
2000  78
4306  82
69757  79
2683  60
2273  63
1588  57
109487  89
66934  86
1721  69
2328  58
68522  72
8972  65
484|20
93320  76
1438  70
6155  77
6944  81
2706  79
33166  74
6874  78
3697  72
1059  80
76293  72
919  74
2762  83
1821  62
837  78
5810  75
1753  82
3254  78
4718  75
2413  75
3646  54
485|5
588  83
161  81
253  78
292  76
231  63
486|12
653  72
47  86
110  89
153  69
474  83
95  72
288  79
329  74
161  83
318  92
292  79
6  87
487|12
27611  62
8961  69
318  88
1198  74
31658  71
1197  74
6539  69
5445  66
116797  71
4027  65
8874  68
86377  81
488|20
720  89
838  84
608  87
1223  88
26  75
5135  83
2109  68
7720  46
7303  79
4014  73
5995  87
457  86
105  68
1136  88
272  83
1269  85
3176  71
1278  85
1125  78
910  86
489|20
79536  61
86000  61
4848  71
736  57
8387  14
4700  50
45666  37
4720  63
2683  55
2021  68
2389  33
1619  71
950  85
58559  81
2236  46
2167  59
1616  44
247  75
376  59
2717  53
490|20
46578  71
89492  66
81591  66
91077  70
60074  57
5816  68
4144  74
54001  68
1  74
1784  70
7153  73
4993  75
89759  85
86320  43
60128  66
76251  64
8368  69
69122  63
2006  59
78499  69
491|13
106782  91
69757  87
7293  79
27808  73
4246  85
3948  84
104374  87
86833  84
140110  84
8529  82
180231  84
4306  88
88405  79
492|20
736  74
784  69
628  78
858  87
852  76
64  64
990  96
830  78
743  77
62  78
52  77
1499  57
66  76
1210  83
881  62
1474  58
1405  80
724  72
1047  71
65  75
493|13
2985  68
4444  81
2916  78
1275  78
2571  82
1527  78
2028  83
3793  77
2167  66
1215  85
4701  64
2924  85
260  83
494|5
1196  89
4498  58
3578  92
2028  88
1210  89
495|20
140523  80
115149  89
1259  88
1721  69
136562  92
80489  86
19  46
50872  86
231  61
102123  76
52319  78
7254  83
7360  87
8528  85
1645  77
46578  88
30810  79
2918  87
148626  89
56775  73
496|6
1221  85
99149  69
858  78
904  85
8865  50
114713  66
497|11
1193  70
112556  76
112290  70
1916  62
92259  68
2329  68
112552  80
1258  74
2762  76
5349  76
111362  77
498|7
344  74
231  80
648  85
10  82
300  79
356  93
316  78
499|6
1202  74
2337  65
38304  92
327  74
56286  66
1304  82
500|18
2599  60
2987  65
543  56
2700  66
2542  82
1265  75
2916  68
356  81
3301  63
1784  68
1914  77
595  74
2355  62
3536  82
1885  86
322  74
838  69
720  67
501|9
6  76
62  66
93  46
45  60
3  55
637  57
11  71
18  68
662  39
502|7
7236  87
1077  78
4412  11
3469  78
2001  81
2520  72
1777  57
503|19
7455  67
7361  79
4878  72
356  75
91500  65
593  74
527  75
858  88
4226  76
1259  76
1342  48
2877  55
92509  68
90866  71
500  64
441  74
48516  82
2858  72
48394  69
504|18
4995  80
5812  78
2321  77
1  78
3556  76
7153  80
6708  77
1288  80
6927  76
4033  77
4700  66
6565  78
342  74
3408  74
6879  74
4361  79
5952  78
5955  68
505|7
1241  93
4105  84
1029  79
74685  66
273  72
6502  91
54999  79
506|9
59258  65
54272  70
37741  77
56782  82
62293  65
51834  53
49286  62
112556  68
61024  70
507|5
165  62
266  65
253  67
377  71
593  77
508|5
2872  46
2011  27
1952  36
1175  54
898  61
509|20
26958  64
130073  64
2028  77
87232  64
33830  89
5313  46
48  55
2090  59
2080  61
6942  64
8907  50
6156  59
5816  64
39  57
3988  57
6807  71
7458  66
1196  78
45447  57
616  61
510|20
1882  30
7026  45
35836  58
494  54
1198  74
514  55
457  67
2935  61
858  79
2699  47
317  55
8949  59
2918  66
145  49
1262  71
6787  83
1208  72
372  35
1242  77
40819  69
511|11
2959  90
53953  78
115149  83
164179  86
6534  71
99114  86
92259  91
318  89
2324  90
1653  86
56757  86
512|10
480  78
150  80
349  75
47  80
350  69
442  64
457  85
50  88
317  65
593  85
513|7
5952  81
318  91
2174  74
235  77
1304  80
1220  80
1080  82
514|20
1335  66
5704  66
62586  66
168358  66
180263  66
1704  78
2005  73
2792  61
2013  58
1673  77
134130  79
76093  75
1333  77
58998  76
68157  80
2406  73
3210  68
54503  76
4855  74
1644  34
515|6
33794  94
2028  98
527  94
91529  99
58559  99
2959  96
516|26
260  83
457  83
480  83
647  83
708  83
1042  83
1090  83
1197  83
1198  83
1954  83
1958  83
2021  83
2259  83
2268  83
3052  83
3471  83
4027  83
4291  83
4306  83
4321  83
4322  83
4333  83
4337  76
4349  83
4361  83
4429  83
517|20
4306  44
53125  52
1265  56
165489  48
97938  50
88744  47
86880  45
4148  33
26761  48
3398  62
1293  41
3988  44
2858  58
4963  59
1204  59
1704  70
47629  56
7669  86
1206  63
46578  60
518|5
3101  53
2657  58
783  68
1876  68
6365  61
519|6
1704  90
356  90
140110  78
6378  83
7445  85
1968  88
520|20
7266  78
318  91
1049  80
59315  81
4995  83
32  84
2716  82
4333  74
1291  85
1732  85
4085  72
2723  72
3081  73
3994  77
33493  75
135  69
2393  72
60516  58
2406  71
1584  79
521|8
661  68
112  70
86  78
104  73
58  79
79  60
52  77
852  66
522|20
99114  77
81932  74
89492  78
63113  70
2959  89
1193  86
1375  66
4993  85
223  78
27611  74
76060  48
180  70
59315  76
1617  83
10  74
67255  77
2023  71
6187  81
318  89
127098  95
523|15
168252  98
8970  94
5989  93
318  96
91529  99
1721  87
293  96
65261  92
4270  90
3147  96
27731  80
134130  91
31696  92
527  94
101962  83
524|20
1356  78
150  77
552  63
748  57
344  55
442  55
253  75
1225  70
20  43
589  79
1242  87
544  49
173  47
1302  77
380  73
457  80
1020  60
788  48
193  49
466  46
525|20
120807  71
317  67
6863  67
8622  70
33004  67
7147  74
2396  79
40815  75
137337  74
1639  75
1968  75
91869  71
45880  66
2100  60
339  68
4886  73
50872  75
86332  71
8983  73
3996  77
526|12
593  87
55247  85
46578  84
176415  83
1295  86
90430  86
4014  87
2352  82
176413  83
215  87
81845  90
51255  87
527|20
2137  79
3114  86
3210  79
3016  71
2161  82
4571  85
2118  89
3421  88
455  57
2867  87
2450  47
1909  79
1214  89
4299  76
736  72
2477  55
588  87
4016  85
1259  87
2533  73
528|15
4886  76
2278  64
80906  81
4037  79
1240  77
64614  77
3821  36
150  78
1291  76
80463  74
593  80
99813  73
85342  86
48516  81
58559  78
529|5
653  55
135  44
65  44
62  66
733  71
530|6
292  78
500  72
300  77
586  80
593  85
11  80
531|5
593  81
590  82
919  85
480  80
1215  83
532|10
1721  83
4863  92
457  88
290  90
1245  95
1242  90
2023  88
2329  91
1304  86
517  73
533|8
1200  94
6502  94
79132  98
46578  92
93840  93
4973  95
2455  99
66934  92
534|20
116724  76
97913  78
94953  80
2003  74
2167  76
7569  79
153  67
1485  76
65514  78
104218  82
344  76
2571  85
5445  78
95875  78
112818  75
82461  76
96610  78
2987  77
138036  77
1566  76
535|6
2571  43
2581  45
2700  62
2688  42
2583  57
2882  27
536|8
232  78
272  69
356  81
335  65
225  64
150  76
434  54
589  71
537|10
80906  93
367  63
7153  88
53322  71
104218  54
97304  91
6539  85
318  95
89745  91
105504  90
538|8
595  89
3671  89
80549  96
4039  92
69757  93
5047  94
44889  89
66934  91
539|8
4306  79
6753  68
5218  76
50872  80
88  61
3301  68
4886  80
69122  74
540|9
2598  78
2959  92
1073  85
8874  87
1681  64
2183  83
2841  82
2747  70
1196  88
541|18
590  76
457  82
413  63
15  51
110  76
595  75
597  65
480  77
356  84
203  63
529  79
357  66
22  59
345  67
546  47
586  66
281  76
350  65
542|20
6539  77
30793  52
5299  48
2542  83
34319  76
33679  58
4963  79
5481  40
1997  76
4025  51
3623  32
924  74
4369  73
6378  72
2571  81
7254  65
41566  67
37733  65
7361  83
45517  68
543|16
73881  92
1702  69
595  92
3301  100
231  70
2378  92
2379  62
86882  71
6377  83
588  96
377  94
48385  48
2571  82
4526  58
4388  87
92259  87
544|22
1  83
3  83
14  83
32  83
40  83
62  83
68  83
95  83
116  83
619  83
626  76
648  83
650  83
694  83
736  83
780  83
839  83
1042  83
1047  83
1059  83
1105  83
1356  83
545|5
1438  53
1267  76
2763  68
1367  64
44  47
546|13
1270  75
3328  80
480  75
1970  75
2456  68
1976  58
589  76
2657  72
1673  76
3941  67
3959  82
3566  66
1977  64
547|5
1211  88
2859  84
2917  83
1394  83
1288  83
548|26
69  83
260  83
356  83
733  83
1196  83
1393  83
1477  76
1621  83
2571  83
2716  83
3263  83
3578  83
3916  83
4776  83
4899  83
5955  83
6874  83
7458  83
8531  83
49910  83
58559  83
74532  83
80862  83
122904  83
125916  83
168712  76
549|5
2571  71
2028  75
4226  60
1210  74
589  72
550|6
167296  85
102125  79
106782  87
116797  85
112852  90
122882  85
551|20
5010  71
34162  71
60069  76
1544  73
45186  70
103772  73
51935  74
4226  80
2353  71
7153  78
5989  77
135569  72
115149  77
88129  76
134130  75
6934  62
47  80
4701  70
2959  82
98809  73
552|20
2916  68
3317  70
1405  43
2953  35
2245  58
2944  79
2890  71
2125  73
508  68
3948  61
5349  68
2959  79
2857  60
173  35
2991  74
2871  81
2628  50
4308  65
4878  75
3101  42
553|17
55765  89
3481  85
1923  85
2571  89
4011  89
50  89
3949  89
1089  89
44199  84
5513  86
2231  85
2395  83
3052  85
61257  86
1221  91
33166  88
2959  93
554|18
1196  91
1022  77
2820  80
1207  92
1517  78
1282  84
1210  91
1760  31
2282  86
1225  92
907  62
1358  86
2096  79
1028  89
593  94
608  94
953  87
2324  90
555|20
790  69
3664  69
1  84
3111  91
3395  62
104  79
1334  69
2506  69
2072  74
4002  74
1266  83
2641  65
2256  62
2791  84
2701  54
1333  77
1320  72
337  83
1393  80
3526  74
556|7
162600  71
122890  77
3081  76
88125  81
588  79
72998  78
74789  78
557|6
648  69
231  66
1291  86
260  86
1210  85
150  80
558|12
5329  72
5064  83
4903  79
2297  79
2568  77
4993  88
4306  84
367  63
5283  80
1097  85
4164  79
5294  82
559|20
552  60
608  77
355  46
329  66
544  53
1527  72
173  52
377  70
745  74
174  52
529  71
350  66
349  68
533  57
836  62
1210  78
420  53
786  59
227  51
253  67
560|20
5839  71
91535  63
136018  43
67997  80
79132  76
3253  71
142558  71
2355  71
39435  54
1527  70
40414  73
64614  77
48744  78
56587  60
593  74
76251  71
84944  71
109313  71
5878  78
40819  72
561|20
168174  67
5308  51
78469  54
3703  79
60069  80
91535  56
2105  66
73017  72
5445  66
2000  69
83134  79
79132  84
79592  61
80463  77
89745  78
527  90
8972  61
353  71
33162  67
68157  82
562|20
27140  82
6870  82
6377  83
2580  83
1249  85
4776  83
36529  84
1259  83
1982  82
2268  82
2133  81
83134  85
3210  81
48394  83
30707  84
33836  57
2692  85
88163  84
99191  82
1240  83
563|20
61071  66
70932  66
80858  66
919  76
74450  63
588  72
5943  49
118997  57
86833  71
1197  82
128832  66
85397  76
45221  46
33499  54
7380  70
96821  72
81784  64
95307  51
65585  66
55250  42
564|20
50942  72
356  77
31685  64
131013  66
61024  71
79224  56
87869  73
500  65
108156  63
81784  65
93270  50
6188  73
106918  77
65230  66
67087  71
80693  68
94677  70
8984  66
73266  63
2671  71
565|6
590  79
231  64
19  60
21  71
50  87
539  74
566|15
648  71
10  72
231  57
329  67
342  66
141  72
203  67
345  73
39  68
497  76
265  71
588  75
708  68
353  73
2  69
567|20
8189  45
26743  45
92681  45
109897  45
152071  45
5690  62
136602  82
122888  45
6333  49
1274  38
122922  57
153070  45
151687  45
117877  45
108928  67
954  62
122924  37
27773  51
648  46
135887  46
568|23
50  83
147  83
296  83
356  83
480  83
593  83
765  83
1103  83
1104  83
1257  83
1298  83
1895  83
2313  83
2359  83
2863  83
3053  83
3148  83
3261  83
3363  83
8169  83
46723  83
63853  83
65088  83
569|5
231  88
50  91
380  86
588  88
592  83
570|20
208  56
8636  73
48516  84
1225  75
586  52
2683  61
457  74
1196  77
110  76
4993  83
7361  82
1198  79
1079  73
10  71
3793  73
1391  59
589  75
380  68
527  81
185  52
571|20
1331  51
2982  51
2366  76
1128  43
610  70
2902  59
1998  33
3696  81
1980  51
1987  51
70  75
1924  60
2279  63
1327  46
3732  59
1972  31
1278  76
1644  39
2327  100
1978  47
572|20
1961  85
2570  54
2788  93
2321  79
111  95
904  96
2987  82
2302  73
1834  93
2539  77
2917  85
1307  87
1  87
161  82
3421  85
838  85
1356  85
2006  79
3167  61
1953  85
573|20
89745  92
72998  80
3752  72
356  91
7293  84
6754  84
8665  85
32587  87
1073  90
88744  82
1127  86
68954  92
98809  90
2640  91
48516  92
71535  90
59369  83
60069  94
88140  83
1562  39
574|23
47  83
110  83
150  83
153  83
161  83
185  83
225  83
231  83
292  83
296  83
300  83
316  83
318  83
329  83
339  83
344  83
380  83
410  83
434  83
588  83
592  83
593  83
595  83
575|8
2566  61
2580  75
296  68
2581  54
2572  65
2542  81
2574  39
2598  48
576|5
849  51
1321  66
1373  47
1479  66
2289  74
577|20
2415  71
1183  73
1288  81
1129  70
2944  81
2194  78
733  72
1213  82
2076  77
2020  79
1262  81
1931  83
1391  62
2987  70
952  71
1909  71
260  80
919  75
2248  78
1270  79
578|6
6751  81
52668  83
45668  76
830  75
72407  40
75446  81
579|15
3174  81
2485  79
1022  74
2018  79
838  82
1917  84
1391  74
596  76
1573  78
2965  79
1653  86
2599  82
892  73
2687  78
595  82
580|20
5767  71
6583  71
480  70
8844  71
6989  67
3809  71
41569  67
3699  67
4041  69
33166  75
356  79
508  72
8376  68
3578  78
608  78
3785  59
3089  74
1320  69
54286  73
1201  77
581|8
7153  91
5995  91
4973  91
116797  87
3949  95
4306  88
109487  88
6377  91
582|12
91529  85
2959  85
116797  86
4993  83
5618  82
2571  83
76251  82
69844  82
104841  84
48516  84
97752  77
76093  85
583|12
8533  69
88405  58
2706  66
117590  66
317  61
60756  70
6942  70
595  73
46578  70
104  67
2694  66
7451  71
584|17
288  70
22  73
203  74
315  80
500  75
316  76
539  75
234  65
296  93
257  82
434  75
586  74
338  73
349  82
282  72
480  84
590  86
585|13
3173  87
1228  91
54503  88
2959  95
428  84
1405  97
7254  88
441  88
1805  86
296  91
27373  87
5325  78
79132  90
586|20
34332  91
4016  84
111659  76
106002  83
149406  86
167036  77
45499  84
136556  87
5445  87
117851  81
1291  90
71264  82
106489  86
135436  78
3753  88
2640  87
3147  90
122916  87
3793  87
101362  69
587|20
1234  83
628  80
2012  78
534  80
2002  74
1641  80
236  79
1376  77
2622  70
1541  68
3260  83
497  82
3082  76
445  73
3448  80
2574  35
765  73
691  58
329  73
3406  76
588|12
50  90
16  69
20  35
356  87
350  63
198  54
593  86
364  81
163  67
253  58
223  68
3  51
589|8
1092  71
318  91
590  85
373  78
586  79
587  77
527  90
337  79
590|20
924  79
8807  67
2371  55
38061  77
81834  77
40815  73
4890  53
903  82
5  49
3624  54
555  68
4047  65
51662  73
2085  68
419  37
595  68
329  64
2376  64
3635  65
2398  77
591|11
2908  74
2706  70
2712  69
2355  69
3615  59
3578  69
2394  71
3798  52
356  78
223  70
2724  44
592|19
514  73
2  73
153  62
415  60
110  85
177  68
420  59
380  69
44  69
788  70
588  80
163  76
204  71
610  72
39  69
419  73
253  71
432  57
240  62
593|20
1196  78
1073  72
1086  83
1617  81
4034  80
41566  67
1197  84
344  52
8368  77
339  64
2959  80
8961  70
5816  67
2797  71
4896  70
588  66
595  67
5952  79
377  62
141  63
594|20
7031  80
2671  79
7115  81
1616  88
5943  82
1188  61
2269  79
1733  89
4902  82
6996  31
780  89
1429  88
6140  81
7046  94
39  75
595  86
799  88
2028  90
8482  80
7169  87
595|5
265  84
50  83
1186  84
1199  82
1966  85
596|20
33649  70
43744  70
182793  70
129397  37
128908  70
1  76
142488  76
122922  75
4310  61
71838  62
4025  59
2501  73
110102  75
149406  66
2774  70
5502  64
8665  72
6537  62
2571  79
345  69
597|20
1799  72
490  49
3040  67
2529  91
2858  94
903  95
3039  83
2000  83
1291  93
357  71
1228  96
1845  93
2411  70
1580  74
1148  96
1198  96
2723  73
485  53
592  67
2692  93
598|5
56367  79
8360  68
593  84
114265  79
103543  10
599|496
26142  53
26567  53
26590  53
26676  53
26854  53
27595  53
34800  53
53450  53
60803  53
69131  53
74696  53
79895  53
84523  53
87960  53
92674  53
98799  53
102735  53
102852  53
104017  53
105020  53
122433  53
157865  53
158874  53
160978  53
161044  53
174727  53
179053  53
1801  58
6035  80
3387  44
33437  53
112  50
5995  65
167706  53
4394  53
836  49
7235  53
8809  80
102749  53
89087  35
42011  41
432  37
471  56
5628  50
1015  51
2  57
2269  56
69  57
3947  51
79091  60
104837  53
4037  66
7587  80
6881  54
1449  66
7225  80
81229  56
68952  72
4728  44
5081  51
33966  53
1779  44
3669  53
87197  53
170297  53
79057  61
95965  53
55207  53
4007  57
1220  73
80831  60
46723  52
71282  60
7757  70
3259  50
92309  81
1376  60
7192  60
4654  41
101423  53
53468  53
62662  53
3174  61
3698  51
2882  42
2359  58
1183  59
2792  52
1095  53
8387  24
53125  51
115713  67
2949  67
2471  40
3  44
1231  71
3861  41
240  56
1480  66
2301  62
1445  44
8045  53
586  49
2942  44
1185  64
4594  53
2474  56
3671  62
3196  79
64839  59
98697  53
2606  40
1777  59
5309  39
7022  63
4873  60
541  89
27311  62
43921  58
67734  49
4240  53
5026  61
168  35
33493  62
4125  18
7354  64
207  56
1094  57
742  42
1609  42
1042  49
3362  66
4553  63
4632  68
2278  66
468  50
122904  67
75416  53
42718  66
4285  41
79274  64
1794  53
45081  43
108192  53
3489  54
3503  67
89804  51
163809  53
577  31
3071  54
1204  84
3981  40
95771  53
45382  79
6548  46
59387  58
166528  64
168492  76
6691  53
605  41
424  31
2991  61
248  43
97950  53
3865  60
1216  57
342  47
35836  59
27772  49
176419  60
151781  53
277  43
6320  14
39381  69
5111  53
4090  47
2450  31
2676  56
2356  39
79702  63
1597  53
410  51
1721  65
3702  54
183301  53
1387  74
2072  43
26729  75
2393  52
4247  40
4591  57
1032  53
3087  48
1895  57
634  42
210  56
2074  80
51575  51
3505  62
5247  39
481  51
4215  37
1355  29
2657  57
2028  81
4011  74
420  37
552  52
1196  90
2395  64
5303  51
1752  49
3186  57
4310  47
1784  63
3200  79
7254  57
688  37
473  42
1079  76
1552  51
1148  74
1544  48
63113  55
2325  51
26649  80
6804  53
161  60
4109  37
34332  39
1653  71
4808  43
7707  53
3468  72
502  26
1221  83
1792  51
68319  54
6787  70
2119  30
3884  28
4254  28
3973  32
103609  53
8934  53
5377  61
42632  69
55290  52
4506  62
7840  59
5568  42
1689  35
7005  53
103228  54
59947  53
786  55
4351  48
172253  53
4679  42
1411  68
117630  53
1590  49
112623  53
3146  32
8984  54
1920  45
519  31
179817  83
3979  43
3741  64
44020  60
26630  53
7285  58
3030  67
1021  32
8638  63
87  50
7153  75
2877  44
2018  55
3173  52
5198  53
7101  55
7701  31
3213  65
26159  80
2339  53
33896  74
2000  59
4006  55
136562  51
37382  45
6645  71
171763  84
8528  55
27008  53
4017  49
4167  40
86142  60
1249  67
3255  58
736  57
2779  57
84414  96
27773  64
2083  61
98499  60
4034  68
119828  53
1993  43
94864  49
6631  30
2321  58
26242  64
3703  62
41566  55
2529  67
1968  72
8914  55
3257  53
159403  53
1036  70
76093  62
5103  58
6947  56
1952  69
2124  53
4084  44
6016  64
778  75
81  52
2171  52
1253  63
4275  48
7982  44
3723  66
849  48
2681  67
6565  60
39414  52
122916  63
6440  67
8917  57
72011  59
1605  46
1240  75
923  71
68157  75
5961  53
5053  53
3571  80
2403  57
3871  79
44238  53
72226  61
7004  45
2054  49
62970  60
5159  49
354  63
122924  47
48774  63
1394  71
3763  51
70286  66
1904  58
3969  59
81562  55
102590  53
233  61
4155  51
1031  56
76  48
459  41
1097  69
1178  76
60291  79
3328  66
1232  58
3036  60
5283  46
4327  51
610  57
2726  72
4732  37
5970  49
2396  75
594  58
1247  77
45499  50
3476  65
2399  45
137218  53
1997  67
3271  59
27801  68
6365  58
1799  52
580  25
122900  57
2803  49
80219  48
466  37
110882  83
3997  30
26176  53
2378  45
117895  31
26662  71
90603  64
119218  53
44  35
809  49
1960  56
4519  49
1959  66
414  41
1073  74
61236  50
1479  52
4019  59
1245  71
37857  58
161032  53
371  51
3020  58
88593  53
6774  66
2005  60
90405  53
26285  53
6793  28
627  53
1617  74
6734  39
108090  53
2427  53
51024  73
122922  60
3440  31
6874  71
4919  70
338  41
81591  66
1704  77
1499  30
357  59
62155  52
144  49
34148  60
53519  49
4504  53
2796  39
216  53
6827  24
1429  57
7445  56
1385  44
90471  71
8425  53
10  63
26542  70
7387  65
72998  66
89470  71
3629  81
1297  57
3424  65
1672  57
44761  57
196  40
70703  53
2383  31
180  49
4040  33
6333  61
4440  96
5291  59
88235  81
1639  61
4580  14
153236  53
86190  53
4477  28
103027  53
32291  53
34811  53
5171  45
122260  53
8784  64
5954  63
8798  61
707  48
880  41
314  56
61323  61
600|20
3269  59
1394  71
3785  46
2717  59
5569  69
4306  67
1206  73
56775  61
2015  70
7  47
2013  52
262  70
1210  78
1060  60
2431  56
2077  71
2423  51
4641  64
527  84
5076  56
601|20
141846  88
68157  93
1262  90
106782  88
60069  92
49272  89
5445  87
1193  91
1207  91
79132  90
904  92
166024  91
1917  95
7153  91
2324  91
170697  79
31658  91
5989  90
88810  84
2571  91
602|20
161  67
19  50
350  66
494  66
14  69
471  64
125  60
434  59
235  66
481  62
315  56
371  65
474  69
527  85
21  65
349  68
440  66
339  65
480  72
163  67
603|20
602  70
803  70
2008  70
2577  70
3459  70
4787  67
2912  76
1769  48
485  52
4420  70
920  65
1  72
2706  60
1844  91
3787  100
1222  78
190  68
2716  73
3983  91
101  69
604|20
220  70
292  66
151  73
329  63
410  61
426  65
435  53
316  65
22  65
235  69
181  54
332  60
273  63
637  65
285  70
173  56
588  70
23  66
553  73
1  77
605|20
35347  64
6787  74
1197  77
5667  64
42738  58
51662  70
7373  64
596  69
780  63
4571  68
2316  63
7454  56
150  69
60040  58
8977  55
3269  56
72982  64
1210  77
62376  54
60937  60
606|20
263  73
563  73
583  73
3808  73
4671  73
4840  73
5856  73
6111  73
6573  73
8685  73
32728  73
55805  73
3147  80
4392  61
2311  73
6308  46
50842  90
6591  83
8270  70
2025  84
607|20
891  74
1610  75
448  72
3147  85
1094  74
1307  74
592  71
204  59
1552  71
527  85
3476  79
296  85
2313  77
3440  46
423  64
1518  73
2118  77
2193  76
380  69
2028  88
608|20
52245  74
2997  79
3793  71
2763  68
174  41
2000  69
1214  79
919  67
2700  74
4161  64
5146  77
1639  67
541  77
473  32
2529  76
522  64
4343  56
1909  63
2431  49
1220  71
609|8
296  82
833  54
356  78
339  66
454  66
318  94
208  71
292  65
610|20
5953  74
58975  74
70206  74
78626  74
82765  74
97988  74
107447  74
107462  74
110591  74
110746  74
118082  74
139655  74
160341  74
86644  63
56801  58
61024  77
77561  70
4816  70
62434  82
3972  88
