1|20
260  70
1927  70
804  70
3  70
1009  70
2406  70
1587  70
3671  70
2617  70
3053  70
2571  70
1222  70
2137  70
1377  70
2395  70
2761  70
2641  70
2872  70
1258  70
2700  70
2|6
333  70
122882  70
71535  70
46970  70
58559  70
80489  70
3|8
5764  42
647  70
6835  42
5919  70
2851  70
2288  70
5048  70
4518  70
4|20
106  71
1291  70
3408  70
265  70
52  70
4347  70
2467  70
908  70
345  70
1304  70
1923  70
2959  70
368  70
1219  70
4765  70
1199  70
4166  70
1732  70
21  70
2858  70
5|9
515  70
1  70
364  70
608  70
290  70
261  70
34  70
318  70
21  70
6|20
349  70
318  70
775  70
141  70
348  70
104  70
327  70
410  70
165  70
87  70
366  70
17  70
1084  70
222  70
16  70
416  70
277  70
460  70
867  70
316  70
7|20
8528  70
3623  70
8636  70
8360  70
1517  70
466  70
8373  70
1220  70
7155  70
8808  70
6863  70
31878  70
1610  70
1219  70
4700  70
45668  70
8970  70
27741  70
6333  70
8865  70
8|10
356  70
47  70
231  70
318  70
454  70
292  70
32  70
141  70
380  70
252  70
9|10
5451  70
923  70
5890  70
2901  70
922  70
6044  65
1987  65
5378  70
3735  70
5447  70
10|20
597  70
33679  70
8533  70
8969  70
72720  70
88810  70
136020  70
6377  70
5943  70
109374  70
113394  66
61250  70
82167  70
140110  70
5377  70
77841  66
6942  70
1028  70
72330  66
66203  70
11|13
733  70
1584  70
1210  70
170  70
1438  70
648  70
1918  70
493  70
10  70
457  70
1693  70
150  70
1923  70
12|7
2717  70
2100  70
838  70
2072  70
1876  70
2581  70
6942  70
13|7
3717  70
3624  70
3798  70
2174  70
47  70
3893  70
305  70
14|10
344  70
477  70
110  70
540  70
597  70
153  70
592  70
4  70
539  70
105  70
15|20
91529  70
7438  70
111759  70
2329  70
1  70
1909  70
1240  70
115713  70
1200  70
293  70
2571  70
3949  70
120466  70
1198  70
2028  70
2011  70
158  70
160980  70
4306  70
4022  70
16|20
1230  70
78499  70
913  70
1136  70
1299  70
1617  70
1203  70
3429  70
2858  70
608  70
3683  70
4002  70
1199  70
912  70
2707  70
5782  70
1260  70
319  70
27773  70
2109  70
17|20
260  70
64839  70
296  70
5952  70
527  70
1193  70
3681  70
1240  70
2717  70
2858  70
1093  70
81932  70
5618  70
50  70
5971  70
2959  70
1201  70
541  70
82459  70
1  70
18|20
8117  75
65596  75
88094  75
145283  75
157110  75
166015  75
171023  75
103253  70
60684  70
44199  70
2  70
86628  70
59784  70
2918  70
109374  70
4226  70
53129  70
139385  70
47  70
1291  70
19|20
3692  52
3662  70
54  70
2733  70
1702  70
1240  70
1270  70
3712  70
1881  70
216  70
3  70
1834  70
2184  70
3017  70
2044  70
2354  70
2005  70
3146  70
3387  70
2694  70
20|20
1566  70
5419  70
4014  70
2140  70
586  70
661  70
3189  70
5014  70
1333  70
4161  70
3784  70
1030  70
5313  70
2804  70
2054  70
34  70
1097  70
6358  72
4519  70
1722  70
21|20
107013  65
117922  65
140301  65
57640  70
2985  70
2990  70
2717  70
5418  70
31433  70
112175  70
7153  70
30793  70
4446  70
52973  70
45186  70
2023  70
79185  70
1721  70
102125  70
5459  70
22|20
8961  70
2723  70
60950  70
64575  70
1193  70
70286  70
4993  70
2160  70
39183  70
7147  70
3996  70
3481  70
55765  70
48780  70
7361  70
51540  70
6711  70
2968  70
3949  70
48394  70
23|20
6234  73
3996  70
293  70
1206  70
1136  70
1960  70
7587  70
3424  70
3181  70
2467  70
1248  70
1617  70
6807  70
1952  70
6440  70
1258  70
1243  70
1080  70
8228  70
1711  70
24|20
1784  70
2617  70
111759  70
134853  70
58998  70
1265  70
1198  70
3147  70
1197  70
1220  70
2424  70
5418  70
72011  70
54286  70
27773  70
64957  70
356  70
44191  70
1682  70
68358  70
25|6
58559  70
60069  70
74458  70
79132  70
527  70
260  70
26|21
10  83
34  83
47  83
150  83
153  83
165  83
185  83
208  83
225  83
288  83
296  83
300  83
344  83
349  83
356  83
380  83
434  83
454  83
457  83
592  83
593  83
27|20
1196  70
2478  70
2640  70
3508  70
3555  70
1201  70
3519  70
969  70
2080  70
673  70
2886  70
2529  70
1387  70
1101  70
1947  70
1250  70
1276  70
3114  70
1083  70
3809  70
28|20
27450  60
60943  60
61011  60
63033  60
5617  70
59369  70
60046  60
507  70
3300  70
55094  70
59018  60
26695  60
2951  70
3006  70
2231  70
5418  70
26812  70
2058  70
353  70
61167  60
29|17
98961  70
7379  70
1250  70
1201  70
111362  70
48516  70
1100  70
26554  70
3441  70
4327  70
2872  70
2301  70
1617  70
3681  70
55820  70
4223  70
99114  70
30|7
5952  70
108932  70
1200  70
91529  70
116823  70
112852  70
1198  70
31|10
1198  70
1200  70
648  70
1363  70
1073  70
1036  70
1197  70
377  70
1246  70
1270  70
32|20
236  70
314  70
1356  70
357  70
224  70
627  70
1079  70
1084  70
318  70
761  70
1197  70
849  70
912  70
880  70
1198  70
58  70
203  70
608  70
497  70
410  70
33|20
110  70
17  70
2396  70
2272  70
448  70
428  70
265  70
1280  70
1177  70
1617  70
50  70
261  70
11  70
452  70
345  70
608  70
150  70
1188  70
800  70
2690  70
34|18
780  70
2273  70
3717  70
26606  70
45499  70
3996  70
4310  70
3624  70
31685  70
1721  70
5146  70
7090  70
70  70
2006  70
3000  70
4306  70
27728  70
3997  70
35|5
11  70
185  70
595  70
21  70
300  70
36|12
5171  70
3066  70
552  70
4025  70
1262  70
2735  70
2359  70
1372  70
1278  70
2194  70
3347  70
1704  70
37|5
344  70
356  70
661  70
329  70
457  70
38|16
434  70
39  70
223  70
161  70
246  70
168  70
273  70
480  70
356  70
457  70
364  70
50  70
500  70
300  70
551  70
21  70
39|20
2571  70
2391  70
1921  70
1862  70
1219  70
1907  70
2081  70
2459  70
924  70
2529  70
1729  70
47  70
260  70
2080  70
592  70
296  70
3213  70
610  70
589  70
596  70
40|20
440  70
454  70
588  70
339  70
158  70
432  70
431  70
186  70
616  70
514  70
21  70
592  70
1  70
223  70
585  70
216  70
104  70
371  70
111  70
267  70
41|20
96829  70
64839  70
122882  70
6287  70
1569  70
106920  70
86781  70
3160  70
1721  70
2028  70
6763  70
5418  70
53519  70
122904  70
55247  70
924  70
4011  70
2324  70
35836  70
5995  70
42|20
3869  70
4654  70
1021  70
2423  70
3248  70
4477  70
2500  70
1431  70
195  70
3326  70
2407  70
1090  70
2735  70
3693  70
1020  70
4545  70
4132  70
2263  70
3535  70
2805  70
43|20
225  70
296  70
596  70
588  70
587  70
420  70
158  70
631  70
5  70
597  70
168  70
355  70
47  70
367  70
519  70
594  70
236  70
1  70
60  70
259  70
44|10
36  70
663  70
12  70
661  70
94  70
1  70
104  70
112  70
494  70
889  66
45|20
2718  70
1036  70
2028  70
1653  70
1682  70
2396  70
3249  70
261  70
4308  70
329  70
1367  70
2890  70
593  70
1127  70
2431  70
6377  70
569  70
1197  70
1060  70
2858  70
46|9
590  70
588  70
315  70
208  70
1  70
432  70
225  70
434  70
339  70
47|20
508  70
68932  70
72395  70
2420  70
597  70
148626  70
5989  70
96588  70
69122  70
6155  70
4975  70
30749  70
106100  70
45950  70
2028  70
4018  70
1259  70
6373  70
33166  70
2407  70
48|7
4886  70
1320  70
1527  70
1193  70
3793  70
48  70
1653  70
49|5
2028  70
1214  70
139385  70
318  70
527  70
50|20
8143  56
114335  56
136564  56
142074  56
171759  56
175693  56
179073  56
175707  56
71264  70
82848  56
1377  70
44555  70
8157  70
6807  70
95543  70
8253  70
96610  70
924  70
32875  56
4896  70
51|20
7040  76
5620  70
2613  70
4437  70
2023  70
1500  70
522  70
858  70
4508  70
2951  70
1014  70
1407  70
2282  70
2420  70
3388  70
260  70
3186  70
3994  70
3501  70
2371  70
52|20
152081  70
51255  70
74458  70
1923  70
7438  70
40583  70
59784  70
55765  70
112852  70
86892  70
55363  70
112138  70
49272  70
52245  70
69481  70
50794  70
1704  70
54736  70
44665  70
47200  70
53|5
481  70
1100  70
249  70
1125  70
916  70
54|7
296  70
593  70
639  70
1  70
205  70
161  70
500  70
55|5
2407  70
673  70
3275  70
2890  70
4011  70
56|10
786  70
253  70
165  70
110  70
589  70
370  70
434  70
410  70
69  70
185  70
57|20
2140  70
942  70
920  70
3175  70
1784  70
3429  70
933  70
1193  70
3446  70
160  70
1499  70
2640  70
892  70
11  70
2947  70
6  70
2478  70
2291  70
1688  70
2301  70
58|20
588  70
282  70
185  70
419  70
367  70
277  70
48  70
280  70
337  70
345  70
3  70
357  70
527  70
587  70
218  70
500  70
508  70
368  70
364  70
353  70
59|20
1696  70
6460  70
3489  70
1188  70
1222  70
2076  70
3448  70
1263  70
1247  70
527  70
1244  70
904  70
903  70
965  70
2616  70
1953  70
608  70
105  70
912  70
3471  70
60|5
832  70
58559  70
805  70
455  70
858  70
61|8
266  70
1101  70
7438  70
173  70
555  70
2012  70
4878  70
3949  70
62|20
99114  70
176371  70
3793  70
56757  70
73017  70
30793  70
179819  70
68554  70
185135  70
168248  70
5903  70
4878  70
2028  70
5502  70
6058  70
344  70
1721  70
45499  70
41566  70
78105  70
63|20
5669  70
4246  70
48780  70
500  70
6016  70
31658  70
2858  70
64285  70
85414  70
1221  70
106696  70
4963  70
50  70
1097  70
260  70
110  70
1222  70
4979  70
5952  70
77561  70
64|20
5878  70
3101  70
2640  70
2959  70
8784  70
2054  70
4239  70
4025  70
5026  70
40819  70
266  70
2699  70
27266  70
3969  70
1805  70
6296  70
4776  70
3148  70
4262  70
356  70
65|7
1246  70
33660  70
7458  70
2329  70
4993  70
91542  70
3147  70
66|20
593  70
47  70
5418  70
922  70
2139  70
2956  70
3745  70
1956  70
4581  80
5349  70
1210  70
1094  70
2001  70
380  70
6539  70
671  70
1  70
6378  70
7766  70
296  70
67|8
99114  70
4306  70
27193  70
79132  70
60069  70
2012  70
4886  70
4993  70
68|20
47978  65
95218  65
6534  70
48696  70
67267  70
30825  70
1799  70
3556  70
8622  70
4351  70
63113  70
58295  70
7151  70
2413  70
6287  70
653  70
41566  70
5541  70
260  70
48043  70
69|10
4370  70
4848  70
3671  70
2476  70
1193  70
356  70
553  70
4022  70
260  70
3994  70
70|13
1193  70
1097  70
1914  70
1269  70
4995  70
318  70
8949  70
1968  70
1210  70
89492  70
1250  70
1235  70
2366  70
71|7
494  70
647  70
736  70
95  70
733  70
589  70
7  70
72|9
1047  70
150  70
858  70
2490  70
1357  70
260  70
50  70
1198  70
1196  70
73|20
1193  70
45720  70
105037  70
6333  70
59315  70
76293  70
138204  70
2706  70
152081  70
45221  70
68135  70
150  70
8376  70
93510  70
59784  70
116823  70
106072  70
1682  70
52245  70
35836  70
74|20
31522  85
2594  70
2908  70
30749  70
6870  70
3006  70
52281  70
49772  70
55118  70
2997  70
6305  70
608  70
4546  70
41863  70
27773  70
6001  70
1251  70
6552  70
46976  70
44555  70
75|14
5445  70
1240  70
5952  70
2193  70
6870  70
2529  70
168  70
541  70
3176  70
1962  70
2078  70
1889  70
1266  70
1374  70
76|20
48877  70
5956  70
2918  70
58803  70
1247  70
74458  70
7669  70
79132  70
8957  70
858  70
55820  70
1258  70
63436  70
1201  70
1208  70
48  70
288  70
34405  70
1  70
1196  70
77|6
3996  70
4973  70
7361  70
8636  70
3578  70
33794  70
78|13
296  70
165  70
3809  70
589  70
546  70
27904  70
260  70
590  70
480  70
68791  70
344  70
44974  70
380  70
79|13
3266  70
3029  70
589  70
1916  70
307  70
4005  70
260  70
1189  70
1345  70
2000  70
1374  70
2659  86
2076  70
80|20
7445  70
96691  70
84189  85
91630  70
49530  70
8950  70
6539  70
4223  70
5630  70
3527  70
76251  70
80363  70
52604  70
6502  70
34048  70
1221  70
60684  70
6952  70
5989  70
77561  70
81|26
10  83
32  83
47  83
110  83
150  83
153  83
161  83
165  83
208  83
231  83
288  83
296  83
316  83
318  83
329  83
344  83
356  83
364  83
367  83
377  83
380  83
457  83
480  83
588  83
589  83
592  83
82|20
6886  67
2381  70
2378  70
6566  70
368  70
6536  70
3253  70
4310  70
1608  70
1372  70
145  70
356  70
6708  70
1485  70
4369  70
6564  70
6888  70
5803  70
4015  70
364  70
83|20
56367  70
7143  70
7323  70
6539  70
161  70
586  70
2115  70
1270  70
6874  70
2324  70
1537  70
7153  70
68954  70
48774  70
30749  70
8014  70
1222  70
3753  70
1223  70
64983  70
84|20
55  74
987  74
912  70
1096  70
420  70
1227  70
113  70
580  70
5060  70
1293  70
900  70
1097  70
62  70
368  70
1305  70
1247  70
1296  70
11  70
1073  70
1094  70
85|7
1519  76
1624  70
1140  76
1694  70
1643  70
1747  70
1635  70
86|14
4993  70
4310  70
6947  70
2411  70
457  70
5418  70
3996  70
4901  70
1835  70
33794  70
1196  70
3555  70
1097  70
2687  70
87|5
4023  70
2009  70
3504  70
671  70
2139  70
88|12
7312  81
74795  70
4993  70
68157  70
5952  70
1193  70
223  70
8665  70
4262  70
56782  70
8677  70
58559  70
89|104
26645  69
32060  69
44851  69
53280  69
53578  69
67888  69
69211  69
81087  69
84246  69
103602  69
108078  69
109596  69
118894  69
121007  69
128089  69
128944  69
131098  69
131439  69
134847  69
140481  69
146684  69
148632  69
150554  69
164226  69
30793  70
169912  70
87869  70
1923  70
4015  70
950  70
173253  69
2324  70
27826  69
92259  70
11  70
3977  70
86298  70
8154  70
77688  69
2997  70
170837  69
49274  70
157775  69
1  70
142196  69
99117  70
62008  69
72624  69
108156  70
3752  70
2059  70
128520  70
3175  70
133879  69
48649  69
126088  69
5529  70
65588  69
99130  69
40962  70
1732  70
68659  70
91666  69
2683  70
3751  70
750  70
6650  70
149508  69
2395  70
51575  70
65230  70
171751  69
85881  70
139157  69
6863  70
4246  70
108949  70
1230  70
160567  70
73319  70
177185  69
130520  70
5220  70
121338  69
153386  69
50872  70
149566  69
145491  69
4890  70
129354  70
32243  69
84944  70
6402  69
1288  70
140133  69
119141  70
947  70
176621  69
4973  70
158398  69
69469  69
54503  70
141928  69
102481  70
90|11
1137  81
1144  81
581  70
81  70
892  70
1073  70
116  70
896  70
17  70
7  70
613  70
91|20
3013  68
6395  68
8147  68
7153  70
3360  70
2791  70
3897  70
1080  70
4850  70
3429  70
7000  70
2060  70
2916  70
1391  70
2100  70
318  70
2146  70
1225  70
1246  70
8501  70
92|5
2572  70
2114  70
1015  70
2454  70
1801  70
93|20
736  70
1917  70
552  70
1721  70
539  70
480  70
1372  70
368  70
2355  70
1923  70
2193  70
2006  70
339  70
1097  70
1591  70
260  70
2968  70
1676  70
593  70
558  70
94|12
231  70
377  70
367  70
364  70
288  70
19  70
10  70
586  70
590  70
380  70
589  70
318  70
95|20
18  70
4878  70
6979  70
4732  70
3019  70
5246  70
32  70
2952  70
1247  70
1198  70
5283  70
3361  70
1513  70
2009  70
539  70
122  70
1584  70
1240  70
4262  70
5349  70
96|16
527  70
1094  70
272  70
3819  70
150  70
2021  70
2571  70
1214  70
2058  70
1220  70
733  70
2340  70
1721  70
2396  70
367  70
1291  70
97|8
4701  70
4306  70
3578  70
4993  70
4963  70
4299  70
3981  70
4161  70
98|19
81845  70
8961  70
122912  70
5299  70
63992  70
187541  70
56152  70
134853  70
69644  70
6863  70
5618  70
56801  70
3499  70
134130  70
74789  70
82461  70
1258  70
88810  70
79132  70
99|11
318  70
161  70
420  70
592  70
196  70
122  70
145  70
150  70
316  70
236  70
588  70
100|20
497  70
296  70
1393  70
95  70
592  70
605  70
6059  70
28  70
2245  70
62  70
4308  70
1777  70
838  70
2125  70
1288  70
234  70
1197  70
2005  70
4014  70
4623  70
101|13
2580  70
3285  70
2723  70
2700  70
2908  70
2390  70
3175  70
2395  70
358  70
2702  70
3394  70
2997  70
2502  70
102|12
158  70
588  70
150  70
592  70
253  70
480  70
344  70
539  70
553  70
593  70
586  70
223  70
103|20
86014  78
1954  70
60040  70
1968  70
77206  78
2161  70
1732  70
81834  70
608  70
2384  70
4254  70
104  70
139642  70
56782  70
2096  70
101  70
6534  70
374  70
60069  70
30793  70
104|20
4740  70
743  70
5218  70
8643  70
1288  70
47997  70
468  70
76251  70
8533  70
4018  70
38038  70
1566  70
7361  70
6060  70
3034  70
1641  70
4641  70
108190  70
616  70
7034  70
105|20
4788  82
69685  82
95311  82
95313  82
110586  82
141816  82
141818  82
170597  82
172587  82
172793  82
173351  82
173535  82
6433  70
4974  70
70286  70
108981  82
95175  82
69122  70
1243  70
3916  70
106|7
69844  70
72998  70
59501  70
86880  70
5349  70
53125  70
59784  70
107|7
231  70
253  70
590  70
165  70
434  70
208  70
318  70
108|16
800  70
6022  70
4995  70
2585  70
5316  70
4975  70
3978  70
5349  70
2926  70
4246  70
4878  70
4994  70
1968  70
1684  70
497  70
5380  70
109|20
380  70
1033  70
231  70
364  70
589  70
480  70
62  70
31  70
587  70
1032  70
586  70
778  70
540  70
256  70
163  70
252  70
223  70
553  70
537  70
168  70
110|11
26171  70
2468  70
1198  70
1089  70
1222  70
1208  70
4881  70
47  70
527  70
1193  70
2428  70
111|20
100194  67
162602  67
171251  67
2145  70
96588  70
65088  70
66203  70
84772  70
2081  70
91529  70
6365  70
45666  70
3255  70
1282  70
6539  70
86833  70
122882  70
59143  70
86911  70
5283  70
112|13
788  70
161  70
1917  70
16  70
21  70
208  70
434  70
39  70
3717  70
19  70
110  70
32  70
70286  70
113|20
4083  72
39  70
3168  70
932  70
2331  70
3359  70
1086  70
3504  70
1339  70
904  70
3546  72
4063  70
4062  70
1077  70
1589  70
2475  70
3831  70
46  70
1733  70
4007  70
114|7
141718  67
54001  70
2291  70
167732  67
122886  70
8961  70
3147  70
115|20
1580  70
2804  70
1387  70
2792  70
3146  70
3273  70
3052  70
2841  70
2719  70
595  70
2700  70
383  70
2027  70
2148  70
2770  70
3785  70
2916  70
3175  70
588  70
1377  70
116|18
2716  70
858  70
1299  70
62383  70
1339  70
1276  70
597  70
1029  70
1101  70
2797  70
2657  70
1961  70
1407  70
5995  70
1704  70
165  70
2115  70
8360  70
117|20
708  70
587  70
589  70
151  70
36  70
1036  70
595  70
288  70
596  70
48  70
315  70
454  70
353  70
474  70
10  70
60  70
805  70
491  70
616  70
485  70
118|5
1221  70
1625  70
153  70
1961  70
1810  70
119|20
95441  70
117176  70
1092  70
91529  70
74458  70
4387  70
79132  70
168252  70
44022  70
78499  70
122904  70
106782  70
442  70
4993  70
31685  70
6365  70
141004  70
4148  70
88744  70
8644  70
120|5
260  70
32  70
5  70
631  70
52  70
121|12
497  70
440  70
161  70
527  70
292  70
344  70
186  70
316  70
1  70
19  70
163  70
337  70
122|20
27660  70
69784  70
7022  70
148652  70
4816  70
56174  70
94959  70
81591  70
71535  70
30810  70
2997  70
1732  70
108932  70
780  70
1090  70
3253  70
106782  70
72226  70
1200  70
1214  70
123|12
68554  70
115569  70
79132  70
109487  70
1196  70
4226  70
296  70
7153  70
143458  80
47  70
96829  70
2858  70
124|10
56145  70
2161  70
260  70
175  70
1358  70
6377  70
4226  70
3147  70
608  70
1223  70
125|20
5088  77
86721  77
110330  77
54503  70
72011  70
162578  70
119145  70
176371  70
55247  70
1240  70
86332  70
68157  70
112623  70
4082  70
160567  70
3342  70
109487  70
88140  70
98607  77
81562  70
126|8
364  70
349  70
231  70
380  70
410  70
300  70
253  70
457  70
127|5
2915  70
903  70
55276  70
5060  70
272  70
128|7
904  70
965  70
926  70
1066  70
1721  70
1080  70
1198  70
129|20
4370  70
480  70
3698  70
2692  70
2138  70
1968  70
8368  70
653  70
7143  70
316  70
6874  70
239  70
2916  70
733  70
4896  70
2028  70
3977  70
3000  70
1907  70
31658  70
130|6
208  70
316  70
292  70
110  70
590  70
296  70
131|14
2273  70
6947  70
58559  70
908  70
4878  70
89745  70
7256  70
68237  70
2722  70
2028  70
48516  70
3178  70
64614  70
969  70
132|20
6251  61
3275  70
4995  70
2987  70
7444  70
3262  70
4168  70
31658  70
44191  70
1089  70
3967  70
5502  70
50  70
58559  70
5992  70
2108  70
1844  70
2657  70
47  70
2470  70
133|7
454  70
356  70
589  70
150  70
153  70
380  70
527  70
134|7
442  70
595  70
349  70
380  70
367  70
509  70
296  70
135|20
592  70
4084  70
893  70
3994  70
2004  70
608  70
1358  70
3852  70
3489  70
1614  70
1198  70
4128  70
1883  70
2302  70
1291  70
410  70
1261  70
4022  70
4881  70
1077  70
136|20
161  70
193  70
585  70
338  70
277  70
380  70
181  70
337  70
437  70
165  70
611  70
151  70
340  70
252  70
432  70
552  70
350  70
280  70
273  70
150  70
137|20
6787  70
2716  70
1198  70
750  70
919  70
1270  70
318  70
150  70
2997  70
1200  70
6986  80
7153  70
1242  70
110  70
33493  70
1197  70
2959  70
1237  70
903  70
7762  70
138|5
2707  70
1960  70
1959  70
849  70
3996  70
139|20
4025  70
7445  70
60684  70
4865  70
68319  70
7090  70
5502  70
260  70
8371  70
53953  70
58025  70
106782  70
6957  70
7163  70
3827  70
3624  70
52722  70
54259  70
4367  70
115617  70
140|20
5699  70
5299  70
1393  70
356  70
609  70
32596  70
4795  70
34072  70
1617  70
5256  70
5943  70
1084  70
4337  70
3108  70
43396  70
4719  70
1005  70
4321  70
5812  70
4259  70
141|20
5418  70
54503  70
4963  70
2478  70
71535  70
317  70
68954  70
54286  70
6365  70
54272  70
4447  70
5502  70
6377  70
6373  70
1265  70
91529  70
2502  70
441  70
1517  70
48516  70
142|8
434  70
384  70
588  70
50  70
527  70
356  70
337  70
377  70
143|15
1721  70
61250  70
6942  70
7169  70
8533  70
106696  70
3421  70
87232  70
78316  70
69069  70
59421  70
2144  70
96821  70
7173  70
500  70
144|20
589  70
541  70
8368  70
597  70
590  70
410  70
1246  70
527  70
356  70
500  70
19  70
2700  70
434  70
733  70
780  70
1036  70
5377  70
552  70
586  70
2081  70
145|5
344  70
339  70
380  70
318  70
588  70
146|7
7293  70
3257  70
32  70
1367  70
3686  70
410  70
47610  70
147|5
1234  70
168  70
552  70
555  70
2395  70
148|10
88125  70
5618  70
108932  70
81847  70
72998  70
5816  70
8368  70
7153  70
81834  70
4993  70
149|12
1097  70
1374  70
1831  70
1527  70
260  70
173  70
1206  70
1200  70
2021  70
1580  70
1391  70
1375  70
150|6
3  70
1356  70
5  70
95  70
733  70
1073  70
151|12
786  70
562  70
780  70
837  70
747  70
1265  70
828  70
1073  70
1  70
648  70
1393  70
1359  70
152|13
50  70
2959  70
116897  70
89492  70
1193  70
69481  70
85774  70
115713  70
111  70
92259  70
1234  70
79132  70
318  70
153|20
134853  70
1732  70
8533  70
4014  70
81456  70
106782  70
8528  70
6863  70
87194  70
2617  70
1246  70
106100  70
1954  70
7458  70
4226  70
89904  70
72998  70
133780  44
586  70
36535  70
154|7
114662  70
119145  70
81834  70
122904  70
106072  70
76093  70
77561  70
155|10
153  70
3286  70
1200  70
260  70
141  70
2355  70
2384  70
2948  70
432  70
2959  70
156|20
26313  74
31038  74
1230  70
1711  70
3341  70
6296  70
762  70
2361  70
2076  70
4784  70
661  70
2926  70
8571  74
47  70
3176  70
58  70
848  70
866  70
1485  70
923  70
157|5
785  70
3617  70
2720  70
2770  70
527  70
158|6
1093  70
2605  70
2872  70
2723  70
2428  70
66320  70
159|20
2959  70
60069  70
45720  70
597  70
4022  70
89864  70
49286  70
140110  70
84954  70
4447  70
1197  70
68954  70
6942  70
1961  70
106696  70
480  70
539  70
166643  70
40819  70
63082  70
160|20
126  70
1371  70
1198  70
196  70
3408  70
5349  70
3213  70
2408  70
839  70
3593  70
2748  70
533  70
1975  70
1676  70
3745  70
2011  70
733  70
3826  70
778  70
2840  70
161|8
4980  70
7247  70
47610  70
1223  70
38038  70
3429  70
2144  70
2336  70
162|8
150  70
225  70
168  70
50  70
300  70
266  70
31  70
62  70
163|5
1608  70
1810  70
1747  70
1777  70
1837  70
164|8
1036  70
2916  70
110  70
589  70
3527  70
1101  70
1201  70
2167  70
165|13
2353  70
3624  70
110  70
5505  70
5527  70
3256  70
5956  70
5418  70
5530  70
5450  70
1127  70
3409  70
5881  70
166|20
33794  70
1721  70
4011  70
5378  70
3481  70
49530  70
2353  70
47644  70
54272  70
8961  70
1198  70
2542  70
1036  70
608  70
434  70
5219  70
5418  70
2396  70
349  70
2324  70
167|20
33493  70
4886  70
778  70
3052  70
7147  70
6857  70
45501  70
6480  69
1682  70
2231  70
784  70
33794  70
2083  70
2413  70
6333  70
8961  70
2139  70
150  70
6773  70
35836  70
168|19
3730  70
1248  70
1201  70
1089  70
296  70
923  70
1222  70
5291  70
3543  70
1302  70
3362  70
1148  70
3101  70
57669  70
2076  70
1729  70
908  70
85354  70
80463  70
169|20
3536  70
2028  70
364  70
953  70
4886  70
5400  70
8644  70
524  70
2795  70
1022  70
3114  70
3967  70
1517  70
1035  70
8641  70
6365  70
661  70
457  70
3287  70
1416  70
170|10
318  70
296  70
586  70
377  70
34  70
592  70
277  70
500  70
266  70
588  70
171|17
485  70
1220  70
1025  70
801  70
1259  70
1079  70
828  70
317  70
869  70
380  70
1136  70
1225  70
661  70
318  70
47  70
1198  70
1208  70
172|6
3087  70
3578  70
7438  70
2072  70
3793  70
2762  70
173|5
10  70
329  70
586  70
597  70
588  70
174|14
553  70
520  70
224  70
648  70
161  70
317  70
158  70
780  70
315  70
485  70
282  70
440  70
350  70
10  70
175|5
531  70
8911  71
43904  70
38388  70
8362  70
176|8
165  70
434  70
39  70
368  70
380  70
780  70
47  70
471  70
177|20
42002  70
91542  70
6332  70
3668  70
45672  70
783  70
27706  70
2657  70
114662  70
1206  70
83132  70
5218  70
508  70
3114  70
1321  70
2176  70
8798  70
88140  70
2012  70
339  70
178|16
7361  70
527  70
2329  70
5995  70
6502  70
4235  70
1198  70
208  70
6539  70
296  70
349  70
10  70
4226  70
1240  70
2579  70
318  70
179|14
367  70
589  70
161  70
231  70
288  70
743  70
1061  70
317  70
786  70
592  70
671  70
296  70
434  70
364  70
180|5
1261  70
260  70
1748  70
1242  70
2140  70
181|20
157  70
593  70
596  70
353  70
539  70
516  70
132  70
169  70
25  70
31  70
542  70
6  70
707  70
185  70
464  70
502  70
415  70
480  70
592  70
344  70
182|20
4879  70
6969  70
3911  70
2728  70
4313  70
8042  70
1291  70
3113  70
3578  70
1590  70
161  70
4452  70
224  70
4980  70
4262  70
2353  70
2890  70
1127  70
541  70
6041  70
183|12
480  70
380  70
1196  70
2951  70
2534  70
4085  70
1287  70
2194  70
3247  70
1233  70
2662  70
1408  70
184|20
158035  74
181413  74
193565  74
97304  70
74754  70
168250  70
191005  74
106072  70
166291  70
127152  70
86332  70
80463  70
5816  70
122898  70
81845  70
5810  70
170813  70
174479  74
112852  70
148626  70
185|10
1685  69
2396  70
5377  70
1721  70
5952  70
1393  70
595  70
2085  70
4995  70
899  70
186|20
2605  70
1214  70
1291  70
3745  70
1269  70
2527  70
2532  70
4361  70
1307  70
2968  70
4306  70
2541  70
1702  70
480  70
1097  70
3977  70
919  70
3527  70
593  70
1196  70
187|20
26122  76
3949  70
49272  70
231  70
1206  70
6874  70
1729  70
1209  70
48394  70
6502  70
2701  70
4027  70
288  70
2542  70
7153  70
39427  70
6890  70
1222  70
8949  70
1748  70
188|10
2346  70
1212  70
594  70
1282  70
3469  70
2396  70
1091  70
3341  70
1264  70
2206  70
189|5
48516  70
4993  70
79132  70
2959  70
58559  70
190|14
6711  70
4776  70
8784  70
4995  70
5630  70
4306  70
30749  70
1221  70
4975  70
8961  70
858  70
8464  70
69844  70
7438  70
191|17
496  74
21  70
72  70
175  70
494  70
417  70
17  70
6  70
85  70
292  70
314  70
58  70
235  70
213  70
161  70
160  70
162  70
192|5
356  70
288  70
316  70
349  70
432  70
193|7
44555  70
55442  70
4878  70
6016  70
307  70
1270  70
5618  70
194|5
163  70
1396  70
1500  70
1288  70
5060  70
195|20
3424  70
2770  70
1041  70
1653  70
1923  70
3160  70
4723  70
1863  70
2336  70
2166  70
4308  70
1909  70
260  70
2028  70
3252  70
2908  70
1392  70
1365  70
70  70
190  70
196|7
70286  70
3578  70
59315  70
58559  70
364  70
1214  70
110  70
197|7
1513  70
1240  70
1882  70
786  70
2167  70
153  70
1784  70
198|20
3894  70
3499  70
920  70
1213  70
3949  70
1994  70
1485  70
2572  70
4019  70
1089  70
110  70
593  70
4128  70
1270  70
4886  70
1079  70
2117  70
912  70
1573  70
1682  70
199|20
5464  70
2165  70
2280  70
736  70
5673  70
349  70
5502  70
482  70
8532  68
1172  70
300  70
50068  70
4881  70
3175  70
7445  70
2973  70
34338  70
41997  70
1956  70
377  70
200|20
3809  70
7022  70
50802  70
3968  70
2485  70
500  70
5610  70
590  70
1029  70
53996  70
2572  70
4993  70
4041  70
57640  70
1302  70
1784  70
6383  70
1653  70
1569  70
1517  70
201|20
1748  70
1527  70
1584  70
2858  70
339  70
589  70
2717  70
994  70
788  70
1196  70
2797  70
733  70
1259  70
2174  70
1198  70
2455  70
1569  70
1213  70
160  70
24  70
202|20
3329  76
924  70
29  70
2289  70
1197  70
1196  70
2966  70
161  70
608  70
1209  70
1296  70
3194  70
1784  70
469  70
923  70
2000  70
1587  70
1719  70
3147  70
32  70
203|9
56174  70
8665  70
2407  70
5952  70
590  70
49272  70
40815  70
333  70
296  70
204|17
1136  70
3949  70
33794  70
48394  70
27075  80
1080  70
79008  70
6104  70
8874  70
81591  70
4878  70
91658  70
711  70
2313  70
86320  70
55820  70
5218  70
205|6
912  70
99114  70
91542  70
5816  70
95167  70
96079  70
206|5
36  70
608  70
733  70
140  70
141  70
207|5
2991  70
2428  70
2707  70
3740  70
100  70
208|6
1210  70
2628  70
380  70
2353  70
2278  70
2762  70
209|7
60684  70
1291  70
68157  70
74458  70
185029  70
122886  70
88125  70
210|20
123553  83
34405  70
166203  83
3147  70
31696  70
7649  70
58559  70
2105  70
6365  70
34397  83
4625  70
84772  70
122926  70
76093  70
62836  83
33493  70
1584  70
47610  70
108932  70
122918  70
211|18
58559  70
63113  70
90405  70
57669  70
60684  70
7153  70
73017  70
2105  70
4367  70
356  70
2642  70
1556  70
318  70
44665  70
85414  70
1198  70
1136  70
260  70
212|20
170697  70
122920  70
122892  70
2571  70
5218  70
48394  70
3578  70
1196  70
135143  70
74795  70
179401  70
79132  70
77800  70
108932  70
110102  70
96821  70
8874  70
65261  70
59784  70
2291  70
213|17
3285  70
87520  70
80363  70
76251  70
8957  70
2860  70
1234  70
5419  70
51935  70
69844  70
39446  70
4132  70
858  70
69526  70
4558  70
49530  70
58559  70
214|5
83  56
628  70
743  70
1363  70
802  70
215|20
1172  70
4973  70
63082  70
1291  70
2028  70
3252  70
3210  70
1968  70
1247  70
49272  70
1089  70
72407  70
5650  70
318  70
1208  70
2000  70
1197  70
1196  70
1297  70
4019  70
216|20
104  70
21  70
3996  70
3946  70
2946  70
3993  70
3897  70
2599  70
34  70
3994  70
4034  70
3363  70
1965  70
3422  70
3555  70
3253  70
2087  70
3986  70
2018  70
1923  70
217|20
1867  55
3434  55
1275  70
2468  70
3197  70
1912  70
2302  70
1876  70
380  70
1221  70
2471  70
1918  70
1385  70
3165  70
1590  70
1562  70
1703  70
2056  55
1831  70
160  70
218|6
2657  70
2692  70
1380  70
1198  70
6934  70
5349  70
219|20
60072  70
2115  70
59315  70
6539  70
442  70
30707  70
1704  70
180  70
1219  70
1005  70
27773  70
56156  70
6188  70
6721  70
30825  70
2997  70
1552  70
1500  70
2890  70
1921  70
220|20
3996  70
733  70
1198  70
3994  70
6539  70
1258  70
1917  70
4545  70
33794  70
165  70
71264  70
4623  70
53464  70
5218  70
6365  70
3751  70
32  70
1036  70
5502  70
1591  70
221|20
4338  82
7013  70
8529  70
1080  70
3246  70
2871  70
1208  70
7063  70
2702  70
4029  70
5954  70
2352  70
922  70
2997  70
1278  70
2858  70
1212  70
1959  70
1961  70
3671  70
222|20
81831  63
100498  70
48516  70
1249  70
99813  70
91529  70
59900  70
93287  70
1721  70
2706  70
3273  70
2411  70
64622  70
7143  70
87869  70
778  70
30825  70
42011  70
673  70
64839  70
223|15
55854  65
6711  70
1  70
736  70
1961  70
457  70
2716  70
48394  70
608  70
8784  70
48516  70
3863  70
4306  70
260  70
2683  70
224|11
3496  82
3044  70
356  70
2915  70
289  70
3668  70
1270  70
2797  70
1721  70
2716  70
1259  70
225|15
2423  70
1285  70
588  70
1717  70
2791  70
1321  70
1136  70
1197  70
1753  70
2004  70
2371  70
1407  70
785  70
1060  70
3024  70
226|20
6938  69
32666  69
3552  70
542  70
1240  70
3098  70
2804  70
3668  70
3653  70
2231  70
145  70
2253  70
3052  70
2628  70
762  70
53129  70
4816  70
16  70
2144  70
46948  70
227|19
46976  70
52319  70
81845  70
109487  70
134130  70
215  70
48738  70
47099  70
1196  70
32587  70
912  70
55721  70
1682  70
750  70
778  70
40629  70
97913  70
70286  70
150  70
228|5
2571  70
1373  70
362  70
318  70
3113  70
229|13
34  70
589  70
377  70
45  70
587  70
5  70
475  70
442  70
597  70
364  70
213  70
110  70
527  70
230|20
34330  59
52715  59
47  70
7438  70
527  70
3147  70
45499  70
6537  70
2291  70
1387  70
6863  70
1485  70
595  70
4022  70
2096  70
588  70
4034  70
1676  70
8644  70
2641  70
231|5
92259  70
858  70
593  70
1198  70
109487  70
232|20
31867  65
41769  65
57526  65
70336  70
8644  70
1586  70
44972  70
4019  70
43928  70
30883  70
65802  70
8376  70
39292  70
1035  70
66198  70
66097  70
32011  70
6564  70
7451  70
33164  70
233|20
48394  70
3751  70
48516  70
1721  70
356  70
106100  70
162600  70
608  70
7153  70
134214  70
57669  70
122920  70
2329  70
4239  70
7371  70
3977  70
3147  70
3948  70
49272  70
5418  70
234|20
2616  70
2140  70
172  70
126  70
1562  70
4519  70
153  70
2710  70
3624  70
3483  70
1391  70
438  70
1460  70
2987  70
65  70
260  70
1359  70
3175  70
588  70
2080  70
235|13
480  70
736  70
500  70
454  70
592  70
235  70
595  70
32  70
527  70
648  70
223  70
588  70
377  70
236|30
1214  83
1278  83
1345  83
1350  83
1387  83
1388  83
1982  83
1997  83
1998  83
2447  83
2459  83
2490  83
2496  83
2502  83
2505  83
2542  83
2572  83
2580  83
2596  83
2598  83
2606  83
2657  83
2683  83
2694  83
2718  83
2770  83
2806  83
2858  83
3024  83
3052  83
237|10
32  70
4254  70
94959  70
293  70
1371  70
1193  70
7361  70
7980  70
43936  70
1374  70
238|9
4954  70
3528  70
4265  70
4901  70
4238  70
593  70
4499  70
4957  70
1193  70
239|20
58559  70
5459  70
4085  70
380  70
95  70
7445  70
608  70
7147  70
6378  70
2115  70
4896  70
36529  70
3994  70
33679  70
47  70
590  70
4022  70
208  70
733  70
51662  70
240|20
368  70
543  70
480  70
367  70
810  70
500  70
546  70
110  70
173  70
1  70
542  70
104  70
34  70
174  70
204  70
225  70
383  70
262  70
434  70
420  70
241|16
81786  79
71899  70
527  70
1206  70
1193  70
99114  70
100714  70
8981  70
53123  70
116897  70
56367  70
3910  70
106782  70
115569  70
4235  70
48780  70
242|7
39  70
380  70
231  70
457  70
592  70
454  70
111  70
243|8
112  70
353  70
62  70
588  70
193  70
586  70
181  70
376  70
244|19
3090  70
1049  70
110  70
257  70
165  70
151  70
1090  70
3755  70
2278  70
648  70
1580  70
1957  70
1610  70
1196  70
3256  70
1573  70
1242  70
3753  70
2243  70
245|5
3196  70
2739  70
3114  70
3274  70
1361  70
246|20
1304  70
616  70
1680  70
6016  70
3081  70
44191  70
60684  70
4973  70
1732  70
1298  70
53125  70
2291  70
2692  70
293  70
4011  70
5013  70
60069  70
48082  70
82202  70
95167  70
247|20
48516  70
593  70
2858  70
49272  70
1961  70
44191  70
527  70
116797  70
68358  70
122886  70
480  70
223  70
1265  70
2078  70
1198  70
1682  70
6377  70
1089  70
953  70
919  70
248|11
4886  70
1198  70
166528  70
176371  70
316  70
147374  70
102903  70
189333  70
122912  70
58559  70
5218  70
249|20
110350  74
102903  70
2167  70
94959  70
84601  70
2395  70
97306  70
3408  70
89047  74
91500  70
91542  70
40815  70
69844  70
904  70
46723  70
3826  70
68791  70
88812  70
67695  70
50  70
250|6
1282  70
2407  70
318  70
1597  70
1246  70
8880  70
251|5
142115  70
293  70
356  70
318  70
1089  70
252|8
164179  70
89745  70
6377  70
164909  70
1682  70
166643  70
143355  70
78499  70
253|10
44555  70
916  70
608  70
2300  70
7099  70
4217  70
26366  88
1192  70
4642  70
3363  70
254|20
46578  70
44195  70
207  70
49278  70
6333  70
780  70
110  70
1210  70
49272  70
27846  70
32587  70
2571  70
44929  70
47  70
293  70
1580  70
5995  70
32  70
592  70
48394  70
255|9
1270  70
4467  70
2023  70
3501  70
1663  70
1394  70
3392  70
2542  70
2915  70
256|20
3247  70
88744  70
377  70
4973  70
53972  70
118696  70
95441  70
104841  70
71535  70
2953  70
81229  70
53121  70
30707  70
2571  70
68791  70
170  70
6942  70
90405  70
6537  70
33493  70
257|5
1500  70
594  70
2502  70
494  70
2406  70
258|5
4995  70
7147  70
72641  70
76093  70
47099  70
259|6
508  70
5945  70
1784  70
4886  70
1356  70
1584  70
260|20
7361  70
3556  70
162  70
903  70
5690  70
6337  70
4878  70
5617  70
342  70
5219  70
2997  70
8011  70
1206  70
3317  70
6709  70
8874  70
2348  70
3822  70
2959  70
8645  70
261|11
3897  70
16  70
2060  70
296  70
2723  70
1682  70
4085  70
2194  70
7361  70
4238  70
58559  70
262|12
708  70
539  70
457  70
322  70
339  70
85  70
26  70
17  70
213  70
273  70
593  70
728  70
263|20
223  70
150  70
500  70
2987  70
2953  70
110  70
4226  70
8370  70
1197  70
7458  70
708  70
1111  70
2125  70
6942  70
5013  70
163  70
457  70
8636  70
1967  70
2085  70
264|12
7841  70
1376  70
151  70
5816  70
1907  70
1320  70
1917  70
150  70
3578  70
1090  70
253  70
1876  70
265|20
3807  66
316  70
253  70
1302  70
724  70
1240  70
3504  70
230  70
3831  70
1956  70
3098  70
529  70
1270  70
3791  70
1177  70
2322  70
1488  70
2474  70
1198  70
1962  70
266|20
476  71
2812  71
2700  70
2278  70
24  70
2770  70
2702  70
64  70
1405  70
2580  70
1527  70
2167  70
457  70
1580  70
2300  70
1923  70
2094  70
132  70
2571  70
2097  70
267|12
2858  70
593  70
1175  70
3006  70
1302  70
3999  70
3113  70
1093  70
589  70
2571  70
923  70
3996  70
268|20
1641  70
587  70
1125  70
1911  70
2802  70
1036  70
1370  70
50  70
2064  70
1784  70
1912  70
1966  70
454  70
1234  70
2247  70
1394  70
2829  70
802  70
260  70
2858  70
269|6
724  70
743  70
95  70
1  70
63  70
648  70
270|8
661  70
62  70
79  70
628  70
14  70
1356  70
141  70
25  70
271|9
3897  70
32  70
2791  70
969  70
6787  70
2858  70
55765  70
1320  70
2288  70
272|7
177765  70
1240  70
51662  70
122922  70
49272  70
158238  70
6365  70
273|11
440  70
593  70
500  70
608  70
223  70
111  70
150  70
21  70
466  70
235  70
520  70
274|20
50147  65
2947  70
3037  70
1645  70
4951  70
2036  70
1359  70
35957  70
553  70
76293  70
3918  70
1503  70
45431  70
4816  70
54999  70
5667  65
4876  70
56805  70
1921  70
54004  70
275|20
1784  70
2289  70
5884  82
1171  70
357  70
1912  70
2539  70
235  70
4886  70
2572  70
2355  70
3253  70
1192  70
926  70
111  70
2100  70
3089  70
1393  70
1719  70
1392  70
276|9
673  70
356  70
466  70
104  70
631  70
648  70
2  70
1367  70
344  70
277|6
637  70
736  70
656  70
1  70
780  70
260  70
278|5
2371  70
1347  70
4002  70
318  70
2369  70
279|20
134130  70
1101  70
166528  70
90405  70
61132  70
79132  70
56782  70
97913  70
1608  70
4226  70
59315  70
88129  70
54286  70
1258  70
8665  70
58559  70
4993  70
8376  70
107406  70
1200  70
280|20
92535  70
344  70
262  70
3146  70
4239  70
4447  70
8638  70
919  70
72641  70
86817  70
8368  70
49530  70
6863  70
35836  70
55052  70
54503  70
4246  70
48516  70
1911  70
3916  70
281|5
46578  70
8361  70
35836  70
3897  70
3861  70
282|20
5995  70
3977  70
3263  70
25  70
6708  70
2683  70
4718  70
6711  70
5481  70
6863  70
5669  70
3752  70
588  70
80463  70
1921  70
1193  70
4369  70
48322  70
1194  70
784  70
283|7
1580  70
39  70
1704  70
356  70
586  70
2082  70
805  70
284|18
474  70
173  70
2  70
296  70
15  70
348  70
248  70
318  70
47  70
353  70
275  70
44  70
339  70
367  70
276  70
165  70
637  70
235  70
285|8
1193  70
949  70
1247  70
6978  70
113207  79
4447  70
441  70
296  70
286|20
454  70
778  70
5989  70
1333  70
165  70
500  70
7438  70
2294  70
4993  70
4995  70
7361  70
70  70
4980  70
1258  70
4963  70
1097  70
4848  70
539  70
377  70
110  70
287|20
3160  70
3578  70
223  70
2633  70
1059  70
586  70
3005  70
532  70
1193  70
2599  70
2028  70
1485  70
3826  70
2081  70
8949  70
2012  70
101  70
4034  70
2422  70
2115  70
288|20
4473  63
4966  63
1008  63
2867  70
42015  70
141  70
2571  70
13  70
53519  70
2407  70
5418  70
3916  70
2347  70
2528  70
30810  70
575  70
32587  70
587  70
2517  70
8361  70
289|24
3  83
16  83
235  83
266  83
594  83
708  83
750  83
1080  83
1101  83
1208  83
1220  83
1258  83
1917  83
2012  83
2174  83
2710  83
2797  83
4322  83
6125  76
6327  83
6453  76
7025  83
7028  83
26704  83
290|20
1228  70
1299  70
2494  70
2739  70
608  70
2130  70
908  70
341  83
1447  70
342  70
1056  70
1719  70
953  70
928  70
1394  70
2648  70
475  70
2731  70
1357  70
2385  70
291|7
40815  70
122892  70
106489  70
134853  70
7153  70
88125  70
1  70
292|20
520  70
103339  70
122900  70
4896  70
2291  70
474  70
85056  70
46972  70
95167  70
164909  70
3176  70
3476  70
1608  70
31221  70
1101  70
3985  70
3984  70
1017  70
69844  70
231  70
293|5
1682  70
1673  70
344  70
1617  70
1097  70
294|20
416  70
3869  70
1064  70
2794  70
610  70
2133  70
1391  70
3868  70
1129  70
520  70
3387  70
355  70
2378  70
3693  70
785  70
2193  70
2367  70
2458  70
348  70
3501  70
295|9
1221  70
3198  70
1287  70
1213  70
4351  70
1198  70
858  70
318  70
2329  70
296|6
160848  80
2028  70
169034  80
4144  70
50  70
2324  70
297|15
832  70
543  70
1645  70
111  70
454  70
1089  70
6  70
1249  70
1047  70
1370  70
1488  70
150  70
170  70
1092  70
866  70
298|20
57640  70
95510  70
6811  70
8370  70
8807  70
63131  70
6881  70
3785  70
122900  70
103042  70
6294  70
2167  70
2005  70
6006  70
653  70
55995  70
3018  70
69757  70
103772  70
3825  70
299|5
3793  70
1387  70
188  70
1198  70
1214  70
300|32
318  83
356  83
527  83
593  83
1172  83
1704  83
2028  83
2324  83
2329  83
2571  83
2762  83
2858  83
2959  83
4848  83
4973  83
5995  83
6016  83
6711  83
7361  83
8950  83
48394  83
56174  83
63082  83
79132  83
81591  83
92259  83
99114  83
109487  83
112183  83
112290  83
112552  83
112556  83
301|20
21  70
357  70
2490  70
6711  70
589  70
8949  70
837  70
3948  70
364  70
527  70
5989  70
4963  70
608  70
292  70
3578  70
3897  70
4226  70
3753  70
1393  70
1792  70
302|7
480  70
14  70
3  70
25  70
648  70
707  70
110  70
303|11
5378  70
3703  70
1127  70
5544  70
1196  70
3471  70
1580  70
1394  70
2683  70
920  70
1358  70
304|20
314  70
2571  70
2433  70
10  70
1376  70
480  70
1373  70
1777  70
1270  70
1517  70
151  70
356  70
208  70
474  70
1214  70
1375  70
640  70
1722  70
185  70
2701  70
305|20
74624  78
140627  78
87869  70
919  70
1197  70
106100  70
138210  70
788  70
7482  70
80590  70
103075  70
903  70
6537  70
93840  70
54736  70
592  70
2288  70
58803  70
55276  70
1272  70
306|20
5784  70
68954  70
69644  70
6377  70
95543  70
81847  70
111743  70
85367  70
168418  70
167018  70
72998  70
122904  70
69406  70
85788  70
4963  70
115664  70
134368  70
112852  70
161634  70
133419  70
307|20
2190  54
4181  54
31424  54
49314  54
5010  70
7845  70
3392  70
1220  70
6793  70
6483  70
2332  70
56003  70
1991  70
3273  70
4876  70
3421  70
1409  70
413  70
4447  70
52867  54
308|20
2959  70
45517  70
96821  70
72998  70
318  70
2  70
904  70
589  70
8961  70
56152  70
56367  70
5618  70
36  70
410  70
79132  70
4993  70
8464  70
1221  70
2248  70
6  70
309|20
2202  70
1645  70
898  70
1682  70
296  70
1089  70
1269  70
7153  70
6947  70
8340  70
1104  70
7218  77
25886  70
1219  70
8154  70
971  70
1944  70
6365  70
1262  70
2762  70
310|13
6863  70
6947  70
1101  70
6503  70
2524  70
2457  70
5899  70
733  70
246  70
3254  70
1223  70
1080  70
2671  70
311|6
6561  45
5992  70
1517  70
6461  70
1407  70
2706  70
312|20
5816  70
1375  70
3499  70
589  70
2454  70
1358  70
4878  70
4103  70
3793  70
2028  70
1371  70
4121  70
2366  70
2747  70
4105  70
5446  70
2699  70
2529  70
1350  70
1356  70
313|20
4980  70
170  70
3917  70
2455  70
5544  70
541  70
2193  70
2000  70
6  70
1968  70
1089  70
1301  70
1240  70
3175  70
4865  70
2005  70
2167  70
1375  70
2087  70
2530  70
314|20
7  70
1042  70
44  70
165  70
457  70
293  70
597  70
329  70
442  70
26  70
830  70
728  70
618  61
107  70
536  70
10  70
1376  70
153  70
208  70
150  70
315|7
1262  70
2729  70
2529  70
2067  70
2553  70
909  70
902  70
316|11
1748  70
253  70
3968  70
158  70
5445  70
3751  70
7438  70
6874  70
48  70
3882  70
2572  70
317|20
133115  75
73321  70
91529  70
74545  70
7445  70
1213  70
48774  70
4262  70
1884  70
5989  70
3578  70
4011  70
68358  70
1208  70
72011  70
3897  70
3499  70
96829  70
116797  70
56782  70
318|20
26713  75
81191  75
90245  75
111817  75
127180  75
145080  75
150696  75
7445  70
1090  70
116799  70
82459  70
48385  70
2294  70
64839  70
88125  70
109487  70
4021  70
33794  70
54286  70
89753  70
319|7
115617  70
6377  70
356  70
136864  70
1221  70
122904  70
110  70
320|5
72998  70
71535  70
31184  70
59315  70
1013  70
321|12
587  70
356  70
160  70
592  70
597  70
780  70
339  70
355  70
410  70
3  70
500  70
457  70
322|20
2882  70
1968  70
2542  70
58559  70
2788  70
2146  70
2617  70
2918  70
778  70
2599  70
4027  70
4993  70
1230  70
51540  70
1  70
1617  70
1923  70
4010  70
11  70
1035  70
323|20
377  70
480  70
356  70
1094  70
161  70
115569  70
1198  70
29  70
551  70
22  70
318  70
112183  70
253  70
111659  70
3257  70
260  70
150  70
329  70
342  70
266  70
324|5
2764  70
3972  70
3864  70
3949  70
3897  70
325|20
2848  71
235  70
2986  70
262  70
1573  70
2596  70
1584  70
1217  70
1676  70
4714  70
3770  70
3261  70
2894  71
2155  70
1279  70
1614  70
3994  70
2268  70
2915  70
5008  70
326|20
8665  70
47610  70
20  70
2858  70
86882  70
5418  70
4973  70
133771  70
48774  70
2324  70
1293  70
2692  70
72605  70
70159  70
54286  70
5446  70
6591  70
4226  70
105844  70
31410  70
327|10
3301  70
150  70
858  70
1923  70
51255  70
48516  70
1304  70
765  70
6888  70
2706  70
328|20
2687  70
112852  70
70286  70
1196  70
457  70
364  70
80463  70
3489  70
318  70
595  70
5349  70
2542  70
1219  70
35836  70
3751  70
79091  70
7153  70
596  70
2398  70
1148  70
329|5
130482  52
136850  52
858  70
1884  70
750  70
330|20
5378  70
316  70
1639  70
2918  70
919  70
3949  70
3535  70
5349  70
380  70
1676  70
2502  70
3703  70
1682  70
2683  70
1206  70
1721  70
2791  70
2081  70
8874  70
592  70
331|20
8874  70
6157  70
88125  70
6539  70
3897  70
4446  70
7361  70
50872  70
4995  70
4306  70
6874  70
5502  70
3911  70
608  70
4447  70
593  70
3751  70
8665  70
4367  70
2959  70
332|20
47  70
1653  70
1258  70
316  70
8983  70
431  70
97757  72
2291  70
1835  70
356  70
5502  70
4308  70
1203  70
1682  70
1249  70
76251  70
2905  70
318  70
2294  70
32  70
333|5
3785  70
3752  70
3616  70
3615  70
3646  70
334|20
55820  70
1196  70
1580  70
1291  70
3996  70
589  70
30810  70
4027  70
1  70
64957  70
1625  70
50601  70
44195  70
27416  70
6867  70
2997  70
293  70
480  70
5378  70
51935  70
335|6
780  70
592  70
356  70
296  70
2699  70
2001  70
336|12
1267  70
1  70
38798  70
33660  70
1784  70
2001  70
2268  70
293  70
1625  70
4886  70
50  70
150  70
337|16
318  70
47  70
16  70
805  70
1393  70
266  70
667  70
168  70
784  70
65  70
110  70
708  70
25  70
1356  70
277  70
786  70
338|8
189111  64
190207  64
190215  64
190219  64
7153  70
593  70
187541  70
185029  70
339|20
72641  70
5445  70
84152  70
96079  70
106072  70
69122  70
5617  70
41285  70
56869  81
48322  70
65216  70
91630  70
86504  70
91529  70
83613  70
4993  70
3470  70
102407  70
2028  70
5952  70
340|28
10  83
110  83
150  83
153  83
161  83
165  83
185  83
208  83
253  83
288  83
292  83
296  83
316  83
318  83
329  83
344  83
349  83
356  83
454  83
457  83
480  83
589  83
590  83
592  83
595  83
648  83
780  83
1356  83
341|11
2335  70
3624  70
130087  70
1370  70
135137  70
117529  70
5459  70
45672  70
1  70
47099  70
4025  70
342|14
2683  70
2598  70
2881  70
2369  70
1268  70
2605  70
2599  70
1198  70
3157  70
3826  70
2428  70
2827  70
3863  70
1959  70
343|12
858  70
3000  70
48394  70
4226  70
4878  70
3993  70
2571  70
1617  70
31658  70
55363  70
55820  70
296  70
344|14
111362  70
380  70
316  70
2628  70
4226  70
2571  70
4014  70
2012  70
4034  70
260  70
2541  70
4973  70
5418  70
2712  70
345|13
1019  70
2539  70
926  70
5902  70
8810  70
344  70
5707  70
2366  70
56949  70
3649  70
6658  70
3489  70
412  70
346|20
3174  70
778  70
608  70
6711  70
6286  70
306  70
7323  70
307  70
3535  70
1212  70
357  70
3949  70
714  70
7937  70
7396  70
5878  70
1120  70
1131  70
3627  70
7115  70
347|9
434  70
590  70
39  70
150  70
454  70
380  70
587  70
317  70
457  70
348|11
318  70
2324  70
4368  70
1213  70
6016  70
2959  70
6893  70
4973  70
1221  70
1960  70
2019  70
349|8
10  70
161  70
589  70
381  70
349  70
231  70
588  70
509  70
350|8
852  70
7  70
637  70
648  70
733  70
12  70
858  70
661  70
351|20
88932  73
87222  70
73344  70
52579  70
2231  70
88744  70
43836  70
79132  70
597  70
58559  70
12  70
8914  70
8950  70
63082  70
6214  70
90376  70
84152  70
480  70
4878  70
1193  70
352|20
72998  70
71745  70
1801  70
34319  70
2600  70
65682  70
1080  70
79695  70
110730  70
38038  70
130490  70
97752  70
1214  70
94864  70
41566  70
56587  70
44191  70
114935  70
59315  70
47610  70
353|18
552  70
25  70
267  70
216  70
367  70
288  70
144  70
186  70
333  70
266  70
112  70
198  70
234  70
145  70
293  70
158  70
163  70
296  70
354|20
1610  70
4306  70
2692  70
3147  70
47  70
903  70
733  70
3977  70
1225  70
35836  70
648  70
44191  70
8665  70
1917  70
7147  70
1923  70
589  70
2959  70
4718  70
1196  70
355|6
316  70
1580  70
3035  70
3175  70
317  70
916  70
356|20
2248  70
52435  70
52975  70
7122  80
44889  80
1641  70
2706  70
4011  70
802  70
7323  70
2502  70
56367  70
1223  70
55118  70
3949  70
3996  70
1246  70
1466  70
223  70
7153  70
357|20
4354  79
8998  79
27329  79
2804  70
595  70
529  70
4663  70
4091  70
1224  70
1242  70
34  70
208  70
58559  70
6296  70
30793  70
1042  70
2100  70
551  70
471  70
2067  70
358|9
26095  65
605  70
5066  70
52328  70
2226  65
42728  70
7361  70
69844  70
36525  70
359|15
405  70
1092  70
1101  70
51412  70
648  70
296  70
1097  70
2396  70
2424  70
593  70
2701  70
2942  70
1682  70
2530  70
4995  70
360|5
1422  70
1620  70
1488  70
1711  70
1414  70
361|20
47099  70
1580  70
377  70
1552  70
49272  70
1263  70
53125  70
589  70
49822  70
8360  70
318  70
2529  70
5218  70
6188  70
2422  70
3082  70
1732  70
1370  70
46972  70
7458  70
362|20
1945  70
592  70
6539  70
51540  70
5989  70
637  70
70  70
7153  70
1252  70
44665  70
407  70
6874  70
2959  70
1196  70
1208  70
8961  70
48516  70
7438  70
356  70
1201  70
363|6
1552  70
1732  70
1517  70
296  70
653  70
318  70
364|5
858  70
9  70
783  70
376  70
1  70
365|20
59315  70
81229  70
128975  70
6874  70
90345  70
158872  70
129354  70
103075  70
135536  70
70286  70
112852  70
76077  70
112818  70
1777  70
6502  70
155820  70
541  70
95720  70
93270  70
135569  70
366|7
116797  70
59315  70
33794  70
91529  70
2028  70
122882  70
7438  70
367|20
926  70
3061  70
1270  70
1287  70
486  70
3536  70
3824  70
2384  70
3072  70
898  70
3618  70
3225  70
2248  70
3157  70
3969  70
3717  70
1259  70
4023  70
1196  70
1258  70
368|20
3753  70
2112  70
1944  70
2986  70
3869  70
1214  70
2947  70
415  70
3035  70
832  70
50  70
2819  70
1801  70
2490  70
1917  70
1391  70
2193  70
225  70
161  70
2881  70
369|20
1256  70
785  70
47  70
2706  70
839  70
377  70
52973  70
743  70
4214  70
5418  70
3863  70
1372  70
27904  70
60069  70
2857  70
1967  70
150  70
2011  70
1580  70
3174  70
370|19
4011  70
4878  70
8961  70
6377  70
2628  70
1748  70
2116  70
589  70
2329  70
7438  70
3977  70
1676  70
593  70
4973  70
4226  70
1240  70
1089  70
8636  70
2716  70
371|9
2571  70
112512  90
1258  70
4090  70
56715  70
3000  70
4226  70
4993  70
1748  70
372|20
335  67
924  70
318  70
1603  70
1479  70
589  70
81  70
387  70
616  70
337  70
1220  70
1201  70
165  70
1243  70
1258  70
377  70
1401  70
450  70
1206  70
1306  70
373|20
216  70
60  70
169  70
350  70
585  70
44  70
371  70
163  70
616  70
198  70
265  70
25  70
6  70
733  70
47  70
2  70
736  70
305  70
357  70
141  70
374|7
296  70
208  70
1219  70
480  70
592  70
1258  70
1339  70
375|7
344  70
1027  70
32  70
2628  70
3256  70
4226  70
500  70
376|20
91535  70
2002  70
1214  70
1101  70
2916  70
33794  70
1198  70
349  70
1371  70
376  70
1240  70
1375  70
4993  70
858  70
457  70
4226  70
5952  70
344  70
2763  70
2797  70
377|20
4942  78
2793  70
1262  70
2791  70
748  70
1345  70
5027  70
5113  70
27692  78
3421  70
6021  78
3364  70
2072  70
8641  70
2163  70
92760  78
2858  70
1503  70
2124  70
2015  70
378|10
33794  70
7153  70
48516  70
3114  70
858  70
68954  70
91529  70
71535  70
90600  70
364  70
379|8
318  70
377  70
19  70
292  70
480  70
367  70
597  70
344  70
380|20
60818  74
172875  74
172881  74
172887  74
355  70
6979  70
5476  70
2735  70
68194  70
63433  70
72356  70
105731  70
1833  70
551  70
6731  70
27831  70
1665  70
393  70
140956  70
2791  70
381|20
2085  70
1088  70
3253  70
185  70
317  70
27808  70
1240  70
19  70
3753  70
4321  70
72011  70
3082  70
333  70
2140  70
1385  70
2273  70
1208  70
457  70
104  70
2716  70
382|20
1204  70
142372  70
135532  70
1201  70
112171  70
1198  70
912  70
81847  70
4638  70
63540  70
1681  70
170289  70
103042  70
72737  70
2496  70
357  70
81537  70
59501  70
101362  70
4890  70
383|7
2436  70
2541  70
2496  70
1584  70
2558  70
1246  70
903  70
384|14
3527  70
1388  70
2683  70
2502  70
4333  70
3098  70
4396  70
457  70
358  70
968  70
2724  70
296  70
3991  70
1204  70
385|20
736  70
1080  70
249  70
1219  70
1036  70
1136  70
282  70
1073  70
1200  70
1228  70
1022  70
1007  70
1201  70
1246  70
344  70
589  70
1023  70
1287  70
594  70
1303  70
386|14
110  70
410  70
112  70
165  70
223  70
648  70
185  70
608  70
485  70
305  70
44  70
585  70
349  70
10  70
387|20
4393  65
5156  65
5780  65
7336  65
26124  65
40966  65
2712  70
5062  70
1247  70
5489  65
4195  70
7132  70
2946  70
1387  70
3000  70
51939  70
4995  70
912  70
7938  65
1783  70
388|6
6158  70
63239  70
33615  70
86298  70
62999  70
8360  70
389|7
17  70
140  70
628  70
762  70
743  70
95  70
32  70
390|17
6344  75
64957  70
4239  70
5220  70
1193  70
2571  70
9010  70
2291  70
5296  70
4226  70
7254  70
6377  70
63062  70
1206  70
2329  70
4014  70
1784  70
391|20
5575  75
500  70
3994  70
1213  70
516  70
199  70
4027  70
150  70
1408  70
4014  70
1527  70
1059  70
2916  70
4973  70
357  70
555  70
5026  70
4936  70
1210  70
3067  70
392|5
3004  70
2858  70
707  70
1198  70
1125  70
393|20
91658  70
102125  70
48394  70
36517  70
8636  70
110102  70
44199  70
5388  70
54259  70
4848  70
5669  70
1291  70
68848  70
86190  70
2571  70
1206  70
122892  70
106642  70
1625  70
106489  70
394|5
588  70
316  70
344  70
225  70
457  70
395|13
329  70
1025  70
296  70
160  70
208  70
173  70
485  70
355  70
520  70
595  70
126  70
48  70
367  70
396|6
1276  70
1597  70
1777  70
44  70
204  70
2081  70
397|5
4017  70
8645  70
1701  70
8228  70
6993  70
398|10
6408  84
1197  70
5971  70
7022  70
1198  70
60069  70
2455  70
1136  70
48516  70
82459  70
399|8
1198  70
110  70
5445  70
1196  70
593  70
480  70
1270  70
2194  70
400|9
608  70
356  70
2571  70
2959  70
7153  70
1221  70
3578  70
858  70
59615  70
401|15
5952  70
6297  70
55768  70
48982  70
166461  70
49274  70
50872  70
32031  70
79091  70
170939  71
38038  70
8360  70
3114  70
33615  70
1136  70
402|10
1084  70
597  70
52  70
329  70
296  70
586  70
315  70
1036  70
434  70
527  70
403|7
110  70
2427  70
3210  70
296  70
61465  70
1663  70
180  70
404|12
204  70
349  70
474  70
34  70
364  70
508  70
105  70
593  70
509  70
277  70
315  70
185  70
405|20
70708  80
293  70
7254  70
37731  70
2959  70
345  70
1213  70
7134  80
64614  70
6023  70
1241  70
2329  70
1247  70
3052  70
68237  70
1199  70
27592  70
27664  70
3418  70
1215  70
406|5
1586  70
135  70
56949  70
46972  70
724  70
407|5
7153  70
2959  70
6539  70
1240  70
54286  70
408|20
1198  70
122904  70
44840  70
165101  70
6618  70
1291  70
1210  70
89745  70
1278  70
7324  70
44  70
8641  70
115210  70
103596  70
68554  70
2571  70
109487  70
63131  70
80489  70
4649  70
409|20
2485  70
2490  70
2028  70
3812  70
1278  70
2997  70
296  70
1078  70
3016  70
1073  70
2683  70
2289  70
3846  70
912  70
2013  70
1911  70
2352  70
1230  70
2541  70
3174  70
410|20
389  81
3224  70
318  70
2302  70
4002  70
1060  70
4297  70
3263  70
1859  70
111  70
58  70
2145  70
3255  70
2321  70
3504  70
3948  70
11  70
4019  70
3  70
597  70
411|20
508  70
261  70
586  70
432  70
353  70
431  70
194  70
318  70
272  70
515  70
356  70
266  70
257  70
349  70
10  70
31  70
344  70
227  70
455  70
122  70
412|20
2828  70
2384  70
2915  70
903  70
608  70
2720  70
2858  70
1883  70
1307  70
1214  70
1784  70
2239  70
1  70
930  70
1136  70
2710  70
915  70
2398  70
17  70
1079  70
413|12
2706  70
1198  70
3753  70
2424  70
593  70
128360  70
4993  70
16  70
5574  70
3948  70
64957  70
2959  70
414|20
4458  68
4666  68
5285  68
5635  68
6033  68
6493  68
6563  68
6628  68
6797  68
48319  68
58879  68
169992  68
3802  70
3599  70
1600  70
8666  70
4975  70
7444  70
4081  70
177593  70
415|19
296  70
1213  70
4321  70
3507  70
4308  70
47  70
1021  70
111  70
2617  70
1276  70
3861  70
4369  70
99114  70
1221  70
63082  70
1234  70
45722  70
1197  70
175  70
416|11
5952  70
5951  70
531  70
1296  70
1199  70
1721  70
830  70
1206  70
7323  70
4848  70
3677  70
417|14
778  70
4995  70
4975  70
7254  70
1198  70
106782  70
27773  70
168250  70
1625  70
7153  70
74458  70
110102  70
48394  70
4878  70
418|19
356  70
296  70
63082  70
104374  70
1276  70
1136  70
117176  70
1573  70
137337  70
1682  70
5816  70
88125  70
74458  70
367  70
89745  70
45672  70
87869  70
7361  70
54001  70
419|20
4093  76
111  70
46976  70
27822  70
2858  70
319  70
6287  70
3578  70
1213  70
64969  70
47  70
79592  70
34319  70
89580  76
60756  70
27704  76
90943  76
2412  70
1240  70
52245  70
420|20
1161  70
4993  70
45499  70
923  70
26693  77
48385  70
1927  70
5608  70
2052  70
6934  70
7022  70
3979  70
59295  77
2329  70
54259  70
1131  70
2762  70
4973  70
5669  70
527  70
421|8
2858  70
909  70
5008  70
953  70
1178  70
2313  70
2478  70
1203  70
422|19
2539  70
2710  70
4947  70
4971  70
5039  70
4925  67
2581  70
4916  70
1265  70
2804  70
3053  70
2665  67
1283  70
4835  70
2908  70
3943  70
1213  70
2670  70
858  70
423|5
1653  70
110  70
2194  70
5349  70
1320  70
424|20
1193  70
141  70
2804  70
40278  70
608  70
108729  70
293  70
69122  70
1092  70
54503  70
58559  70
3186  70
66097  70
778  70
5679  70
3176  70
2288  70
2174  70
71668  70
112556  70
425|20
45517  70
377  70
2329  70
733  70
6  70
1645  70
8368  70
2081  70
4306  70
1680  70
1909  70
367  70
46723  70
1625  70
1036  70
4901  70
750  70
2353  70
1342  70
145  70
426|18
59784  70
150  70
471  70
337  70
54001  70
1197  70
6378  70
72641  70
4886  70
8644  70
37729  70
597  70
5444  70
91325  70
588  70
3247  70
4022  70
79091  70
427|17
4887  70
5463  70
5015  70
110  70
58  70
5528  70
6348  70
5312  70
2710  70
5696  70
4993  70
5266  70
2683  70
5400  70
5816  70
1208  70
5574  70
428|20
2471  70
2762  70
3827  70
1089  70
2953  70
2916  70
1380  70
1997  70
3440  70
4022  70
317  70
4255  70
1208  70
1391  70
6377  70
2581  70
260  70
3285  70
588  70
653  70
429|12
339  70
421  70
150  70
225  70
165  70
266  70
329  70
252  70
279  70
317  70
237  70
204  70
430|12
923  70
2987  70
3745  70
6287  70
2858  70
6365  70
2571  70
4447  70
4014  70
329  70
2076  70
4446  70
431|5
172  70
1625  70
1376  70
3948  70
802  70
432|20
1831  70
5630  70
6870  70
8640  70
6539  70
3916  70
5989  70
84189  73
110  70
35836  70
4886  70
2762  70
1206  70
49272  70
19  70
318  70
58559  70
69481  70
7158  70
33660  70
433|5
91529  70
1089  70
50  70
5299  70
110  70
434|20
1136  70
3147  70
1090  70
1265  70
5989  70
1101  70
1779  70
586  70
344  70
3863  70
1208  70
3160  70
589  70
780  70
6796  70
2791  70
4226  70
2194  70
8665  70
1291  70
435|9
2353  70
44191  70
485  70
3510  70
34405  70
2302  70
158  70
82459  70
48780  70
436|20
204  70
435  70
440  70
432  70
161  70
480  70
377  70
531  70
536  70
502  70
364  70
235  70
371  70
344  70
2  70
585  70
450  70
587  70
437  70
227  70
437|20
748  70
318  70
5  70
640  70
1299  70
1120  70
1396  70
1246  70
454  70
1171  70
1225  70
1183  70
1097  70
1307  70
1268  70
592  70
198  70
155  70
112  70
246  70
438|20
7154  70
2501  70
8966  70
27801  70
1527  70
6711  70
3898  70
1784  70
8644  70
6367  70
2424  70
3889  70
223  70
1517  70
7361  70
2641  70
5009  70
2617  70
3753  70
2393  70
439|5
356  70
4022  70
7153  70
78499  70
1240  70
440|7
8690  77
541  70
29  70
1653  70
1274  70
3174  70
1235  70
441|9
589  70
2683  70
2959  70
4306  70
260  70
296  70
51255  70
47  70
68358  70
442|5
2908  70
2881  70
1186  70
3752  70
4361  70
443|8
2329  70
79132  70
296  70
48394  70
106487  70
108190  70
7153  70
63082  70
444|9
356  70
592  70
208  70
21  70
111  70
110  70
235  70
296  70
344  70
445|16
2028  70
590  70
34405  70
47  70
116897  70
780  70
4011  70
899  70
593  70
33794  70
1080  70
45722  70
17  70
1230  70
306  70
2710  70
446|17
237  70
339  70
300  70
296  70
480  70
368  70
288  70
172  70
17  70
16  70
357  70
150  70
434  70
153  70
648  70
593  70
337  70
447|16
257  70
293  70
337  70
531  70
382  70
589  70
552  70
253  70
362  70
532  70
292  70
31  70
474  70
540  70
442  70
160  70
448|373
2368  57
3284  57
3933  57
6302  57
6476  57
7245  57
48262  57
49688  57
75803  57
75816  57
78116  57
79590  57
86593  57
92198  57
98908  57
100326  57
102819  57
104760  57
108715  57
109191  57
111680  57
113416  57
116207  57
116985  57
129657  57
130083  57
133377  57
136654  57
138546  57
142424  57
151777  57
152658  57
157130  57
158022  57
161290  57
164375  57
53996  70
136778  57
5418  70
288  70
88356  70
2580  70
155358  57
2889  70
4034  70
148888  70
81156  70
2713  70
103335  70
95441  70
34048  70
80126  70
3057  57
1057  70
2794  70
33830  70
8665  70
6059  70
110553  70
90374  70
151501  57
3764  70
6143  70
103819  70
4361  70
104913  70
3986  70
5528  70
1196  70
105351  70
83349  70
3276  57
1090  70
5349  70
587  70
106330  70
4677  70
95508  57
109895  70
110611  57
671  70
2289  70
152077  70
80693  70
111360  70
170  70
87444  70
94323  70
8493  70
3671  70
91653  70
4981  57
2991  70
78034  57
119145  70
5099  70
4299  70
2567  70
6996  70
109864  70
6582  70
73017  70
370  70
543  70
115617  70
590  70
154065  57
5553  70
41569  70
3286  70
6645  70
589  70
1920  70
2857  70
111663  70
78499  70
2657  70
6537  70
1148  70
46974  70
48516  70
80241  70
445  70
4262  70
3689  70
114935  70
6428  70
127194  57
109673  70
127096  70
89388  57
4156  57
3793  70
33679  70
2014  70
64285  70
3968  70
49530  70
3450  70
160563  70
5502  70
8169  70
6314  70
122490  57
3386  70
140725  70
4896  70
2642  70
127136  70
2763  70
2520  57
457  70
48783  70
3263  70
5400  70
5541  70
4011  70
58351  57
127132  57
152091  70
3698  70
435  70
4799  70
84152  70
3401  70
2858  70
3174  70
7076  70
106542  57
6218  70
2860  70
1283  70
3618  70
2616  70
90439  70
2404  70
4660  57
2530  70
26386  57
4327  70
3030  70
71464  70
32  70
91529  70
4158  70
99114  70
98585  70
93326  70
2268  70
80489  70
130576  70
105504  70
2791  70
50601  70
7007  70
4234  70
3623  70
80727  70
78467  70
8641  70
4128  70
106782  70
2537  70
112138  70
3247  70
112818  70
2027  70
3101  70
5779  57
82202  70
1704  70
98296  57
6863  70
89305  70
4203  70
1201  70
6212  70
637  70
84954  70
6814  57
94864  70
67695  70
159077  57
92439  70
6812  70
3156  70
802  70
118354  57
134130  70
138036  70
65135  57
52975  70
4368  70
90717  70
45722  70
79259  57
68157  70
4233  70
74458  70
3258  70
1262  70
3949  70
101025  70
69526  70
1831  70
1083  70
1884  70
1476  70
156609  70
3755  70
111659  70
4734  70
161  70
95201  57
135887  70
2598  70
87232  70
4634  70
5334  70
5459  70
146730  57
72694  57
157432  57
132488  57
4558  70
1375  70
6424  57
71518  70
2716  70
94780  70
3593  70
129354  70
158  70
1409  70
6514  57
2881  70
51662  70
90522  70
68554  70
2126  70
122932  57
93510  70
137857  70
125916  70
2953  70
2090  70
1760  70
480  70
58803  70
2109  70
50792  70
46062  70
85510  70
80864  57
112171  70
122900  70
2587  70
1527  70
117529  70
4993  70
92264  70
5247  70
533  70
912  70
26464  57
2249  70
4678  70
103772  70
114601  70
96861  70
420  70
59615  70
2349  70
109372  70
95207  70
348  70
19  70
136020  70
4502  70
91094  70
138208  70
3511  70
79428  70
2643  70
109183  57
2139  70
4212  57
5942  70
96417  70
112852  70
99728  70
89470  70
142448  70
64983  70
2640  70
2046  70
4881  70
3882  70
3744  70
1032  70
116799  70
5  70
4040  70
157407  57
2115  70
1617  70
4367  70
105254  70
3388  70
3760  70
2146  70
2968  70
6281  70
466  70
96448  70
86332  70
64969  70
115170  57
1036  70
3397  70
2474  70
1408  70
155743  57
106920  70
8542  70
120466  70
2051  70
7143  70
7150  70
89087  70
34150  70
2253  70
2973  70
449|8
1917  70
2502  70
4034  70
1222  70
2770  70
762  70
2011  70
2324  70
450|11
3977  70
589  70
110  70
3363  70
3535  70
3948  70
3409  70
1035  70
3568  80
358  70
1259  70
451|7
733  70
593  70
7  70
5  70
494  70
25  70
17  70
452|20
4025  70
2858  70
2617  70
5292  70
1206  70
1676  70
3219  70
47  70
3101  70
163  70
1092  70
1917  70
2126  70
1356  70
552  70
2628  70
1200  70
608  70
2707  70
3273  70
453|20
208  70
858  70
2335  70
4022  70
3618  70
1617  70
3452  70
1357  70
112  70
2671  70
1884  70
1894  70
2294  70
318  70
1614  70
3534  70
2959  70
798  70
5266  70
780  70
454|9
7361  70
2692  70
7116  70
55820  70
6016  70
27773  70
2160  70
2858  70
26131  70
455|12
272  70
432  70
367  70
590  70
253  70
364  70
555  70
252  70
110  70
225  70
588  70
597  70
456|9
1407  70
634  70
135  70
5  70
724  70
780  70
733  70
260  70
706  75
457|10
329  70
3593  70
2692  70
1356  70
223  70
2394  70
2701  70
3608  70
733  70
2094  70
458|12
597  70
185  70
10  70
380  70
95  70
454  70
300  70
595  70
153  70
587  70
150  70
552  70
459|6
79132  70
5618  70
8961  70
48780  70
50872  70
260  70
460|17
89039  84
4886  70
4703  70
3831  70
1441  70
4878  70
3483  70
8970  70
1  70
49272  70
40815  70
85414  70
68237  70
76093  70
47610  70
63082  70
2571  70
461|6
74458  70
2762  70
1036  70
91500  70
3578  70
539  70
462|20
26838  68
89090  68
164655  68
188189  68
1136  70
1219  70
158966  70
1248  70
508  70
1653  70
1674  70
8917  70
8620  70
3424  70
2146  70
7044  70
3814  70
1213  70
82857  68
26131  70
463|7
6377  70
2028  70
4310  70
3753  70
2006  70
1092  70
5995  70
464|20
1370  70
58025  70
63853  70
296  70
2019  70
3527  70
5254  70
7007  70
1101  70
1779  70
377  70
1653  70
55820  70
648  70
33493  70
1610  70
65088  70
74727  70
1617  70
62374  70
465|20
2941  70
2987  70
1200  70
3448  70
5060  70
1299  70
3703  70
3649  70
1625  70
292  70
904  70
3101  70
1754  70
750  70
1256  70
593  70
3732  70
3740  70
3334  70
377  70
466|20
5418  70
30793  70
79091  70
92259  70
5989  70
5459  70
318  70
63082  70
59784  70
5010  70
74458  70
6281  70
5952  70
8529  70
64716  70
68954  70
4993  70
45447  70
81845  70
55247  70
467|22
41  83
58  83
389  76
466  83
527  83
593  83
780  83
1183  83
1233  83
1357  83
1365  83
1408  83
1721  83
2028  83
2125  83
2324  83
2334  83
2384  83
2390  83
2393  83
2394  83
2493  76
468|7
592  70
349  70
1  70
317  70
296  70
32  70
165  70
469|20
3658  74
3832  74
3507  70
3032  70
2736  70
2132  70
1958  70
910  70
1090  70
1485  70
1388  70
2321  70
1234  70
2081  70
1193  70
36  70
2908  70
909  70
2023  70
3255  70
470|16
253  70
318  70
110  70
588  70
282  70
5  70
597  70
32  70
595  70
592  70
500  70
26  70
356  70
357  70
434  70
300  70
471|6
2571  70
8874  70
527  70
1  70
8360  70
7147  70
472|6
58559  70
3450  70
3298  70
2840  70
1221  70
858  70
473|8
4979  70
2959  70
60  70
7147  70
6281  70
3897  70
48322  70
2596  70
474|422
638  68
2179  68
2697  68
4046  68
5114  68
5311  68
5353  68
5455  68
5601  68
6201  68
6273  68
6382  68
6407  68
6592  68
6912  68
7702  68
7826  68
7832  68
7839  68
8057  68
8446  68
8458  68
8459  68
8611  68
8650  68
8774  68
8938  68
1466  70
6708  70
2940  70
2616  70
2334  70
7139  70
4218  68
371  70
750  70
2935  70
8645  70
5481  70
6370  70
25865  68
2553  70
912  70
2467  70
5548  70
7301  70
52967  70
5945  70
480  70
1983  70
3462  70
1068  68
8600  70
6650  70
8482  68
6791  70
4016  70
1784  70
3668  70
3977  70
8961  70
4160  70
30820  70
6984  68
2750  70
5034  70
7716  68
2612  68
4419  70
1300  70
4187  70
1187  70
6565  70
272  70
5440  68
25937  70
1099  70
3125  68
5826  68
5649  68
7256  70
4912  70
6016  70
1208  70
2083  70
3385  70
2310  70
3360  70
3163  70
1413  70
4081  70
1643  70
968  70
2116  70
26965  70
5954  70
1263  70
5116  68
3536  70
8778  70
63433  70
2952  70
318  70
3394  70
1200  70
3384  70
4356  70
932  70
7698  70
516  70
4873  70
48385  70
39869  70
1902  68
2641  70
7036  70
2181  70
4638  70
31116  70
2455  70
2146  70
628  70
3897  70
1030  70
4022  70
344  70
3196  70
92  70
237  70
6770  70
3259  70
3368  70
26151  70
1293  70
34072  70
3044  70
1639  70
5944  70
6539  70
477  70
7361  70
55687  68
58  70
4014  70
3467  70
8154  70
4191  70
2134  70
4644  70
4293  70
5013  70
1399  70
1196  70
2918  70
5899  70
4465  70
100  70
361  70
3341  70
8921  68
195  70
3789  68
4709  70
1588  70
3468  70
4678  70
2723  70
2118  70
1939  70
7019  70
3147  70
1792  70
33903  70
1682  70
41566  70
1693  70
1957  70
5021  70
2313  70
3870  68
948  70
47099  70
3447  70
6614  70
216  70
5619  70
3987  70
5060  70
3111  70
45950  70
32584  70
5525  68
2567  70
5956  70
7  70
1172  70
3217  70
8331  68
587  70
5238  70
1189  70
2416  70
832  70
3095  70
7386  70
1223  70
7058  68
5246  70
5418  70
27803  70
26  70
4002  70
1135  70
45  70
6945  70
2411  70
2520  68
7347  70
5375  68
5673  70
3039  70
7833  68
33781  70
720  70
2103  70
33154  70
608  70
1327  70
101  70
7061  68
5451  70
5682  70
5434  70
6609  68
31658  70
4578  70
2009  70
4704  68
7572  68
4929  70
3306  70
6334  70
5379  70
5437  70
42418  70
4128  70
7451  70
2786  70
2243  70
27846  70
6197  70
3264  70
3608  70
5603  70
6124  70
1222  70
1663  70
3566  70
3755  70
2628  70
4815  70
2089  70
7102  70
27706  70
7013  70
1348  70
45666  70
5755  70
4055  70
2058  70
4462  70
1544  70
2405  70
4998  68
273  70
1977  70
1732  70
7822  68
7073  68
41527  70
4787  70
1676  70
3708  70
6669  70
317  70
25940  68
971  70
7366  70
3115  70
7026  70
2710  70
50685  70
2114  70
3809  70
3516  70
2770  70
535  70
4878  70
5992  70
41997  70
1083  70
4487  70
7293  70
1016  70
2006  70
1007  70
4993  70
3412  70
5007  68
3929  70
6639  70
8712  68
1876  70
3546  68
34359  68
7579  70
7325  70
6837  68
2634  70
7753  70
8943  70
8385  68
4308  70
3246  70
3745  70
1148  70
42002  70
50740  70
3952  70
1927  70
7581  70
910  70
3948  70
54881  70
1284  70
4007  70
5341  70
3675  70
52975  70
6244  70
965  70
454  70
1247  70
7215  70
1282  70
8207  70
6242  70
6502  70
4509  70
3528  70
2391  70
4262  70
4039  70
42018  70
3271  70
976  68
48394  70
5384  68
5168  68
1358  70
6534  70
8773  68
2384  70
48780  70
1269  70
4600  70
2642  70
111  70
933  70
3578  70
5297  70
944  70
6020  68
2123  70
748  70
4896  70
5380  70
53953  70
3712  70
25996  68
1997  70
4464  70
4085  70
51540  70
2707  70
2069  70
6710  70
1488  70
6378  70
928  70
3038  70
7116  70
44511  68
594  70
1962  70
421  70
4316  70
2761  70
4823  70
892  70
1345  70
5294  70
1408  70
6579  70
3272  70
3421  70
3844  70
6787  70
37736  70
2249  70
1610  70
2468  70
3498  70
4902  70
6268  70
5225  70
5404  70
929  68
25999  68
7835  68
805  70
4126  70
475|20
6539  70
4993  70
87232  70
40815  70
5816  70
8644  70
81564  70
4701  70
81834  70
6564  70
68791  70
111759  70
7153  70
1527  70
71530  70
4896  70
106487  70
112852  70
3578  70
82461  70
476|14
594  70
34  70
380  70
158  70
153  70
586  70
440  70
364  70
378  70
357  70
224  70
165  70
296  70
11  70
477|20
34  70
913  70
3100  70
2105  70
1271  70
1207  70
70687  70
2174  70
45672  70
4571  70
3973  70
4226  70
1103  70
5291  70
348  70
3593  70
1  70
1274  70
6502  70
59615  70
478|5
1917  70
3114  70
594  70
1584  70
1101  70
479|20
5365  65
4488  70
524  70
1025  70
3707  70
1220  70
4010  70
3244  70
3526  70
4092  70
1968  70
4700  70
4003  70
3671  70
2671  70
341  65
2012  70
2542  70
454  70
2384  70
480|20
43914  65
2700  70
8533  70
2193  70
2797  70
3484  70
2571  70
1210  70
2596  70
8866  70
47610  70
6306  70
5379  70
2018  70
7153  70
3911  70
44191  70
38061  70
5673  70
380  70
481|7
1608  70
1687  70
1629  70
1729  70
1620  70
1597  70
1485  70
482|20
2068  70
8985  70
1036  70
474  70
1042  70
4389  70
780  70
27706  70
3211  70
1610  70
4367  70
1374  70
1220  70
1602  70
653  70
592  70
30812  70
4862  70
8361  70
8529  70
483|20
105325  72
783  70
2541  70
2959  70
109971  72
45722  70
1199  70
50872  70
2000  70
4306  70
69757  70
2683  70
2273  70
1588  70
109487  70
66934  70
1721  70
2328  70
68522  72
8972  70
484|20
93320  76
1438  70
6155  70
6944  70
2706  70
33166  70
6874  70
3697  70
1059  70
76293  70
919  70
2762  70
1821  70
837  70
5810  70
1753  70
3254  70
4718  70
2413  70
3646  70
485|5
588  70
161  70
253  70
292  70
231  70
486|12
653  70
47  70
110  70
153  70
474  70
95  70
288  70
329  70
161  70
318  70
292  70
6  70
487|12
27611  70
8961  70
318  70
1198  70
31658  70
1197  70
6539  70
5445  70
116797  70
4027  70
8874  70
86377  70
488|20
720  70
838  70
608  70
1223  70
26  70
5135  70
2109  70
7720  70
7303  70
4014  70
5995  70
457  70
105  70
1136  70
272  70
1269  70
3176  70
1278  70
1125  70
910  70
489|20
79536  61
86000  61
4848  70
736  70
8387  70
4700  70
45666  70
4720  70
2683  70
2021  70
2389  70
1619  70
950  70
58559  70
2236  70
2167  70
1616  70
247  70
376  70
2717  70
490|20
46578  70
89492  70
81591  70
91077  70
60074  70
5816  70
4144  70
54001  70
1  70
1784  70
7153  70
4993  70
89759  70
86320  70
60128  70
76251  70
8368  70
69122  70
2006  70
78499  70
491|13
106782  70
69757  70
7293  70
27808  70
4246  70
3948  70
104374  70
86833  70
140110  70
8529  70
180231  84
4306  70
88405  70
492|20
736  70
784  70
628  70
858  70
852  70
64  70
990  70
830  70
743  70
62  70
52  70
1499  70
66  70
1210  70
881  70
1474  70
1405  70
724  70
1047  70
65  70
493|13
2985  70
4444  70
2916  70
1275  70
2571  70
1527  70
2028  70
3793  70
2167  70
1215  70
4701  70
2924  70
260  70
494|5
1196  70
4498  70
3578  70
2028  70
1210  70
495|20
140523  80
115149  70
1259  70
1721  70
136562  70
80489  70
19  70
50872  70
231  70
102123  70
52319  70
7254  70
7360  70
8528  70
1645  70
46578  70
30810  70
2918  70
148626  70
56775  70
496|6
1221  70
99149  70
858  70
904  70
8865  70
114713  70
497|11
1193  70
112556  70
112290  70
1916  70
92259  70
2329  70
112552  70
1258  70
2762  70
5349  70
111362  70
498|7
344  70
231  70
648  70
10  70
300  70
356  70
316  70
499|6
1202  70
2337  70
38304  70
327  70
56286  70
1304  70
500|18
2599  70
2987  70
543  70
2700  70
2542  70
1265  70
2916  70
356  70
3301  70
1784  70
1914  70
595  70
2355  70
3536  70
1885  70
322  70
838  70
720  70
501|9
6  70
62  70
93  70
45  70
3  70
637  70
11  70
18  70
662  70
502|7
7236  70
1077  70
4412  70
3469  70
2001  70
2520  72
1777  70
503|19
7455  67
7361  70
4878  70
356  70
91500  70
593  70
527  70
858  70
4226  70
1259  70
1342  70
2877  70
92509  70
90866  70
500  70
441  70
48516  70
2858  70
48394  70
504|18
4995  70
5812  70
2321  70
1  70
3556  70
7153  70
6708  70
1288  70
6927  76
4033  70
4700  70
6565  70
342  70
3408  70
6879  70
4361  70
5952  70
5955  70
505|7
1241  70
4105  70
1029  70
74685  70
273  70
6502  70
54999  70
506|9
59258  70
54272  70
37741  70
56782  70
62293  70
51834  70
49286  70
112556  70
61024  70
507|5
165  70
266  70
253  70
377  70
593  70
508|5
2872  70
2011  70
1952  70
1175  70
898  70
509|20
26958  64
130073  64
2028  70
87232  70
33830  70
5313  70
48  70
2090  70
2080  70
6942  70
8907  70
6156  70
5816  70
39  70
3988  70
6807  70
7458  70
1196  70
45447  70
616  70
510|20
1882  70
7026  70
35836  70
494  70
1198  70
514  70
457  70
2935  70
858  70
2699  70
317  70
8949  70
2918  70
145  70
1262  70
6787  70
1208  70
372  70
1242  70
40819  70
511|11
2959  70
53953  70
115149  70
164179  70
6534  70
99114  70
92259  70
318  70
2324  70
1653  70
56757  70
512|10
480  70
150  70
349  70
47  70
350  70
442  70
457  70
50  70
317  70
593  70
513|7
5952  70
318  70
2174  70
235  70
1304  70
1220  70
1080  70
514|20
1335  66
5704  66
62586  66
168358  66
180263  66
1704  70
2005  70
2792  70
2013  70
1673  70
134130  70
76093  70
1333  70
58998  70
68157  70
2406  70
3210  70
54503  70
4855  70
1644  70
515|6
33794  70
2028  70
527  70
91529  70
58559  70
2959  70
516|26
260  83
457  83
480  83
647  83
708  83
1042  83
1090  83
1197  83
1198  83
1954  83
1958  83
2021  83
2259  83
2268  83
3052  83
3471  83
4027  83
4291  83
4306  83
4321  83
4322  83
4333  83
4337  76
4349  83
4361  83
4429  83
517|20
4306  70
53125  70
1265  70
165489  48
97938  70
88744  70
86880  70
4148  70
26761  48
3398  70
1293  70
3988  70
2858  70
4963  70
1204  70
1704  70
47629  70
7669  70
1206  70
46578  70
518|5
3101  70
2657  70
783  70
1876  70
6365  70
519|6
1704  70
356  70
140110  70
6378  70
7445  70
1968  70
520|20
7266  78
318  70
1049  70
59315  70
4995  70
32  70
2716  70
4333  70
1291  70
1732  70
4085  70
2723  70
3081  70
3994  70
33493  70
135  70
2393  70
60516  70
2406  70
1584  70
521|8
661  70
112  70
86  70
104  70
58  70
79  70
52  70
852  70
522|20
99114  70
81932  70
89492  70
63113  70
2959  70
1193  70
1375  70
4993  70
223  70
27611  70
76060  70
180  70
59315  70
1617  70
10  70
67255  70
2023  70
6187  70
318  70
127098  70
523|15
168252  70
8970  70
5989  70
318  70
91529  70
1721  70
293  70
65261  70
4270  70
3147  70
27731  70
134130  70
31696  70
527  70
101962  70
524|20
1356  70
150  70
552  70
748  70
344  70
442  70
253  70
1225  70
20  70
589  70
1242  70
544  70
173  70
1302  70
380  70
457  70
1020  70
788  70
193  70
466  70
525|20
120807  71
317  70
6863  70
8622  70
33004  70
7147  70
2396  70
40815  70
137337  70
1639  70
1968  70
91869  71
45880  70
2100  70
339  70
4886  70
50872  70
86332  70
8983  70
3996  70
526|12
593  70
55247  70
46578  70
176415  83
1295  70
90430  70
4014  70
2352  70
176413  83
215  70
81845  70
51255  70
527|20
2137  70
3114  70
3210  70
3016  70
2161  70
4571  70
2118  70
3421  70
455  70
2867  70
2450  70
1909  70
1214  70
4299  70
736  70
2477  70
588  70
4016  70
1259  70
2533  70
528|15
4886  70
2278  70
80906  70
4037  70
1240  70
64614  70
3821  70
150  70
1291  70
80463  70
593  70
99813  70
85342  70
48516  70
58559  70
529|5
653  70
135  70
65  70
62  70
733  70
530|6
292  70
500  70
300  70
586  70
593  70
11  70
531|5
593  70
590  70
919  70
480  70
1215  70
532|10
1721  70
4863  70
457  70
290  70
1245  70
1242  70
2023  70
2329  70
1304  70
517  70
533|8
1200  70
6502  70
79132  70
46578  70
93840  70
4973  70
2455  70
66934  70
534|20
116724  76
97913  70
94953  70
2003  70
2167  70
7569  70
153  70
1485  70
65514  70
104218  70
344  70
2571  70
5445  70
95875  70
112818  70
82461  70
96610  70
2987  70
138036  70
1566  70
535|6
2571  70
2581  70
2700  70
2688  70
2583  70
2882  70
536|8
232  70
272  70
356  70
335  65
225  70
150  70
434  70
589  70
537|10
80906  70
367  70
7153  70
53322  70
104218  70
97304  70
6539  70
318  70
89745  70
105504  70
538|8
595  70
3671  70
80549  70
4039  70
69757  70
5047  70
44889  89
66934  70
539|8
4306  70
6753  70
5218  70
50872  70
88  70
3301  70
4886  70
69122  70
540|9
2598  70
2959  70
1073  70
8874  70
1681  70
2183  70
2841  70
2747  70
1196  70
541|18
590  70
457  70
413  70
15  70
110  70
595  70
597  70
480  70
356  70
203  70
529  70
357  70
22  70
345  70
546  70
586  70
281  70
350  70
542|20
6539  70
30793  70
5299  70
2542  70
34319  70
33679  70
4963  70
5481  70
1997  70
4025  70
3623  70
924  70
4369  70
6378  70
2571  70
7254  70
41566  70
37733  70
7361  70
45517  70
543|16
73881  70
1702  70
595  70
3301  70
231  70
2378  70
2379  70
86882  70
6377  70
588  70
377  70
48385  70
2571  70
4526  70
4388  70
92259  70
544|22
1  83
3  83
14  83
32  83
40  83
62  83
68  83
95  83
116  83
619  83
626  76
648  83
650  83
694  83
736  83
780  83
839  83
1042  83
1047  83
1059  83
1105  83
1356  83
545|5
1438  70
1267  70
2763  70
1367  70
44  70
546|13
1270  70
3328  70
480  70
1970  70
2456  70
1976  70
589  70
2657  70
1673  70
3941  67
3959  70
3566  70
1977  70
547|5
1211  70
2859  70
2917  70
1394  70
1288  70
548|26
69  83
260  83
356  83
733  83
1196  83
1393  83
1477  76
1621  83
2571  83
2716  83
3263  83
3578  83
3916  83
4776  83
4899  83
5955  83
6874  83
7458  83
8531  83
49910  83
58559  83
74532  83
80862  83
122904  83
125916  83
168712  76
549|5
2571  70
2028  70
4226  70
1210  70
589  70
550|6
167296  85
102125  70
106782  70
116797  70
112852  70
122882  70
551|20
5010  70
34162  70
60069  70
1544  70
45186  70
103772  70
51935  70
4226  70
2353  70
7153  70
5989  70
135569  70
115149  70
88129  70
134130  70
6934  70
47  70
4701  70
2959  70
98809  70
552|20
2916  70
3317  70
1405  70
2953  70
2245  70
2944  70
2890  70
2125  70
508  70
3948  70
5349  70
2959  70
2857  70
173  70
2991  70
2871  70
2628  70
4308  70
4878  70
3101  70
553|17
55765  70
3481  70
1923  70
2571  70
4011  70
50  70
3949  70
1089  70
44199  70
5513  86
2231  70
2395  70
3052  70
61257  86
1221  70
33166  70
2959  70
554|18
1196  70
1022  70
2820  80
1207  70
1517  70
1282  70
1210  70
1760  70
2282  70
1225  70
907  70
1358  70
2096  70
1028  70
593  70
608  70
953  70
2324  70
555|20
790  69
3664  69
1  70
3111  70
3395  70
104  70
1334  70
2506  70
2072  70
4002  70
1266  70
2641  70
2256  70
2791  70
2701  70
1333  70
1320  70
337  70
1393  70
3526  70
556|7
162600  70
122890  70
3081  70
88125  70
588  70
72998  70
74789  70
557|6
648  70
231  70
1291  70
260  70
1210  70
150  70
558|12
5329  70
5064  70
4903  70
2297  70
2568  70
4993  70
4306  70
367  70
5283  70
1097  70
4164  70
5294  70
559|20
552  70
608  70
355  70
329  70
544  70
1527  70
173  70
377  70
745  70
174  70
529  70
350  70
349  70
533  70
836  70
1210  70
420  70
786  70
227  70
253  70
560|20
5839  71
91535  70
136018  70
67997  70
79132  70
3253  70
142558  71
2355  70
39435  70
1527  70
40414  70
64614  70
48744  70
56587  70
593  70
76251  70
84944  70
109313  71
5878  70
40819  70
561|20
168174  67
5308  70
78469  70
3703  70
60069  70
91535  70
2105  70
73017  70
5445  70
2000  70
83134  70
79132  70
79592  70
80463  70
89745  70
527  70
8972  70
353  70
33162  70
68157  70
562|20
27140  82
6870  70
6377  70
2580  70
1249  70
4776  70
36529  70
1259  70
1982  70
2268  70
2133  70
83134  70
3210  70
48394  70
30707  70
33836  70
2692  70
88163  70
99191  82
1240  70
563|20
61071  66
70932  66
80858  66
919  70
74450  70
588  70
5943  70
118997  70
86833  70
1197  70
128832  66
85397  70
45221  70
33499  70
7380  70
96821  70
81784  70
95307  70
65585  70
55250  70
564|20
50942  72
356  70
31685  70
131013  70
61024  70
79224  70
87869  70
500  70
108156  70
81784  70
93270  70
6188  70
106918  70
65230  70
67087  70
80693  70
94677  70
8984  70
73266  70
2671  70
565|6
590  70
231  70
19  70
21  70
50  70
539  70
566|15
648  70
10  70
231  70
329  70
342  70
141  70
203  70
345  70
39  70
497  70
265  70
588  70
708  70
353  70
2  70
567|20
8189  45
26743  45
92681  45
109897  45
152071  45
5690  70
136602  70
122888  45
6333  70
1274  70
122922  70
153070  45
151687  45
117877  45
108928  70
954  70
122924  70
27773  70
648  70
135887  70
568|23
50  83
147  83
296  83
356  83
480  83
593  83
765  83
1103  83
1104  83
1257  83
1298  83
1895  83
2313  83
2359  83
2863  83
3053  83
3148  83
3261  83
3363  83
8169  83
46723  83
63853  83
65088  83
569|5
231  70
50  70
380  70
588  70
592  70
570|20
208  70
8636  70
48516  70
1225  70
586  70
2683  70
457  70
1196  70
110  70
4993  70
7361  70
1198  70
1079  70
10  70
3793  70
1391  70
589  70
380  70
527  70
185  70
571|20
1331  51
2982  51
2366  70
1128  70
610  70
2902  70
1998  70
3696  70
1980  51
1987  51
70  70
1924  70
2279  70
1327  70
3732  70
1972  70
1278  70
1644  70
2327  70
1978  70
572|20
1961  70
2570  70
2788  70
2321  70
111  70
904  70
2987  70
2302  70
1834  70
2539  70
2917  70
1307  70
1  70
161  70
3421  70
838  70
1356  70
2006  70
3167  70
1953  70
573|20
89745  70
72998  70
3752  70
356  70
7293  70
6754  70
8665  70
32587  70
1073  70
88744  70
1127  70
68954  70
98809  70
2640  70
48516  70
71535  70
59369  70
60069  70
88140  70
1562  70
574|23
47  83
110  83
150  83
153  83
161  83
185  83
225  83
231  83
292  83
296  83
300  83
316  83
318  83
329  83
339  83
344  83
380  83
410  83
434  83
588  83
592  83
593  83
595  83
575|8
2566  70
2580  70
296  70
2581  70
2572  70
2542  70
2574  70
2598  70
576|5
849  70
1321  70
1373  70
1479  70
2289  70
577|20
2415  71
1183  70
1288  70
1129  70
2944  70
2194  70
733  70
1213  70
2076  70
2020  70
1262  70
1931  70
1391  70
2987  70
952  70
1909  70
260  70
919  70
2248  70
1270  70
578|6
6751  81
52668  70
45668  70
830  70
72407  70
75446  81
579|15
3174  70
2485  70
1022  70
2018  70
838  70
1917  70
1391  70
596  70
1573  70
2965  79
1653  70
2599  70
892  70
2687  70
595  70
580|20
5767  71
6583  71
480  70
8844  71
6989  70
3809  70
41569  70
3699  70
4041  70
33166  70
356  70
508  70
8376  70
3578  70
608  70
3785  70
3089  70
1320  70
54286  70
1201  70
581|8
7153  70
5995  70
4973  70
116797  70
3949  70
4306  70
109487  70
6377  70
582|12
91529  70
2959  70
116797  70
4993  70
5618  70
2571  70
76251  70
69844  70
104841  70
48516  70
97752  70
76093  70
583|12
8533  70
88405  70
2706  70
117590  70
317  70
60756  70
6942  70
595  70
46578  70
104  70
2694  70
7451  70
584|17
288  70
22  70
203  70
315  70
500  70
316  70
539  70
234  70
296  70
257  70
434  70
586  70
338  70
349  70
282  70
480  70
590  70
585|13
3173  70
1228  70
54503  70
2959  70
428  70
1405  70
7254  70
441  70
1805  70
296  70
27373  87
5325  70
79132  70
586|20
34332  70
4016  70
111659  70
106002  70
149406  70
167036  70
45499  70
136556  87
5445  70
117851  70
1291  70
71264  70
106489  70
135436  70
3753  70
2640  70
3147  70
122916  70
3793  70
101362  70
587|20
1234  70
628  70
2012  70
534  70
2002  70
1641  70
236  70
1376  70
2622  70
1541  70
3260  70
497  70
3082  70
445  70
3448  70
2574  70
765  70
691  70
329  70
3406  70
588|12
50  70
16  70
20  70
356  70
350  70
198  70
593  70
364  70
163  70
253  70
223  70
3  70
589|8
1092  70
318  70
590  70
373  70
586  70
587  70
527  70
337  70
590|20
924  70
8807  70
2371  70
38061  70
81834  70
40815  70
4890  70
903  70
5  70
3624  70
555  70
4047  70
51662  70
2085  70
419  70
595  70
329  70
2376  70
3635  70
2398  70
591|11
2908  70
2706  70
2712  70
2355  70
3615  70
3578  70
2394  70
3798  70
356  70
223  70
2724  70
592|19
514  70
2  70
153  70
415  70
110  70
177  70
420  70
380  70
44  70
788  70
588  70
163  70
204  70
610  70
39  70
419  70
253  70
432  70
240  70
593|20
1196  70
1073  70
1086  70
1617  70
4034  70
41566  70
1197  70
344  70
8368  70
339  70
2959  70
8961  70
5816  70
2797  70
4896  70
588  70
595  70
5952  70
377  70
141  70
594|20
7031  80
2671  70
7115  70
1616  70
5943  70
1188  70
2269  70
1733  70
4902  70
6996  70
780  70
1429  70
6140  70
7046  70
39  70
595  70
799  70
2028  70
8482  80
7169  70
595|5
265  70
50  70
1186  70
1199  70
1966  70
596|20
33649  70
43744  70
182793  70
129397  70
128908  70
1  70
142488  70
122922  70
4310  70
71838  70
4025  70
2501  70
110102  70
149406  70
2774  70
5502  70
8665  70
6537  70
2571  70
345  70
597|20
1799  70
490  70
3040  70
2529  70
2858  70
903  70
3039  70
2000  70
1291  70
357  70
1228  70
1845  70
2411  70
1580  70
1148  70
1198  70
2723  70
485  70
592  70
2692  70
598|5
56367  70
8360  70
593  70
114265  79
103543  70
599|496
26142  53
26567  53
26590  53
26676  53
26854  53
27595  53
34800  53
53450  53
60803  53
69131  53
74696  53
79895  53
84523  53
87960  53
92674  53
98799  53
102735  53
102852  53
104017  53
105020  53
122433  53
157865  53
158874  53
160978  53
161044  53
174727  53
179053  53
1801  70
6035  70
3387  70
33437  70
112  70
5995  70
167706  53
4394  53
836  70
7235  70
8809  70
102749  53
89087  70
42011  70
432  70
471  70
5628  70
1015  70
2  70
2269  70
69  70
3947  70
79091  70
104837  53
4037  70
7587  70
6881  70
1449  70
7225  70
81229  70
68952  70
4728  70
5081  70
33966  53
1779  70
3669  53
87197  53
170297  53
79057  70
95965  53
55207  53
4007  70
1220  70
80831  70
46723  70
71282  70
7757  70
3259  70
92309  70
1376  70
7192  70
4654  70
101423  53
53468  70
62662  53
3174  70
3698  70
2882  70
2359  70
1183  70
2792  70
1095  70
8387  70
53125  70
115713  70
2949  70
2471  70
3  70
1231  70
3861  70
240  70
1480  70
2301  70
1445  70
8045  53
586  70
2942  70
1185  70
4594  53
2474  70
3671  70
3196  70
64839  70
98697  53
2606  70
1777  70
5309  70
7022  70
4873  70
541  70
27311  70
43921  70
67734  70
4240  53
5026  70
168  70
33493  70
4125  70
7354  70
207  70
1094  70
742  70
1609  70
1042  70
3362  70
4553  70
4632  70
2278  70
468  70
122904  70
75416  53
42718  70
4285  70
79274  70
1794  53
45081  70
108192  53
3489  70
3503  70
89804  70
163809  53
577  70
3071  70
1204  70
3981  70
95771  53
45382  70
6548  70
59387  70
166528  70
168492  70
6691  53
605  70
424  70
2991  70
248  70
97950  53
3865  70
1216  70
342  70
35836  70
27772  70
176419  70
151781  53
277  70
6320  70
39381  70
5111  53
4090  70
2450  70
2676  70
2356  70
79702  70
1597  70
410  70
1721  70
3702  70
183301  53
1387  70
2072  70
26729  70
2393  70
4247  70
4591  70
1032  70
3087  70
1895  70
634  70
210  70
2074  70
51575  70
3505  70
5247  70
481  70
4215  70
1355  70
2657  70
2028  70
4011  70
420  70
552  70
1196  70
2395  70
5303  70
1752  70
3186  70
4310  70
1784  70
3200  70
7254  70
688  70
473  70
1079  70
1552  70
1148  70
1544  70
63113  70
2325  70
26649  70
6804  53
161  70
4109  70
34332  70
1653  70
4808  70
7707  53
3468  70
502  70
1221  70
1792  70
68319  70
6787  70
2119  70
3884  70
4254  70
3973  70
103609  53
8934  53
5377  70
42632  70
55290  70
4506  70
7840  70
5568  70
1689  70
7005  53
103228  70
59947  53
786  70
4351  70
172253  53
4679  70
1411  70
117630  53
1590  70
112623  70
3146  70
8984  70
1920  70
519  70
179817  70
3979  70
3741  70
44020  70
26630  53
7285  70
3030  70
1021  70
8638  70
87  70
7153  70
2877  70
2018  70
3173  70
5198  53
7101  70
7701  70
3213  70
26159  70
2339  53
33896  70
2000  70
4006  70
136562  70
37382  70
6645  70
171763  70
8528  70
27008  53
4017  70
4167  70
86142  70
1249  70
3255  70
736  70
2779  70
84414  70
27773  70
2083  70
98499  70
4034  70
119828  53
1993  70
94864  70
6631  70
2321  70
26242  70
3703  70
41566  70
2529  70
1968  70
8914  70
3257  70
159403  53
1036  70
76093  70
5103  70
6947  70
1952  70
2124  70
4084  70
6016  70
778  70
81  70
2171  70
1253  70
4275  70
7982  70
3723  70
849  70
2681  70
6565  70
39414  70
122916  70
6440  70
8917  70
72011  70
1605  70
1240  70
923  70
68157  70
5961  53
5053  53
3571  70
2403  70
3871  70
44238  53
72226  70
7004  70
2054  70
62970  70
5159  70
354  70
122924  70
48774  70
1394  70
3763  70
70286  70
1904  70
3969  70
81562  70
102590  53
233  70
4155  70
1031  70
76  70
459  70
1097  70
1178  70
60291  70
3328  70
1232  70
3036  70
5283  70
4327  70
610  70
2726  70
4732  70
5970  70
2396  70
594  70
1247  70
45499  70
3476  70
2399  70
137218  53
1997  70
3271  70
27801  70
6365  70
1799  70
580  70
122900  70
2803  70
80219  70
466  70
110882  70
3997  70
26176  53
2378  70
117895  70
26662  70
90603  70
119218  53
44  70
809  70
1960  70
4519  70
1959  70
414  70
1073  70
61236  70
1479  70
4019  70
1245  70
37857  70
161032  53
371  70
3020  70
88593  53
6774  70
2005  70
90405  70
26285  53
6793  70
627  70
1617  70
6734  70
108090  53
2427  70
51024  70
122922  70
3440  70
6874  70
4919  70
338  70
81591  70
1704  70
1499  70
357  70
62155  70
144  70
34148  70
53519  70
4504  53
2796  70
216  70
6827  70
1429  70
7445  70
1385  70
90471  70
8425  53
10  70
26542  70
7387  70
72998  70
89470  70
3629  70
1297  70
3424  70
1672  70
44761  70
196  70
70703  53
2383  70
180  70
4040  70
6333  70
4440  70
5291  70
88235  70
1639  70
4580  70
153236  53
86190  70
4477  70
103027  53
32291  70
34811  53
5171  70
122260  53
8784  70
5954  70
8798  70
707  70
880  70
314  70
61323  70
600|20
3269  70
1394  70
3785  70
2717  70
5569  70
4306  70
1206  70
56775  70
2015  70
7  70
2013  70
262  70
1210  70
1060  70
2431  70
2077  70
2423  70
4641  70
527  70
5076  70
601|20
141846  88
68157  70
1262  70
106782  70
60069  70
49272  70
5445  70
1193  70
1207  70
79132  70
904  70
166024  70
1917  70
7153  70
2324  70
170697  70
31658  70
5989  70
88810  70
2571  70
602|20
161  70
19  70
350  70
494  70
14  70
471  70
125  70
434  70
235  70
481  70
315  70
371  70
474  70
527  70
21  70
349  70
440  70
339  70
480  70
163  70
603|20
602  70
803  70
2008  70
2577  70
3459  70
4787  70
2912  70
1769  70
485  70
4420  70
920  70
1  70
2706  70
1844  70
3787  70
1222  70
190  70
2716  70
3983  70
101  70
604|20
220  70
292  70
151  70
329  70
410  70
426  70
435  70
316  70
22  70
235  70
181  70
332  70
273  70
637  70
285  70
173  70
588  70
23  70
553  70
1  70
605|20
35347  64
6787  70
1197  70
5667  64
42738  70
51662  70
7373  70
596  70
780  70
4571  70
2316  70
7454  70
150  70
60040  70
8977  70
3269  70
72982  64
1210  70
62376  70
60937  70
606|20
263  73
563  73
583  73
3808  73
4671  73
4840  73
5856  73
6111  73
6573  73
8685  73
32728  73
55805  73
3147  70
4392  70
2311  70
6308  70
50842  70
6591  70
8270  70
2025  70
607|20
891  70
1610  70
448  70
3147  70
1094  70
1307  70
592  70
204  70
1552  70
527  70
3476  70
296  70
2313  70
3440  70
423  70
1518  70
2118  70
2193  70
380  70
2028  70
608|20
52245  70
2997  70
3793  70
2763  70
174  70
2000  70
1214  70
919  70
2700  70
4161  70
5146  70
1639  70
541  70
473  70
2529  70
522  70
4343  70
1909  70
2431  70
1220  70
609|8
296  70
833  70
356  70
339  70
454  70
318  70
208  70
292  70
610|20
5953  74
58975  74
70206  74
78626  74
82765  74
97988  74
107447  74
107462  74
110591  74
110746  74
118082  74
139655  74
160341  74
86644  70
56801  70
61024  70
77561  70
4816  70
62434  70
3972  70
