1|20
260  88
1927  86
804  88
3  83
1009  88
2406  89
1587  91
3671  93
2617  86
3053  82
2571  91
1222  94
2137  89
1377  88
2395  90
2761  96
2641  87
2872  91
1258  91
2700  94
2|6
333  78
122882  77
71535  77
46970  79
58559  77
80489  76
3|8
5764  42
647  32
6835  42
5919  52
2851  34
2288  40
5048  28
4518  49
4|20
106  71
1291  74
3408  64
265  60
52  70
4347  78
2467  69
908  81
345  70
1304  83
1923  70
2959  65
368  59
1219  80
4765  73
1199  70
4166  79
1732  73
21  63
2858  67
5|9
515  70
1  74
364  72
608  73
290  74
261  64
34  67
318  72
21  64
6|20
349  76
318  75
775  70
141  75
348  68
104  78
327  69
410  75
165  76
87  67
366  68
17  79
1084  74
222  76
16  69
416  67
277  83
460  72
867  69
316  76
7|20
8528  60
3623  68
8636  68
8360  74
1517  72
466  70
8373  67
1220  78
7155  58
8808  55
6863  72
31878  77
1610  75
1219  80
4700  63
45668  62
8970  70
27741  67
6333  66
8865  63
8|10
356  75
47  76
231  70
318  74
454  69
292  75
32  74
141  72
380  71
252  70
9|10
5451  63
923  82
5890  84
2901  70
922  76
6044  65
1987  65
5378  78
3735  65
5447  57
10|20
597  59
33679  74
8533  64
8969  71
72720  61
88810  68
136020  64
6377  62
5943  69
109374  70
113394  66
61250  64
82167  71
140110  60
5377  63
77841  66
6942  73
1028  62
72330  66
66203  65
11|13
733  76
1584  82
1210  83
170  65
1438  65
648  76
1918  72
493  76
10  74
457  80
1693  80
150  79
1923  81
12|7
2717  84
2100  82
838  87
2072  82
1876  85
2581  85
6942  88
13|7
3717  78
3624  79
3798  75
2174  80
47  80
3893  77
305  76
14|10
344  68
477  73
110  71
540  71
597  70
153  70
592  69
4  71
539  71
105  73
15|20
91529  59
7438  64
111759  58
2329  77
1  79
1909  85
1240  84
115713  61
1200  85
293  81
2571  79
3949  71
120466  65
1198  82
2028  86
2011  79
158  61
160980  71
4306  74
4022  75
16|20
1230  74
78499  74
913  77
1136  71
1299  74
1617  74
1203  75
3429  77
2858  70
608  72
3683  75
4002  71
1199  75
912  73
2707  71
5782  74
1260  75
319  74
27773  76
2109  71
17|20
260  90
64839  86
296  89
5952  90
527  91
1193  89
3681  83
1240  87
2717  85
2858  93
1093  87
81932  84
5618  89
50  90
5971  86
2959  89
1201  86
541  90
82459  86
1  89
18|20
8117  75
65596  75
88094  75
145283  75
157110  75
166015  75
171023  75
103253  73
60684  76
44199  77
2  64
86628  74
59784  74
2918  81
109374  80
4226  81
53129  76
139385  77
47  78
1291  82
19|20
3692  52
3662  44
54  38
2733  44
1702  47
1240  74
1270  75
3712  48
1881  50
216  50
3  44
1834  58
2184  57
3017  43
2044  48
2354  49
2005  62
3146  50
3387  46
2694  52
20|20
1566  81
5419  63
4014  82
2140  76
586  84
661  78
3189  72
5014  83
1333  89
4161  68
3784  73
1030  79
5313  51
2804  89
2054  84
34  87
1097  83
6358  72
4519  65
1722  64
21|20
107013  65
117922  65
140301  65
57640  68
2985  69
2990  85
2717  69
5418  67
31433  67
112175  74
7153  66
30793  68
4446  70
52973  70
45186  71
2023  63
79185  62
1721  68
102125  73
5459  70
22|20
8961  51
2723  62
60950  41
64575  37
1193  66
70286  50
4993  58
2160  64
39183  50
7147  55
3996  63
3481  65
55765  51
48780  60
7361  56
51540  44
6711  50
2968  67
3949  59
48394  51
23|20
6234  73
3996  71
293  75
1206  77
1136  74
1960  73
7587  76
3424  74
3181  74
2467  74
1248  76
1617  76
6807  74
1952  75
6440  73
1258  73
1243  75
1080  76
8228  73
1711  72
24|20
1784  77
2617  73
111759  73
134853  73
58998  71
1265  76
1198  78
3147  77
1197  78
1220  76
2424  76
5418  77
72011  70
54286  75
27773  75
64957  71
356  77
44191  75
1682  77
68358  73
25|6
58559  97
60069  96
74458  97
79132  97
527  97
260  97
26|21
10  83
34  83
47  83
150  83
153  83
165  83
185  83
208  83
225  83
288  83
296  83
300  83
344  83
349  83
356  83
380  83
434  83
454  83
457  83
592  83
593  83
27|20
1196  71
2478  70
2640  70
3508  76
3555  67
1201  66
3519  69
969  75
2080  77
673  73
2886  77
2529  71
1387  72
1101  74
1947  80
1250  77
1276  76
3114  79
1083  72
3809  71
28|20
27450  60
60943  60
61011  60
63033  60
5617  61
59369  69
60046  60
507  54
3300  58
55094  58
59018  60
26695  60
2951  66
3006  64
2231  57
5418  70
26812  56
2058  58
353  61
61167  60
29|17
98961  83
7379  89
1250  89
1201  85
111362  85
48516  86
1100  83
26554  86
3441  80
4327  88
2872  85
2301  84
1617  86
3681  86
55820  86
4223  86
99114  85
30|7
5952  97
108932  99
1200  95
91529  100
116823  99
112852  99
1198  96
31|10
1198  82
1200  80
648  78
1363  73
1073  78
1036  79
1197  81
377  77
1246  79
1270  80
32|20
236  77
314  77
1356  71
357  80
224  79
627  80
1079  80
1084  78
318  80
761  63
1197  81
849  69
912  82
880  66
1198  83
58  78
203  71
608  77
497  82
410  71
33|20
110  87
17  82
2396  81
2272  83
448  74
428  76
265  80
1280  77
1177  78
1617  81
50  85
261  81
11  80
452  75
345  82
608  85
150  84
1188  79
800  77
2690  79
34|18
780  67
2273  65
3717  70
26606  71
45499  76
3996  74
4310  71
3624  73
31685  72
1721  73
5146  82
7090  80
70  62
2006  68
3000  74
4306  78
27728  74
3997  72
35|5
11  80
185  81
595  81
21  80
300  82
36|12
5171  47
3066  49
552  48
4025  45
1262  53
2735  55
2359  58
1372  48
1278  50
2194  48
3347  54
1704  49
37|5
344  83
356  84
661  84
329  83
457  83
38|16
434  61
39  64
223  63
161  66
246  68
168  62
273  62
480  68
356  72
457  65
364  61
50  71
500  62
300  65
551  61
21  64
39|20
2571  90
2391  92
1921  91
1862  80
1219  88
1907  72
2081  70
2459  78
924  87
2529  79
1729  83
47  90
260  92
2080  69
592  87
296  90
3213  91
610  84
589  86
596  68
40|20
440  80
454  73
588  73
339  71
158  67
432  68
431  72
186  63
616  75
514  66
21  73
592  70
1  75
223  72
585  67
216  67
104  71
371  82
111  75
267  66
41|20
96829  69
64839  74
122882  56
6287  74
1569  57
106920  67
86781  72
3160  77
1721  68
2028  58
6763  67
5418  71
53519  71
122904  58
55247  76
924  58
4011  70
2324  69
35836  70
5995  76
42|20
3869  74
4654  68
1021  66
2423  74
3248  65
4477  73
2500  62
1431  65
195  70
3326  64
2407  71
1090  77
2735  75
3693  75
1020  68
4545  74
4132  65
2263  65
3535  81
2805  69
43|20
225  83
296  85
596  95
588  88
587  87
420  83
158  90
631  98
5  87
597  86
168  86
355  88
47  85
367  85
519  89
594  89
236  84
1  90
60  93
259  87
44|10
36  67
663  69
12  65
661  59
94  69
1  65
104  64
112  68
494  62
889  66
45|20
2718  81
1036  89
2028  93
1653  83
1682  91
2396  80
3249  76
261  74
4308  84
329  83
1367  74
2890  80
593  93
1127  78
2431  68
6377  93
569  62
1197  86
1060  79
2858  94
46|9
590  82
588  79
315  80
208  80
1  83
432  78
225  78
434  80
339  80
47|20
508  64
68932  71
72395  62
2420  55
597  59
148626  58
5989  56
96588  56
69122  51
6155  54
4975  52
30749  67
106100  61
45950  60
2028  59
4018  55
1259  57
6373  60
33166  55
2407  55
48|7
4886  82
1320  82
1527  84
1193  82
3793  82
48  84
1653  82
49|5
2028  86
1214  86
139385  85
318  85
527  85
50|20
8143  56
114335  56
136564  56
142074  56
171759  56
175693  56
179073  56
175707  56
71264  43
82848  56
1377  62
44555  65
8157  68
6807  67
95543  38
8253  67
96610  46
924  73
32875  56
4896  57
51|20
7040  76
5620  66
2613  70
4437  86
2023  76
1500  85
522  80
858  93
4508  84
2951  86
1014  71
1407  67
2282  58
2420  80
3388  73
260  76
3186  80
3994  65
3501  74
2371  76
52|20
152081  92
51255  89
74458  94
1923  90
7438  93
40583  86
59784  90
55765  93
112852  92
86892  84
55363  88
112138  89
49272  91
52245  88
69481  93
50794  89
1704  90
54736  92
44665  91
47200  91
53|5
481  100
1100  100
249  100
1125  100
916  100
54|7
296  62
593  62
639  60
1  61
205  61
161  61
500  61
55|5
2407  47
673  58
3275  66
2890  54
4011  64
56|10
786  77
253  78
165  80
110  82
589  83
370  78
434  77
410  79
69  77
185  79
57|20
2140  68
942  83
920  80
3175  74
1784  79
3429  76
933  84
1193  91
3446  62
160  58
1499  45
2640  71
892  57
11  65
2947  73
6  74
2478  61
2291  77
1688  70
2301  67
58|20
588  80
282  73
185  73
419  71
367  79
277  81
48  81
280  77
337  74
345  77
3  79
357  79
527  87
587  82
218  68
500  84
508  79
368  81
364  80
353  71
59|20
1696  87
6460  88
3489  67
1188  89
1222  79
2076  87
3448  79
1263  93
1247  86
527  80
1244  95
904  88
903  93
965  85
2616  76
1953  88
608  81
105  80
912  89
3471  80
60|5
832  72
58559  74
805  72
455  72
858  74
61|8
266  86
1101  84
7438  86
173  84
555  84
2012  84
4878  84
3949  87
62|20
99114  89
176371  82
3793  83
56757  80
73017  90
30793  81
179819  78
68554  78
185135  78
168248  81
5903  88
4878  94
2028  92
5502  82
6058  70
344  84
1721  83
45499  81
41566  86
78105  69
63|20
5669  67
4246  60
48780  79
500  70
6016  81
31658  74
2858  76
64285  75
85414  80
1221  79
106696  78
4963  69
50  81
1097  73
260  83
110  71
1222  74
4979  62
5952  72
77561  77
64|20
5878  78
3101  74
2640  71
2959  85
8784  81
2054  72
4239  82
4025  68
5026  69
40819  79
266  73
2699  71
27266  82
3969  62
1805  76
6296  80
4776  75
3148  75
4262  82
356  81
65|7
1246  82
33660  84
7458  80
2329  83
4993  83
91542  81
3147  83
66|20
593  85
47  84
5418  91
922  83
2139  77
2956  79
3745  79
1956  88
4581  80
5349  87
1210  74
1094  88
2001  72
380  79
6539  93
671  81
1  81
6378  88
7766  84
296  86
67|8
99114  79
4306  78
27193  84
79132  78
60069  80
2012  78
4886  78
4993  77
68|20
47978  65
95218  65
6534  68
48696  52
67267  71
30825  71
1799  54
3556  64
8622  68
4351  57
63113  76
58295  69
7151  65
2413  66
6287  75
653  61
41566  82
5541  58
260  78
48043  61
69|10
4370  88
4848  92
3671  91
2476  94
1193  96
356  92
553  94
4022  91
260  92
3994  91
70|13
1193  85
1097  85
1914  88
1269  86
4995  85
318  85
8949  84
1968  85
1210  85
89492  84
1250  86
1235  88
2366  83
71|7
494  73
647  74
736  76
95  73
733  78
589  75
7  74
72|9
1047  86
150  85
858  89
2490  85
1357  88
260  88
50  87
1198  87
1196  88
73|20
1193  82
45720  69
105037  72
6333  83
59315  85
76293  76
138204  60
2706  79
152081  86
45221  76
68135  72
150  81
8376  76
93510  80
59784  82
116823  87
106072  85
1682  83
52245  75
35836  75
74|20
31522  85
2594  86
2908  85
30749  90
6870  91
3006  84
52281  85
49772  82
55118  84
2997  90
6305  88
608  93
4546  86
41863  82
27773  90
6001  81
1251  94
6552  88
46976  86
44555  93
75|14
5445  71
1240  69
5952  73
2193  65
6870  69
2529  70
168  53
541  71
3176  64
1962  67
2078  67
1889  59
1266  71
1374  71
76|20
48877  68
5956  60
2918  75
58803  61
1247  70
74458  63
7669  57
79132  60
8957  54
858  78
55820  68
1258  76
63436  66
1201  73
1208  76
48  36
288  65
34405  60
1  58
1196  73
77|6
3996  81
4973  79
7361  80
8636  83
3578  83
33794  80
78|13
296  75
165  77
3809  71
589  77
546  62
27904  67
260  76
590  73
480  77
68791  71
344  77
44974  62
380  74
79|13
3266  86
3029  85
589  87
1916  87
307  93
4005  83
260  87
1189  92
1345  87
2000  87
1374  89
2659  86
2076  88
80|20
7445  90
96691  82
84189  85
91630  85
49530  91
8950  91
6539  90
4223  87
5630  89
3527  85
76251  90
80363  83
52604  87
6502  89
34048  88
1221  90
60684  86
6952  89
5989  89
77561  89
81|26
10  83
32  83
47  83
110  83
150  83
153  83
161  83
165  83
208  83
231  83
288  83
296  83
316  83
318  83
329  83
344  83
356  83
364  83
367  83
377  83
380  83
457  83
480  83
588  83
589  83
592  83
82|20
6886  67
2381  67
2378  72
6566  66
368  70
6536  66
3253  76
4310  72
1608  69
1372  71
145  73
356  75
6708  72
1485  70
4369  72
6564  69
6888  72
5803  69
4015  74
364  67
83|20
56367  70
7143  64
7323  71
6539  71
161  75
586  67
2115  72
1270  76
6874  71
2324  82
1537  78
7153  73
68954  73
48774  67
30749  73
8014  75
1222  73
3753  59
1223  66
64983  62
84|20
55  74
987  74
912  81
1096  74
420  72
1227  78
113  58
580  76
5060  78
1293  84
900  71
1097  78
62  77
368  71
1305  77
1247  80
1296  83
11  76
1073  72
1094  81
85|7
1519  76
1624  82
1140  76
1694  70
1643  76
1747  72
1635  78
86|14
4993  82
4310  81
6947  82
2411  79
457  79
5418  80
3996  80
4901  81
1835  80
33794  80
1196  79
3555  79
1097  78
2687  79
87|5
4023  85
2009  81
3504  86
671  81
2139  81
88|12
7312  81
74795  85
4993  90
68157  91
5952  90
1193  89
223  87
8665  89
4262  91
56782  90
8677  82
58559  90
89|104
26645  69
32060  69
44851  69
53280  69
53578  69
67888  69
69211  69
81087  69
84246  69
103602  69
108078  69
109596  69
118894  69
121007  69
128089  69
128944  69
131098  69
131439  69
134847  69
140481  69
146684  69
148632  69
150554  69
164226  69
30793  57
169912  58
87869  61
1923  44
4015  56
950  53
173253  69
2324  47
27826  69
92259  57
11  41
3977  53
86298  73
8154  51
77688  69
2997  37
170837  69
49274  71
157775  69
1  46
142196  69
99117  61
62008  69
72624  69
108156  60
3752  60
2059  56
128520  54
3175  44
133879  69
48649  69
126088  69
5529  69
65588  69
99130  69
40962  62
1732  45
68659  58
91666  69
2683  48
3751  57
750  34
6650  49
149508  69
2395  45
51575  58
65230  55
171751  69
85881  67
139157  69
6863  58
4246  49
108949  69
1230  38
160567  58
73319  61
177185  69
130520  70
5220  57
121338  69
153386  69
50872  53
149566  69
145491  69
4890  53
129354  58
32243  69
84944  70
6402  69
1288  39
140133  69
119141  57
947  51
176621  69
4973  50
158398  69
69469  69
54503  54
141928  69
102481  60
90|11
1137  81
1144  81
581  85
81  85
892  85
1073  79
116  81
896  93
17  82
7  81
613  85
91|20
3013  68
6395  68
8147  68
7153  87
3360  74
2791  80
3897  70
1080  79
4850  76
3429  69
7000  64
2060  66
2916  79
1391  75
2100  65
318  84
2146  61
1225  78
1246  69
8501  78
92|5
2572  80
2114  79
1015  80
2454  78
1801  80
93|20
736  89
1917  87
552  89
1721  90
539  91
480  92
1372  90
368  91
2355  87
1923  87
2193  86
2006  87
339  93
1097  88
1591  81
260  89
2968  88
1676  87
593  93
558  79
94|12
231  63
377  65
367  69
364  66
288  63
19  59
10  67
586  64
590  69
380  66
589  72
318  72
95|20
18  82
4878  88
6979  78
4732  84
3019  87
5246  77
32  92
2952  84
1247  95
1198  92
5283  84
3361  86
1513  83
2009  91
539  84
122  81
1584  92
1240  91
4262  91
5349  85
96|16
527  90
1094  87
272  79
3819  65
150  84
2021  79
2571  89
1214  87
2058  76
1220  87
733  83
2340  79
1721  84
2396  90
367  86
1291  88
97|8
4701  88
4306  89
3578  90
4993  90
4963  89
4299  87
3981  88
4161  79
98|19
81845  82
8961  78
122912  83
5299  78
63992  78
187541  88
56152  81
134853  84
69644  81
6863  80
5618  83
56801  75
3499  80
134130  83
74789  82
82461  76
1258  83
88810  82
79132  86
99|11
318  90
161  87
420  86
592  87
196  86
122  77
145  82
150  88
316  88
236  87
588  89
100|20
497  78
296  79
1393  78
95  78
592  78
605  84
6059  80
28  80
2245  81
62  82
4308  83
1777  80
838  79
2125  84
1288  78
234  78
1197  79
2005  79
4014  82
4623  80
101|13
2580  74
3285  72
2723  63
2700  74
2908  81
2390  78
3175  67
2395  78
358  78
2702  69
3394  60
2997  82
2502  73
102|12
158  66
588  73
150  73
592  72
253  71
480  75
344  72
539  71
553  70
593  76
586  71
223  73
103|20
86014  78
1954  83
60040  63
1968  86
77206  78
2161  80
1732  94
81834  59
608  86
2384  78
4254  68
104  79
139642  73
56782  89
2096  80
101  89
6534  70
374  76
60069  72
30793  73
104|20
4740  70
743  62
5218  76
8643  74
1288  65
47997  70
468  71
76251  69
8533  77
4018  76
38038  83
1566  72
7361  80
6060  69
3034  79
1641  69
4641  69
108190  73
616  76
7034  78
105|20
4788  82
69685  82
95311  82
95313  82
110586  82
141816  82
141818  82
170597  82
172587  82
172793  82
173351  82
173535  82
6433  86
4974  74
70286  79
108981  82
95175  82
69122  80
1243  80
3916  76
106|7
69844  92
72998  91
59501  90
86880  88
5349  91
53125  91
59784  88
107|7
231  76
253  78
590  78
165  78
434  77
208  77
318  77
108|16
800  84
6022  75
4995  81
2585  85
5316  81
4975  79
3978  77
5349  81
2926  81
4246  82
4878  83
4994  79
1968  85
1684  79
497  84
5380  73
109|20
380  68
1033  60
231  65
364  67
589  73
480  71
62  68
31  73
587  71
1032  64
586  67
778  79
540  59
256  59
163  69
252  62
223  74
553  68
537  60
168  60
110|11
26171  80
2468  69
1198  80
1089  81
1222  79
1208  81
4881  80
47  80
527  80
1193  82
2428  68
111|20
100194  67
162602  67
171251  67
2145  74
96588  77
65088  79
66203  68
84772  72
2081  70
91529  72
6365  60
45666  66
3255  73
1282  68
6539  66
86833  81
122882  76
59143  65
86911  70
5283  67
112|13
788  79
161  62
1917  89
16  78
21  68
208  65
434  64
39  64
3717  90
19  69
110  79
32  82
70286  92
113|20
4083  72
39  71
3168  80
932  76
2331  79
3359  77
1086  87
3504  86
1339  69
904  80
3546  72
4063  76
4062  66
1077  84
1589  73
2475  85
3831  67
46  74
1733  72
4007  67
114|7
141718  67
54001  68
2291  68
167732  67
122886  65
8961  69
3147  68
115|20
1580  83
2804  85
1387  87
2792  80
3146  71
3273  74
3052  82
2841  84
2719  74
595  77
2700  82
383  77
2027  73
2148  75
2770  83
3785  75
2916  84
3175  81
588  74
1377  78
116|18
2716  69
858  74
1299  64
62383  45
1339  61
1276  68
597  66
1029  72
1101  70
2797  63
2657  69
1961  66
1407  62
5995  68
1704  67
165  71
2115  67
8360  68
117|20
708  63
587  71
589  74
151  71
36  71
1036  75
595  68
288  73
596  71
48  71
315  62
454  69
353  62
474  69
10  66
60  64
805  62
491  66
616  67
485  65
118|5
1221  79
1625  78
153  76
1961  77
1810  75
119|20
95441  85
117176  84
1092  83
91529  87
74458  89
4387  85
79132  87
168252  87
44022  81
78499  86
122904  86
106782  87
442  81
4993  88
31685  88
6365  86
141004  82
4148  79
88744  84
8644  87
120|5
260  70
32  68
5  63
631  63
52  66
121|12
497  65
440  69
161  64
527  73
292  65
344  66
186  64
316  67
1  74
19  66
163  69
337  69
122|20
27660  90
69784  90
7022  94
148652  81
4816  94
56174  93
94959  94
81591  95
71535  93
30810  94
2997  97
1732  99
108932  87
780  98
1090  97
3253  92
106782  92
72226  91
1200  99
1214  97
123|12
68554  80
115569  81
79132  80
109487  81
1196  80
4226  80
296  80
7153  80
143458  80
47  80
96829  83
2858  80
124|10
56145  84
2161  80
260  86
175  80
1358  84
6377  87
4226  87
3147  86
608  86
1223  83
125|20
5088  77
86721  77
110330  77
54503  76
72011  72
162578  78
119145  79
176371  75
55247  76
1240  88
86332  76
68157  79
112623  71
4082  78
160567  75
3342  81
109487  76
88140  73
98607  77
81562  79
126|8
364  67
349  66
231  65
380  68
410  67
300  61
253  66
457  71
127|5
2915  60
903  63
55276  60
5060  62
272  66
128|7
904  85
965  83
926  87
1066  90
1721  83
1080  84
1198  84
129|20
4370  78
480  77
3698  77
2692  77
2138  81
1968  79
8368  81
653  76
7143  82
316  76
6874  81
239  74
2916  80
733  78
4896  79
2028  81
3977  75
3000  79
1907  77
31658  83
130|6
208  68
316  67
292  69
110  68
590  69
296  70
131|14
2273  68
6947  75
58559  70
908  75
4878  71
89745  71
7256  76
68237  73
2722  70
2028  70
48516  71
3178  76
64614  73
969  74
132|20
6251  61
3275  67
4995  71
2987  65
7444  61
3262  59
4168  58
31658  62
44191  72
1089  70
3967  66
5502  64
50  69
58559  69
5992  70
2108  59
1844  64
2657  66
47  68
2470  63
133|7
454  57
356  61
589  61
150  60
153  58
380  58
527  62
134|7
442  74
595  74
349  76
380  75
367  74
509  75
296  76
135|20
592  69
4084  70
893  62
3994  81
2004  64
608  86
1358  84
3852  69
3489  72
1614  62
1198  85
4128  75
1883  75
2302  76
1291  89
410  64
1261  85
4022  83
4881  78
1077  78
136|20
161  64
193  69
585  66
338  64
277  68
380  65
181  72
337  61
437  68
165  64
611  59
151  66
340  71
252  71
432  60
552  66
350  70
280  73
273  69
150  61
137|20
6787  91
2716  77
1198  84
750  89
919  79
1270  79
318  79
150  75
2997  79
1200  81
6986  80
7153  77
1242  87
110  75
33493  76
1197  83
2959  77
1237  82
903  91
7762  81
138|5
2707  64
1960  67
1959  73
849  67
3996  68
139|20
4025  41
7445  49
60684  45
4865  40
68319  45
7090  46
5502  45
260  61
8371  37
53953  35
58025  40
106782  52
6957  36
7163  33
3827  37
3624  41
52722  46
54259  46
4367  41
115617  53
140|20
5699  70
5299  71
1393  71
356  83
609  70
32596  54
4795  69
34072  70
1617  74
5256  62
5943  62
1084  75
4337  70
3108  75
43396  68
4719  61
1005  79
4321  75
5812  69
4259  67
141|20
5418  74
54503  74
4963  73
2478  72
71535  75
317  66
68954  79
54286  73
6365  72
54272  68
4447  68
5502  69
6377  74
6373  68
1265  71
91529  80
2502  67
441  68
1517  69
48516  75
142|8
434  75
384  75
588  77
50  78
527  79
356  78
337  78
377  77
143|15
1721  65
61250  69
6942  64
7169  70
8533  71
106696  67
3421  59
87232  65
78316  72
69069  61
59421  67
2144  68
96821  66
7173  67
500  64
144|20
589  74
541  77
8368  84
597  70
590  72
410  69
1246  72
527  80
356  80
500  71
19  67
2700  68
434  71
733  69
780  73
1036  72
5377  76
552  71
586  71
2081  70
145|5
344  67
339  67
380  67
318  70
588  69
146|7
7293  59
3257  58
32  56
1367  58
3686  57
410  55
47610  60
147|5
1234  72
168  63
552  65
555  70
2395  71
148|10
88125  73
5618  72
108932  74
81847  72
72998  72
5816  72
8368  72
7153  71
81834  74
4993  71
149|12
1097  62
1374  59
1831  53
1527  64
260  65
173  58
1206  62
1200  66
2021  53
1580  61
1391  61
1375  51
150|6
3  71
1356  74
5  72
95  73
733  74
1073  73
151|12
786  77
562  75
780  75
837  71
747  70
1265  77
828  71
1073  77
1  77
648  76
1393  80
1359  73
152|13
50  84
2959  85
116897  79
89492  76
1193  85
69481  75
85774  80
115713  78
111  86
92259  82
1234  83
79132  81
318  85
153|20
134853  41
1732  50
8533  54
4014  55
81456  46
106782  41
8528  31
6863  49
87194  54
2617  31
1246  40
106100  57
1954  35
7458  42
4226  55
89904  45
72998  43
133780  44
586  34
36535  57
154|7
114662  95
119145  91
81834  93
122904  98
106072  92
76093  96
77561  97
155|10
153  70
3286  72
1200  73
260  73
141  70
2355  72
2384  69
2948  71
432  69
2959  73
156|20
26313  74
31038  74
1230  82
1711  63
3341  81
6296  74
762  69
2361  74
2076  85
4784  79
661  61
2926  71
8571  74
47  72
3176  73
58  81
848  74
866  80
1485  67
923  86
157|5
785  72
3617  73
2720  69
2770  72
527  72
158|6
1093  71
2605  71
2872  70
2723  72
2428  70
66320  70
159|20
2959  68
60069  70
45720  68
597  68
4022  71
89864  62
49286  75
140110  73
84954  70
4447  75
1197  70
68954  80
6942  72
1961  65
106696  76
480  68
539  68
166643  67
40819  62
63082  69
160|20
126  58
1371  38
1198  71
196  48
3408  72
5349  66
3213  39
2408  32
839  47
3593  41
2748  37
533  44
1975  48
1676  61
3745  49
2011  72
733  49
3826  40
778  86
2840  47
161|8
4980  76
7247  73
47610  73
1223  81
38038  75
3429  82
2144  73
2336  78
162|8
150  86
225  81
168  85
50  87
300  87
266  84
31  90
62  90
163|5
1608  60
1810  57
1747  60
1777  61
1837  64
164|8
1036  85
2916  85
110  85
589  85
3527  85
1101  84
1201  85
2167  83
165|13
2353  78
3624  77
110  78
5505  72
5527  68
3256  75
5956  75
5418  79
5530  68
5450  70
1127  76
3409  76
5881  75
166|20
33794  85
1721  84
4011  85
5378  87
3481  80
49530  84
2353  80
47644  88
54272  84
8961  84
1198  84
2542  86
1036  83
608  86
434  77
5219  80
5418  89
2396  80
349  77
2324  86
167|20
33493  87
4886  85
778  72
3052  76
7147  79
6857  74
45501  59
6480  69
1682  81
2231  75
784  66
33794  83
2083  67
2413  71
6333  82
8961  85
2139  69
150  62
6773  76
35836  78
168|19
3730  93
1248  93
1201  94
1089  93
296  92
923  95
1222  94
5291  93
3543  88
1302  93
3362  95
1148  91
3101  91
57669  93
2076  92
1729  94
908  94
85354  91
80463  94
169|20
3536  87
2028  88
364  86
953  91
4886  89
5400  75
8644  84
524  89
2795  89
1022  92
3114  86
3967  88
1517  87
1035  91
8641  90
6365  88
661  81
457  86
3287  82
1416  89
170|10
318  67
296  69
586  67
377  70
34  67
592  69
277  70
500  67
266  67
588  66
171|17
485  91
1220  90
1025  89
801  89
1259  91
1079  91
828  91
317  88
869  94
380  88
1136  93
1225  93
661  89
318  90
47  89
1198  91
1208  95
172|6
3087  74
3578  76
7438  75
2072  74
3793  76
2762  76
173|5
10  68
329  69
586  70
597  70
588  69
174|14
553  79
520  76
224  75
648  80
161  80
317  75
158  78
780  78
315  73
485  72
282  79
440  77
350  76
10  81
175|5
531  82
8911  71
43904  72
38388  70
8362  68
176|8
165  78
434  79
39  78
368  80
380  79
780  82
47  79
471  80
177|20
42002  59
91542  73
6332  65
3668  72
45672  58
783  74
27706  76
2657  68
114662  77
1206  76
83132  74
5218  74
508  71
3114  73
1321  67
2176  74
8798  73
88140  77
2012  72
339  73
178|16
7361  90
527  86
2329  89
5995  88
6502  86
4235  91
1198  85
208  80
6539  83
296  85
349  82
10  81
4226  89
1240  84
2579  87
318  86
179|14
367  80
589  81
161  76
231  76
288  79
743  75
1061  80
317  74
786  76
592  77
671  77
296  83
434  75
364  80
180|5
1261  73
260  76
1748  73
1242  74
2140  72
181|20
157  55
593  70
596  62
353  55
539  72
516  52
132  54
169  57
25  66
31  59
542  55
6  63
707  58
185  69
464  54
502  50
415  54
480  70
592  68
344  66
182|20
4879  70
6969  70
3911  77
2728  69
4313  77
8042  80
1291  68
3113  59
3578  69
1590  72
161  63
4452  72
224  77
4980  64
4262  84
2353  62
2890  73
1127  64
541  80
6041  73
183|12
480  83
380  85
1196  82
2951  82
2534  78
4085  81
1287  81
2194  81
3247  77
1233  81
2662  75
1408  82
184|20
158035  74
181413  74
193565  74
97304  88
74754  70
168250  80
191005  74
106072  73
166291  75
127152  71
86332  78
80463  88
5816  79
122898  71
81845  87
5810  80
170813  71
174479  74
112852  85
148626  83
185|10
1685  69
2396  73
5377  77
1721  77
5952  79
1393  75
595  73
2085  71
4995  78
899  74
186|20
2605  82
1214  87
1291  85
3745  80
1269  84
2527  83
2532  84
4361  86
1307  82
2968  84
4306  81
2541  77
1702  78
480  84
1097  84
3977  82
919  85
3527  82
593  86
1196  85
187|20
26122  76
3949  77
49272  60
231  51
1206  82
6874  68
1729  80
1209  84
48394  70
6502  70
2701  56
4027  79
288  66
2542  78
7153  67
39427  78
6890  87
1222  76
8949  72
1748  80
188|10
2346  90
1212  88
594  92
1282  92
3469  89
2396  91
1091  89
3341  89
1264  92
2206  89
189|5
48516  81
4993  80
79132  81
2959  81
58559  81
190|14
6711  77
4776  70
8784  78
4995  80
5630  73
4306  78
30749  79
1221  78
4975  75
8961  78
858  79
8464  78
69844  83
7438  76
191|17
496  74
21  63
72  70
175  85
494  65
417  83
17  79
6  76
85  87
292  57
314  69
58  91
235  83
213  88
161  56
160  53
162  91
192|5
356  80
288  80
316  81
349  81
432  80
193|7
44555  77
55442  79
4878  75
6016  78
307  73
1270  73
5618  75
194|5
163  69
1396  70
1500  69
1288  68
5060  69
195|20
3424  69
2770  71
1041  72
1653  77
1923  79
3160  76
4723  71
1863  64
2336  75
2166  65
4308  74
1909  78
260  85
2028  84
3252  82
2908  67
1392  66
1365  80
70  73
190  69
196|7
70286  77
3578  75
59315  77
58559  76
364  76
1214  75
110  78
197|7
1513  80
1240  82
1882  80
786  80
2167  83
153  83
1784  80
198|20
3894  70
3499  63
920  72
1213  80
3949  85
1994  63
1485  68
2572  68
4019  74
1089  77
110  85
593  82
4128  64
1270  72
4886  76
1079  66
2117  59
912  72
1573  62
1682  66
199|20
5464  72
2165  67
2280  74
736  64
5673  75
349  66
5502  59
482  64
8532  68
1172  81
300  68
50068  81
4881  70
3175  71
7445  67
2973  80
34338  64
41997  79
1956  82
377  67
200|20
3809  80
7022  84
50802  74
3968  74
2485  82
500  77
5610  71
590  79
1029  75
53996  79
2572  85
4993  84
4041  81
57640  78
1302  81
1784  81
6383  71
1653  78
1569  82
1517  84
201|20
1748  82
1527  92
1584  87
2858  92
339  84
589  90
2717  83
994  82
788  86
1196  96
2797  90
733  88
1259  96
2174  88
1198  96
2455  80
1569  82
1213  94
160  78
24  83
202|20
3329  76
924  84
29  85
2289  84
1197  86
1196  81
2966  80
161  76
608  85
1209  83
1296  82
3194  79
1784  86
469  72
923  87
2000  80
1587  70
1719  81
3147  84
32  76
203|9
56174  84
8665  85
2407  70
5952  85
590  76
49272  83
40815  82
333  70
296  79
204|17
1136  88
3949  89
33794  87
48394  86
27075  80
1080  87
79008  85
6104  85
8874  88
81591  88
4878  88
91658  89
711  83
2313  89
86320  86
55820  89
5218  84
205|6
912  78
99114  79
91542  78
5816  78
95167  80
96079  79
206|5
36  80
608  77
733  75
140  77
141  77
207|5
2991  61
2428  53
2707  55
3740  57
100  40
208|6
1210  70
2628  69
380  67
2353  68
2278  67
2762  70
209|7
60684  87
1291  88
68157  88
74458  89
185029  85
122886  87
88125  88
210|20
123553  83
34405  85
166203  83
3147  86
31696  84
7649  85
58559  88
2105  87
6365  91
34397  83
4625  87
84772  84
122926  89
76093  89
62836  83
33493  89
1584  91
47610  86
108932  86
122918  92
211|18
58559  83
63113  78
90405  80
57669  81
60684  79
7153  84
73017  83
2105  81
4367  79
356  87
2642  79
1556  75
318  87
44665  78
85414  78
1198  85
1136  85
260  87
212|20
170697  73
122920  76
122892  71
2571  70
5218  68
48394  71
3578  66
1196  66
135143  74
74795  71
179401  76
79132  72
77800  70
108932  73
110102  72
96821  73
8874  71
65261  76
59784  68
2291  70
213|17
3285  79
87520  78
80363  72
76251  78
8957  78
2860  72
1234  79
5419  75
51935  77
69844  81
39446  70
4132  80
858  82
69526  76
4558  79
49530  82
58559  82
214|5
83  56
628  54
743  55
1363  56
802  55
215|20
1172  81
4973  82
63082  80
1291  78
2028  80
3252  73
3210  75
1968  82
1247  83
49272  81
1089  79
72407  84
5650  74
318  80
1208  82
2000  77
1197  80
1196  80
1297  75
4019  79
216|20
104  65
21  74
3996  75
3946  67
2946  77
3993  74
3897  70
2599  78
34  67
3994  73
4034  73
3363  77
1965  76
3422  68
3555  72
3253  75
2087  72
3986  71
2018  67
1923  72
217|20
1867  55
3434  55
1275  58
2468  57
3197  53
1912  65
2302  64
1876  64
380  60
1221  74
2471  59
1918  63
1385  62
3165  60
1590  55
1562  57
1703  46
2056  55
1831  56
160  52
218|6
2657  69
2692  70
1380  69
1198  70
6934  69
5349  69
219|20
60072  75
2115  75
59315  79
6539  75
442  69
30707  78
1704  84
180  65
1219  77
1005  52
27773  83
56156  58
6188  67
6721  57
30825  57
2997  70
1552  70
1500  69
2890  68
1921  71
220|20
3996  93
733  82
1198  92
3994  88
6539  88
1258  92
1917  90
4545  80
33794  87
165  77
71264  74
4623  82
53464  79
5218  90
6365  87
3751  93
32  84
1036  94
5502  86
1591  83
221|20
4338  82
7013  88
8529  76
1080  87
3246  93
2871  81
1208  92
7063  89
2702  90
4029  88
5954  88
2352  84
922  87
2997  83
1278  83
2858  86
1212  90
1959  87
1961  78
3671  87
222|20
81831  63
100498  60
48516  77
1249  67
99813  65
91529  76
59900  60
93287  55
1721  72
2706  70
3273  60
2411  71
64622  60
7143  72
87869  67
778  74
30825  67
42011  60
673  65
64839  71
223|15
55854  65
6711  73
1  66
736  60
1961  68
457  60
2716  71
48394  74
608  68
8784  73
48516  71
3863  66
4306  72
260  71
2683  70
224|11
3496  82
3044  89
356  87
2915  91
289  80
3668  84
1270  88
2797  90
1721  85
2716  88
1259  87
225|15
2423  71
1285  79
588  78
1717  73
2791  78
1321  71
1136  80
1197  79
1753  76
2004  76
2371  73
1407  76
785  78
1060  77
3024  72
226|20
6938  69
32666  69
3552  84
542  63
1240  79
3098  72
2804  81
3668  71
3653  72
2231  72
145  69
2253  64
3052  80
2628  76
762  74
53129  66
4816  73
16  83
2144  77
46948  64
227|19
46976  85
52319  87
81845  85
109487  83
134130  84
215  87
48738  87
47099  87
1196  85
32587  86
912  86
55721  86
1682  86
750  86
778  86
40629  84
97913  84
70286  82
150  83
228|5
2571  79
1373  75
362  74
318  79
3113  76
229|13
34  75
589  78
377  75
45  75
587  76
5  79
475  75
442  70
597  73
364  74
213  75
110  76
527  80
230|20
34330  59
52715  59
47  53
7438  69
527  55
3147  61
45499  77
6537  76
2291  58
1387  52
6863  74
1485  57
595  55
4022  64
2096  55
588  57
4034  52
1676  57
8644  79
2641  53
231|5
92259  79
858  80
593  79
1198  80
109487  81
232|20
31867  65
41769  65
57526  65
70336  64
8644  73
1586  67
44972  59
4019  75
43928  58
30883  54
65802  66
8376  70
39292  73
1035  66
66198  66
66097  74
32011  57
6564  63
7451  71
33164  56
233|20
48394  70
3751  71
48516  74
1721  74
356  72
106100  67
162600  62
608  73
7153  77
134214  64
57669  67
122920  59
2329  77
4239  72
7371  73
3977  68
3147  77
3948  69
49272  67
5418  69
234|20
2616  71
2140  74
172  78
126  73
1562  75
4519  74
153  77
2710  80
3624  79
3483  76
1391  83
438  63
1460  61
2987  80
65  66
260  84
1359  60
3175  79
588  82
2080  82
235|13
480  76
736  76
500  78
454  67
592  72
235  79
595  73
32  81
527  84
648  78
223  77
588  73
377  72
236|30
1214  83
1278  83
1345  83
1350  83
1387  83
1388  83
1982  83
1997  83
1998  83
2447  83
2459  83
2490  83
2496  83
2502  83
2505  83
2542  83
2572  83
2580  83
2596  83
2598  83
2606  83
2657  83
2683  83
2694  83
2718  83
2770  83
2806  83
2858  83
3024  83
3052  83
237|10
32  69
4254  62
94959  65
293  70
1371  65
1193  69
7361  68
7980  69
43936  67
1374  66
238|9
4954  79
3528  73
4265  76
4901  72
4238  74
593  70
4499  74
4957  73
1193  73
239|20
58559  91
5459  86
4085  73
380  81
95  81
7445  87
608  92
7147  83
6378  88
2115  81
4896  84
36529  82
3994  78
33679  81
47  87
590  81
4022  86
208  81
733  79
51662  82
240|20
368  73
543  80
480  78
367  79
810  82
500  79
546  80
110  77
173  76
1  82
542  77
104  93
34  79
174  77
204  76
225  78
383  74
262  69
434  78
420  73
241|16
81786  79
71899  82
527  77
1206  78
1193  77
99114  79
100714  84
8981  84
53123  78
116897  80
56367  79
3910  83
106782  80
115569  80
4235  78
48780  77
242|7
39  72
380  72
231  72
457  72
592  71
454  72
111  78
243|8
112  85
353  83
62  83
588  84
193  84
586  82
181  83
376  83
244|19
3090  83
1049  74
110  79
257  68
165  73
151  64
1090  74
3755  74
2278  77
648  78
1580  85
1957  72
1610  78
1196  86
3256  72
1573  79
1242  77
3753  81
2243  85
245|5
3196  54
2739  53
3114  52
3274  54
1361  61
246|20
1304  79
616  80
1680  87
6016  89
3081  89
44191  94
60684  86
4973  90
1732  89
1298  82
53125  80
2291  85
2692  88
293  92
4011  92
5013  86
60069  92
48082  88
82202  79
95167  88
247|20
48516  76
593  81
2858  82
49272  71
1961  80
44191  78
527  83
116797  74
68358  72
122886  76
480  83
223  80
1265  82
2078  69
1198  78
1682  77
6377  75
1089  78
953  74
919  71
248|11
4886  75
1198  75
166528  76
176371  74
316  74
147374  81
102903  75
189333  73
122912  75
58559  76
5218  76
249|20
110350  74
102903  83
2167  74
94959  89
84601  70
2395  79
97306  84
3408  80
89047  74
91500  89
91542  84
40815  79
69844  83
904  85
46723  81
3826  74
68791  72
88812  72
67695  73
50  90
250|6
1282  82
2407  82
318  81
1597  78
1246  84
8880  79
251|5
142115  100
293  98
356  97
318  97
1089  98
252|8
164179  81
89745  85
6377  86
164909  82
1682  87
166643  80
143355  81
78499  85
253|10
44555  89
916  94
608  90
2300  90
7099  89
4217  90
26366  88
1192  90
4642  91
3363  91
254|20
46578  86
44195  83
207  82
49278  79
6333  80
780  83
110  84
1210  82
49272  78
27846  81
32587  84
2571  90
44929  75
47  85
293  87
1580  83
5995  89
32  83
592  81
48394  84
255|9
1270  57
4467  47
2023  54
3501  57
1663  55
1394  54
3392  61
2542  55
2915  54
256|20
3247  82
88744  77
377  88
4973  83
53972  78
118696  80
95441  81
104841  82
71535  80
2953  80
81229  79
53121  79
30707  85
2571  88
68791  77
170  82
6942  83
90405  83
6537  76
33493  74
257|5
1500  68
594  70
2502  70
494  66
2406  69
258|5
4995  89
7147  90
72641  85
76093  84
47099  87
259|6
508  53
5945  65
1784  62
4886  63
1356  58
1584  62
260|20
7361  80
3556  75
162  72
903  79
5690  76
6337  75
4878  77
5617  72
342  81
5219  78
2997  86
8011  70
1206  86
3317  72
6709  68
8874  73
2348  76
3822  78
2959  83
8645  66
261|11
3897  81
16  83
2060  78
296  87
2723  68
1682  84
4085  74
2194  77
7361  84
4238  75
58559  86
262|12
708  62
539  59
457  62
322  66
339  58
85  68
26  66
17  68
213  63
273  63
593  64
728  69
263|20
223  72
150  78
500  77
2987  73
2953  71
110  79
4226  82
8370  80
1197  75
7458  77
708  74
1111  78
2125  76
6942  78
5013  79
163  73
457  79
8636  77
1967  72
2085  77
264|12
7841  78
1376  73
151  68
5816  80
1907  78
1320  70
1917  72
150  70
3578  76
1090  69
253  68
1876  74
265|20
3807  66
316  72
253  71
1302  76
724  69
1240  75
3504  74
230  67
3831  68
1956  72
3098  70
529  74
1270  76
3791  69
1177  64
2322  60
1488  64
2474  68
1198  81
1962  68
266|20
476  71
2812  71
2700  77
2278  79
24  54
2770  68
2702  77
64  50
1405  72
2580  74
1527  78
2167  71
457  69
1580  76
2300  74
1923  78
2094  68
132  59
2571  89
2097  63
267|12
2858  88
593  90
1175  82
3006  79
1302  90
3999  87
3113  84
1093  81
589  92
2571  89
923  87
3996  91
268|20
1641  60
587  54
1125  68
1911  52
2802  57
1036  64
1370  55
50  71
2064  70
1784  58
1912  69
1966  83
454  61
1234  78
2247  62
1394  72
2829  62
802  62
260  67
2858  67
269|6
724  72
743  71
95  73
1  75
63  73
648  76
270|8
661  59
62  68
79  57
628  65
14  68
1356  61
141  64
25  69
271|9
3897  66
32  64
2791  64
969  64
6787  67
2858  66
55765  64
1320  60
2288  62
272|7
177765  71
1240  74
51662  73
122922  74
49272  73
158238  77
6365  73
273|11
440  78
593  78
500  77
608  80
223  77
111  83
150  80
21  79
466  76
235  76
520  78
274|20
50147  65
2947  75
3037  74
1645  69
4951  64
2036  61
1359  55
35957  51
553  72
76293  61
3918  70
1503  59
45431  59
4816  67
54999  65
5667  65
4876  62
56805  55
1921  74
54004  57
275|20
1784  80
2289  83
5884  82
1171  79
357  85
1912  80
2539  78
235  91
4886  75
2572  77
2355  80
3253  78
1192  84
926  82
111  91
2100  84
3089  86
1393  80
1719  78
1392  81
276|9
673  88
356  94
466  93
104  91
631  81
648  92
2  92
1367  84
344  93
277|6
637  71
736  72
656  70
1  73
780  74
260  74
278|5
2371  76
1347  78
4002  76
318  86
2369  77
279|20
134130  80
1101  81
166528  68
90405  78
61132  66
79132  77
56782  76
97913  79
1608  81
4226  76
59315  72
88129  77
54286  74
1258  77
8665  69
58559  75
4993  76
8376  71
107406  78
1200  85
280|20
92535  79
344  71
262  73
3146  70
4239  82
4447  76
8638  77
919  77
72641  81
86817  78
8368  80
49530  82
6863  77
35836  82
55052  76
54503  81
4246  80
48516  82
1911  70
3916  80
281|5
46578  68
8361  67
35836  69
3897  65
3861  64
282|20
5995  88
3977  78
3263  83
25  80
6708  78
2683  86
4718  79
6711  83
5481  75
6863  79
5669  86
3752  77
588  75
80463  83
1921  86
1193  86
4369  79
48322  74
1194  83
784  75
283|7
1580  69
39  68
1704  69
356  69
586  67
2082  63
805  67
284|18
474  83
173  76
2  81
296  86
15  68
348  79
248  70
318  86
47  84
353  80
275  74
44  84
339  78
367  89
276  73
165  80
637  79
235  80
285|8
1193  86
949  81
1247  84
6978  81
113207  79
4447  79
441  78
296  84
286|20
454  80
778  86
5989  82
1333  78
165  80
500  75
7438  79
2294  76
4993  83
4995  82
7361  87
70  73
4980  70
1258  85
4963  81
1097  76
4848  82
539  77
377  79
110  86
287|20
3160  69
3578  55
223  65
2633  67
1059  58
586  50
3005  47
532  55
1193  71
2599  62
2028  60
1485  52
3826  54
2081  51
8949  67
2012  53
101  67
4034  68
2422  48
2115  57
288|20
4473  63
4966  63
1008  63
2867  49
42015  62
141  59
2571  82
13  59
53519  68
2407  69
5418  76
3916  71
2347  45
2528  64
30810  72
575  55
32587  83
587  66
2517  54
8361  68
289|24
3  83
16  83
235  83
266  83
594  83
708  83
750  83
1080  83
1101  83
1208  83
1220  83
1258  83
1917  83
2012  83
2174  83
2710  83
2797  83
4322  83
6125  76
6327  83
6453  76
7025  83
7028  83
26704  83
290|20
1228  91
1299  87
2494  84
2739  86
608  88
2130  82
908  95
341  83
1447  81
342  83
1056  78
1719  80
953  95
928  95
1394  88
2648  84
475  82
2731  86
1357  83
2385  73
291|7
40815  93
122892  89
106489  88
134853  91
7153  90
88125  92
1  91
292|20
520  71
103339  70
122900  74
4896  71
2291  71
474  71
85056  52
46972  70
95167  76
164909  65
3176  69
3476  56
1608  76
31221  61
1101  77
3985  74
3984  78
1017  70
69844  74
231  68
293|5
1682  53
1673  52
344  53
1617  54
1097  53
294|20
416  47
3869  49
1064  41
2794  53
610  61
2133  61
1391  63
3868  63
1129  69
520  58
3387  52
355  53
2378  50
3693  60
785  59
2193  58
2367  45
2458  52
348  63
3501  52
295|9
1221  85
3198  81
1287  75
1213  84
4351  76
1198  83
858  89
318  91
2329  88
296|6
160848  80
2028  81
169034  80
4144  78
50  84
2324  82
297|15
832  40
543  62
1645  62
111  70
454  54
1089  71
6  61
1249  63
1047  50
1370  59
1488  46
150  57
170  52
1092  64
866  67
298|20
57640  57
95510  64
6811  47
8370  61
8807  54
63131  51
6881  46
3785  48
122900  61
103042  58
6294  46
2167  60
2005  62
6006  45
653  56
55995  34
3018  49
69757  56
103772  52
3825  46
299|5
3793  74
1387  75
188  75
1198  75
1214  75
300|32
318  83
356  83
527  83
593  83
1172  83
1704  83
2028  83
2324  83
2329  83
2571  83
2762  83
2858  83
2959  83
4848  83
4973  83
5995  83
6016  83
6711  83
7361  83
8950  83
48394  83
56174  83
63082  83
79132  83
81591  83
92259  83
99114  83
109487  83
112183  83
112290  83
112552  83
112556  83
301|20
21  67
357  69
2490  58
6711  75
589  65
8949  77
837  51
3948  66
364  70
527  72
5989  78
4963  78
608  64
292  65
3578  71
3897  73
4226  85
3753  60
1393  60
1792  59
302|7
480  83
14  77
3  76
25  81
648  81
707  76
110  84
303|11
5378  86
3703  90
1127  86
5544  75
1196  85
3471  81
1580  83
1394  76
2683  82
920  76
1358  77
304|20
314  76
2571  89
2433  78
10  79
1376  90
480  85
1373  80
1777  73
1270  91
1517  86
151  86
356  80
208  75
474  83
1214  87
1375  90
640  75
1722  79
185  78
2701  72
305|20
74624  78
140627  78
87869  80
919  85
1197  82
106100  73
138210  73
788  74
7482  82
80590  77
103075  78
903  88
6537  74
93840  74
54736  77
592  75
2288  81
58803  76
55276  84
1272  86
306|20
5784  61
68954  66
69644  67
6377  63
95543  68
81847  67
111743  69
85367  66
168418  74
167018  71
72998  65
122904  68
69406  62
85788  62
4963  61
115664  66
134368  67
112852  68
161634  68
133419  65
307|20
2190  54
4181  54
31424  54
49314  54
5010  77
7845  37
3392  48
1220  68
6793  59
6483  51
2332  38
56003  29
1991  44
3273  40
4876  54
3421  67
1409  45
413  53
4447  57
52867  54
308|20
2959  45
45517  67
96821  74
72998  69
318  43
2  45
904  38
589  32
8961  61
56152  71
56367  69
5618  63
36  30
410  35
79132  58
4993  56
8464  65
1221  35
2248  46
6  31
309|20
2202  80
1645  74
898  80
1682  76
296  80
1089  80
1269  81
7153  77
6947  75
8340  75
1104  77
7218  77
25886  80
1219  74
8154  77
971  77
1944  77
6365  74
1262  78
2762  79
310|13
6863  70
6947  78
1101  75
6503  65
2524  75
2457  78
5899  80
733  69
246  77
3254  65
1223  79
1080  75
2671  80
311|6
6561  45
5992  43
1517  43
6461  45
1407  45
2706  46
312|20
5816  79
1375  71
3499  79
589  76
2454  71
1358  88
4878  85
4103  77
3793  80
2028  80
1371  74
4121  76
2366  78
2747  75
4105  80
5446  77
2699  78
2529  79
1350  79
1356  76
313|20
4980  54
170  69
3917  77
2455  61
5544  74
541  75
2193  47
2000  64
6  76
1968  60
1089  91
1301  71
1240  67
3175  56
4865  72
2005  52
2167  71
1375  62
2087  46
2530  68
314|20
7  64
1042  73
44  49
165  53
457  54
293  64
597  62
329  55
442  55
26  67
830  67
728  65
618  61
107  62
536  62
10  59
1376  65
153  50
208  54
150  55
315|7
1262  68
2729  66
2529  66
2067  68
2553  67
909  68
902  70
316|11
1748  61
253  61
3968  58
158  58
5445  63
3751  60
7438  64
6874  65
48  59
3882  59
2572  59
317|20
133115  75
73321  69
91529  71
74545  74
7445  72
1213  91
48774  75
4262  87
1884  83
5989  75
3578  84
4011  83
68358  67
1208  85
72011  65
3897  76
3499  78
96829  77
116797  71
56782  78
318|20
26713  75
81191  75
90245  75
111817  75
127180  75
145080  75
150696  75
7445  71
1090  71
116799  79
82459  74
48385  72
2294  70
64839  74
88125  68
109487  75
4021  82
33794  69
54286  69
89753  74
319|7
115617  89
6377  92
356  93
136864  88
1221  92
122904  90
110  93
320|5
72998  73
71535  73
31184  70
59315  73
1013  75
321|12
587  73
356  71
160  76
592  71
597  72
780  74
339  72
355  69
410  74
3  76
500  71
457  72
322|20
2882  60
1968  63
2542  66
58559  70
2788  67
2146  65
2617  69
2918  69
778  72
2599  65
4027  72
4993  74
1230  67
51540  71
1  74
1617  71
1923  67
4010  61
11  73
1035  67
323|20
377  64
480  66
356  66
1094  69
161  59
115569  61
1198  68
29  64
551  65
22  56
318  65
112183  63
253  59
111659  63
3257  59
260  68
150  62
329  59
342  64
266  58
324|5
2764  78
3972  66
3864  68
3949  68
3897  67
325|20
2848  71
235  82
2986  63
262  66
1573  65
2596  69
1584  76
1217  82
1676  69
4714  63
3770  70
3261  71
2894  71
2155  68
1279  84
1614  65
3994  74
2268  70
2915  65
5008  85
326|20
8665  83
47610  86
20  72
2858  82
86882  75
5418  82
4973  82
133771  79
48774  85
2324  82
1293  85
2692  81
72605  71
70159  73
54286  81
5446  82
6591  81
4226  83
105844  74
31410  85
327|10
3301  87
150  91
858  89
1923  92
51255  88
48516  87
1304  83
765  80
6888  88
2706  90
328|20
2687  69
112852  61
70286  60
1196  76
457  61
364  67
80463  61
3489  66
318  65
595  64
5349  62
2542  74
1219  75
35836  54
3751  72
79091  64
7153  73
596  66
2398  59
1148  86
329|5
130482  52
136850  52
858  46
1884  43
750  46
330|20
5378  77
316  59
1639  78
2918  82
919  79
3949  86
3535  81
5349  79
380  60
1676  69
2502  79
3703  68
1682  84
2683  79
1206  77
1721  78
2791  80
2081  76
8874  81
592  61
331|20
8874  78
6157  54
88125  84
6539  73
3897  67
4446  54
7361  85
50872  74
4995  79
4306  75
6874  77
5502  66
3911  74
608  88
4447  63
593  85
3751  65
8665  71
4367  51
2959  85
332|20
47  75
1653  74
1258  84
316  71
8983  70
431  78
97757  72
2291  76
1835  70
356  80
5502  69
4308  74
1203  87
1682  81
1249  71
76251  70
2905  76
318  82
2294  68
32  74
333|5
3785  52
3752  51
3616  45
3615  50
3646  47
334|20
55820  70
1196  73
1580  74
1291  73
3996  73
589  69
30810  68
4027  72
1  74
64957  67
1625  71
50601  69
44195  69
27416  71
6867  68
2997  71
293  70
480  68
5378  70
51935  64
335|6
780  78
592  77
356  80
296  80
2699  72
2001  73
336|12
1267  90
1  90
38798  79
33660  87
1784  92
2001  84
2268  90
293  91
1625  91
4886  92
50  90
150  91
337|16
318  87
47  90
16  88
805  88
1393  87
266  85
667  83
168  88
784  89
65  86
110  90
708  86
25  82
1356  87
277  77
786  91
338|8
189111  64
190207  64
190215  64
190219  64
7153  74
593  82
187541  53
185029  49
339|20
72641  78
5445  80
84152  77
96079  73
106072  63
69122  77
5617  82
41285  84
56869  81
48322  81
65216  80
91630  71
86504  82
91529  78
83613  73
4993  80
3470  88
102407  76
2028  83
5952  78
340|28
10  83
110  83
150  83
153  83
161  83
165  83
185  83
208  83
253  83
288  83
292  83
296  83
316  83
318  83
329  83
344  83
349  83
356  83
454  83
457  83
480  83
589  83
590  83
592  83
595  83
648  83
780  83
1356  83
341|11
2335  72
3624  73
130087  73
1370  73
135137  75
117529  79
5459  73
45672  75
1  71
47099  75
4025  71
342|14
2683  64
2598  64
2881  63
2369  62
1268  63
2605  65
2599  65
1198  66
3157  58
3826  63
2428  61
2827  58
3863  63
1959  67
343|12
858  85
3000  83
48394  86
4226  86
4878  86
3993  81
2571  86
1617  84
31658  83
55363  82
55820  88
296  86
344|14
111362  84
380  86
316  83
2628  85
4226  73
2571  85
4014  75
2012  77
4034  67
260  87
2541  76
4973  79
5418  81
2712  79
345|13
1019  74
2539  77
926  82
5902  80
8810  77
344  75
5707  80
2366  82
56949  83
3649  74
6658  76
3489  78
412  79
346|20
3174  69
778  76
608  74
6711  73
6286  73
306  75
7323  75
307  73
3535  70
1212  83
357  65
3949  75
714  77
7937  80
7396  83
5878  78
1120  72
1131  79
3627  77
7115  80
347|9
434  68
590  68
39  71
150  69
454  68
380  69
587  70
317  69
457  68
348|11
318  97
2324  97
4368  92
1213  98
6016  98
2959  98
6893  93
4973  97
1221  99
1960  95
2019  98
349|8
10  77
161  76
589  78
381  77
349  76
231  76
588  77
509  79
350|8
852  63
7  63
637  64
648  69
733  69
12  67
858  70
661  68
351|20
88932  73
87222  72
73344  75
52579  76
2231  74
88744  76
43836  71
79132  78
597  81
58559  78
12  69
8914  78
8950  80
63082  78
6214  75
90376  72
84152  79
480  81
4878  80
1193  83
352|20
72998  82
71745  71
1801  72
34319  72
2600  78
65682  75
1080  81
79695  60
110730  70
38038  69
130490  73
97752  81
1214  82
94864  77
41566  76
56587  79
44191  81
114935  82
59315  82
47610  79
353|18
552  66
25  83
267  57
216  68
367  83
288  81
144  72
186  65
333  65
266  74
112  71
198  66
234  62
145  68
293  75
158  66
163  73
296  84
354|20
1610  76
4306  78
2692  77
3147  80
47  79
903  76
733  75
3977  67
1225  77
35836  73
648  78
44191  77
8665  73
1917  74
7147  75
1923  76
589  78
2959  82
4718  71
1196  78
355|6
316  77
1580  79
3035  82
3175  79
317  74
916  81
356|20
2248  84
52435  85
52975  79
7122  80
44889  80
1641  81
2706  80
4011  83
802  80
7323  84
2502  80
56367  86
1223  87
55118  79
3949  83
3996  78
1246  81
1466  84
223  84
7153  80
357|20
4354  79
8998  79
27329  79
2804  80
595  73
529  76
4663  76
4091  79
1224  77
1242  83
34  75
208  70
58559  81
6296  78
30793  80
1042  80
2100  80
551  74
471  83
2067  79
358|9
26095  65
605  78
5066  74
52328  71
2226  65
42728  72
7361  71
69844  73
36525  74
359|15
405  62
1092  64
1101  68
51412  61
648  67
296  70
1097  66
2396  72
2424  72
593  70
2701  65
2942  70
1682  72
2530  65
4995  74
360|5
1422  73
1620  65
1488  65
1711  66
1414  75
361|20
47099  66
1580  59
377  60
1552  61
49272  65
1263  53
53125  69
589  59
49822  68
8360  65
318  59
2529  55
5218  67
6188  69
2422  57
3082  65
1732  57
1370  61
46972  71
7458  69
362|20
1945  92
592  88
6539  86
51540  85
5989  84
637  84
70  88
7153  86
1252  93
44665  87
407  92
6874  84
2959  89
1196  90
1208  92
8961  85
48516  86
7438  85
356  86
1201  91
363|6
1552  63
1732  64
1517  63
296  64
653  62
318  65
364|5
858  81
9  86
783  83
376  85
1  82
365|20
59315  58
81229  67
128975  68
6874  55
90345  45
158872  69
129354  70
103075  44
135536  67
70286  58
112852  56
76077  67
112818  47
1777  58
6502  56
155820  55
541  48
95720  69
93270  67
135569  61
366|7
116797  82
59315  81
33794  82
91529  84
2028  83
122882  83
7438  80
367|20
926  89
3061  86
1270  91
1287  89
486  72
3536  72
3824  76
2384  82
3072  86
898  83
3618  79
3225  73
2248  80
3157  81
3969  83
3717  83
1259  92
4023  85
1196  92
1258  93
368|20
3753  61
2112  57
1944  66
2986  49
3869  61
1214  73
2947  65
415  51
3035  63
832  56
50  80
2819  63
1801  56
2490  60
1917  64
1391  64
2193  56
225  60
161  61
2881  62
369|20
1256  68
785  71
47  74
2706  71
839  71
377  67
52973  77
743  66
4214  68
5418  76
3863  75
1372  63
27904  72
60069  77
2857  70
1967  73
150  69
2011  69
1580  67
3174  73
370|19
4011  74
4878  75
8961  75
6377  77
2628  67
1748  69
2116  66
589  75
2329  75
7438  73
3977  72
1676  65
593  74
4973  82
4226  79
1240  66
1089  70
8636  72
2716  66
371|9
2571  91
112512  90
1258  91
4090  88
56715  92
3000  93
4226  92
4993  91
1748  89
372|20
335  67
924  88
318  82
1603  64
1479  70
589  83
81  72
387  61
616  60
337  71
1220  82
1201  83
165  78
1243  67
1258  92
377  78
1401  67
450  52
1206  80
1306  66
373|20
216  51
60  53
169  48
350  54
585  52
44  58
371  62
163  58
616  60
198  62
265  68
25  71
6  69
733  58
47  69
2  66
736  62
305  68
357  61
141  59
374|7
296  72
208  71
1219  78
480  71
592  71
1258  78
1339  80
375|7
344  79
1027  76
32  80
2628  80
3256  77
4226  83
500  79
376|20
91535  91
2002  82
1214  80
1101  80
2916  81
33794  84
1198  82
349  81
1371  81
376  81
1240  82
1375  81
4993  80
858  82
457  83
4226  79
5952  79
344  80
2763  80
2797  81
377|20
4942  78
2793  84
1262  87
2791  84
748  83
1345  79
5027  69
5113  81
27692  78
3421  81
6021  78
3364  69
2072  77
8641  81
2163  78
92760  78
2858  86
1503  73
2124  76
2015  81
378|10
33794  82
7153  83
48516  82
3114  83
858  84
68954  80
91529  81
71535  79
90600  78
364  85
379|8
318  74
377  72
19  71
292  72
480  76
367  72
597  72
344  74
380|20
60818  74
172875  74
172881  74
172887  74
355  77
6979  85
5476  54
2735  79
68194  75
63433  69
72356  71
105731  83
1833  71
551  84
6731  79
27831  77
1665  70
393  68
140956  67
2791  88
381|20
2085  68
1088  72
3253  73
185  65
317  66
27808  64
1240  72
19  63
3753  73
4321  62
72011  81
3082  66
333  60
2140  63
1385  70
2273  66
1208  78
457  66
104  68
2716  73
382|20
1204  96
142372  50
135532  70
1201  94
112171  81
1198  97
912  98
81847  78
4638  77
63540  64
1681  59
170289  70
103042  81
72737  69
2496  72
357  86
81537  70
59501  76
101362  75
4890  75
383|7
2436  71
2541  72
2496  71
1584  75
2558  73
1246  77
903  77
384|14
3527  69
1388  57
2683  71
2502  74
4333  51
3098  67
4396  58
457  74
358  62
968  67
2724  61
296  74
3991  70
1204  68
385|20
736  70
1080  81
249  64
1219  84
1036  82
1136  87
282  63
1073  73
1200  82
1228  84
1022  67
1007  65
1201  84
1246  79
344  68
589  77
1023  68
1287  77
594  65
1303  80
386|14
110  52
410  50
112  52
165  50
223  54
648  55
185  49
608  58
485  51
305  53
44  51
585  52
349  52
10  50
387|20
4393  65
5156  65
5780  65
7336  65
26124  65
40966  65
2712  77
5062  66
1247  82
5489  65
4195  74
7132  74
2946  67
1387  73
3000  78
51939  65
4995  74
912  83
7938  65
1783  71
388|6
6158  70
63239  70
33615  81
86298  80
62999  84
8360  79
389|7
17  87
140  81
628  84
762  80
743  83
95  83
32  86
390|17
6344  75
64957  75
4239  76
5220  66
1193  76
2571  77
9010  78
2291  75
5296  73
4226  76
7254  77
6377  74
63062  74
1206  79
2329  77
4014  72
1784  73
391|20
5575  75
500  62
3994  67
1213  88
516  64
199  85
4027  78
150  67
1408  73
4014  67
1527  63
1059  75
2916  59
4973  84
357  70
555  65
5026  67
4936  75
1210  68
3067  86
392|5
3004  70
2858  73
707  71
1198  71
1125  73
393|20
91658  77
102125  88
48394  90
36517  79
8636  89
110102  87
44199  80
5388  71
54259  89
4848  66
5669  90
1291  72
68848  82
86190  69
2571  84
1206  79
122892  84
106642  93
1625  73
106489  77
394|5
588  59
316  59
344  58
225  57
457  60
395|13
329  63
1025  57
296  63
160  62
208  62
173  64
485  65
355  58
520  64
595  62
126  58
48  60
367  64
396|6
1276  70
1597  64
1777  70
44  67
204  74
2081  69
397|5
4017  79
8645  79
1701  81
8228  86
6993  85
398|10
6408  84
1197  86
5971  90
7022  85
1198  86
60069  85
2455  83
1136  85
48516  84
82459  84
399|8
1198  79
110  79
5445  84
1196  80
593  81
480  79
1270  80
2194  79
400|9
608  95
356  95
2571  94
2959  94
7153  94
1221  94
3578  93
858  93
59615  86
401|15
5952  68
6297  74
55768  74
48982  72
166461  73
49274  77
50872  70
32031  75
79091  73
170939  71
38038  73
8360  67
3114  69
33615  73
1136  68
402|10
1084  78
597  83
52  77
329  85
296  82
586  84
315  79
1036  82
434  83
527  83
403|7
110  79
2427  75
3210  75
296  80
61465  75
1663  71
180  77
404|12
204  66
349  70
474  69
34  70
364  71
508  70
105  69
593  71
509  69
277  69
315  65
185  70
405|20
70708  80
293  85
7254  80
37731  82
2959  83
345  82
1213  84
7134  80
64614  82
6023  86
1241  82
2329  83
1247  84
3052  80
68237  80
1199  84
27592  84
27664  78
3418  79
1215  80
406|5
1586  52
135  56
56949  72
46972  63
724  59
407|5
7153  84
2959  84
6539  84
1240  83
54286  84
408|20
1198  89
122904  82
44840  82
165101  80
6618  81
1291  90
1210  89
89745  87
1278  88
7324  82
44  83
8641  87
115210  81
103596  81
68554  81
2571  90
109487  86
63131  75
80489  87
4649  80
409|20
2485  69
2490  69
2028  87
3812  80
1278  87
2997  82
296  86
1078  80
3016  74
1073  82
2683  79
2289  87
3846  81
912  90
2013  87
1911  71
2352  87
1230  88
2541  63
3174  72
410|20
389  81
3224  83
318  71
2302  72
4002  80
1060  68
4297  82
3263  75
1859  83
111  82
58  77
2145  76
3255  77
2321  73
3504  90
3948  67
11  71
4019  71
3  75
597  65
411|20
508  69
261  66
586  75
432  69
353  74
431  74
194  61
318  80
272  63
515  64
356  82
266  74
257  67
349  74
10  74
31  68
344  74
227  68
455  67
122  66
412|20
2828  73
2384  77
2915  79
903  89
608  78
2720  62
2858  80
1883  78
1307  81
1214  80
1784  79
2239  85
1  75
930  89
1136  79
2710  74
915  86
2398  84
17  82
1079  86
413|12
2706  87
1198  90
3753  88
2424  90
593  91
128360  93
4993  87
16  93
5574  92
3948  87
64957  92
2959  93
414|20
4458  68
4666  68
5285  68
5635  68
6033  68
6493  68
6563  68
6628  68
6797  68
48319  68
58879  68
169992  68
3802  50
3599  67
1600  63
8666  56
4975  77
7444  69
4081  52
177593  84
415|19
296  85
1213  89
4321  78
3507  86
4308  77
47  86
1021  74
111  91
2617  79
1276  89
3861  75
4369  76
99114  88
1221  88
63082  85
1234  89
45722  82
1197  86
175  85
416|11
5952  45
5951  68
531  65
1296  65
1199  61
1721  44
830  61
1206  63
7323  59
4848  63
3677  55
417|14
778  93
4995  94
4975  92
7254  93
1198  93
106782  91
27773  93
168250  89
1625  95
7153  95
74458  92
110102  89
48394  96
4878  94
418|19
356  83
296  84
63082  82
104374  73
1276  90
1136  85
117176  85
1573  63
137337  76
1682  88
5816  78
88125  76
74458  86
367  68
89745  77
45672  67
87869  70
7361  87
54001  78
419|20
4093  76
111  86
46976  80
27822  77
2858  86
319  79
6287  80
3578  85
1213  86
64969  79
47  82
79592  77
34319  78
89580  76
60756  78
27704  76
90943  76
2412  78
1240  80
52245  78
420|20
1161  78
4993  82
45499  74
923  77
26693  77
48385  76
1927  80
5608  79
2052  78
6934  76
7022  76
3979  75
59295  77
2329  80
54259  76
1131  79
2762  81
4973  80
5669  79
527  82
421|8
2858  87
909  83
5008  88
953  88
1178  88
2313  86
2478  77
1203  86
422|19
2539  67
2710  74
4947  84
4971  61
5039  71
4925  67
2581  60
4916  75
1265  79
2804  72
3053  54
2665  67
1283  78
4835  66
2908  74
3943  58
1213  80
2670  78
858  79
423|5
1653  77
110  84
2194  77
5349  77
1320  78
424|20
1193  74
141  76
2804  72
40278  73
608  71
108729  73
293  69
69122  74
1092  70
54503  75
58559  72
3186  71
66097  74
778  73
5679  76
3176  72
2288  68
2174  74
71668  67
112556  78
425|20
45517  73
377  72
2329  80
733  66
6  71
1645  72
8368  76
2081  64
4306  77
1680  73
1909  66
367  69
46723  71
1625  73
1036  71
4901  72
750  72
2353  68
1342  66
145  65
426|18
59784  74
150  80
471  71
337  74
54001  82
1197  72
6378  66
72641  76
4886  76
8644  72
37729  76
597  82
5444  75
91325  61
588  78
3247  83
4022  76
79091  76
427|17
4887  60
5463  59
5015  70
110  74
58  72
5528  58
6348  56
5312  67
2710  74
5696  65
4993  73
5266  67
2683  71
5400  64
5816  70
1208  77
5574  62
428|20
2471  49
2762  63
3827  51
1089  73
2953  53
2916  54
1380  54
1997  53
3440  40
4022  58
317  43
4255  48
1208  66
1391  56
6377  58
2581  49
260  66
3285  61
588  46
653  48
429|12
339  83
421  80
150  84
225  81
165  85
266  86
329  82
252  84
279  79
317  82
237  85
204  78
430|12
923  82
2987  73
3745  75
6287  75
2858  79
6365  77
2571  80
4447  77
4014  78
329  73
2076  88
4446  73
431|5
172  53
1625  58
1376  58
3948  53
802  52
432|20
1831  63
5630  76
6870  72
8640  75
6539  74
3916  69
5989  72
84189  73
110  72
35836  73
4886  73
2762  74
1206  70
49272  74
19  68
318  75
58559  76
69481  81
7158  69
33660  73
433|5
91529  71
1089  75
50  75
5299  75
110  76
434|20
1136  87
3147  88
1090  89
1265  83
5989  76
1101  78
1779  60
586  73
344  72
3863  82
1208  92
3160  83
589  84
780  78
6796  80
2791  86
4226  87
2194  82
8665  72
1291  90
435|9
2353  87
44191  93
485  85
3510  85
34405  91
2302  84
158  84
82459  90
48780  92
436|20
204  60
435  62
440  72
432  62
161  63
480  69
377  65
531  67
536  57
502  53
364  69
235  72
371  61
344  64
2  67
585  67
450  62
587  67
437  57
227  56
437|20
748  69
318  84
5  66
640  67
1299  84
1120  90
1396  81
1246  81
454  72
1171  82
1225  88
1183  83
1097  82
1307  76
1268  78
592  72
198  76
155  76
112  64
246  86
438|20
7154  64
2501  70
8966  63
27801  64
1527  81
6711  80
3898  58
1784  80
8644  69
6367  66
2424  74
3889  64
223  79
1517  74
7361  82
2641  71
5009  60
2617  72
3753  78
2393  72
439|5
356  82
4022  81
7153  82
78499  81
1240  80
440|7
8690  77
541  81
29  78
1653  82
1274  81
3174  79
1235  79
441|9
589  88
2683  91
2959  90
4306  91
260  90
296  87
51255  93
47  88
68358  92
442|5
2908  21
2881  22
1186  23
3752  21
4361  23
443|8
2329  82
79132  83
296  83
48394  84
106487  85
108190  82
7153  82
63082  84
444|9
356  75
592  71
208  67
21  69
111  78
110  74
235  76
296  74
344  68
445|16
2028  85
590  85
34405  78
47  88
116897  85
780  86
4011  83
899  78
593  86
33794  79
1080  84
45722  75
17  83
1230  83
306  79
2710  81
446|17
237  62
339  63
300  64
296  69
480  64
368  63
288  62
172  64
17  68
16  68
357  64
150  63
434  58
153  61
648  64
593  68
337  65
447|16
257  79
293  83
337  77
531  77
382  75
589  79
552  75
253  77
362  73
532  72
292  78
31  79
474  79
540  83
442  76
160  79
448|373
2368  57
3284  57
3933  57
6302  57
6476  57
7245  57
48262  57
49688  57
75803  57
75816  57
78116  57
79590  57
86593  57
92198  57
98908  57
100326  57
102819  57
104760  57
108715  57
109191  57
111680  57
113416  57
116207  57
116985  57
129657  57
130083  57
133377  57
136654  57
138546  57
142424  57
151777  57
152658  57
157130  57
158022  57
161290  57
164375  57
53996  64
136778  57
5418  75
288  68
88356  40
2580  73
155358  57
2889  59
4034  78
148888  38
81156  47
2713  66
103335  58
95441  57
34048  62
80126  54
3057  57
1057  74
2794  63
33830  48
8665  74
6059  49
110553  47
90374  64
151501  57
3764  60
6143  66
103819  44
4361  72
104913  59
3986  54
5528  67
1196  79
105351  44
83349  53
3276  57
1090  74
5349  73
587  65
106330  50
4677  71
95508  57
109895  52
110611  57
671  64
2289  75
152077  60
80693  56
111360  48
170  54
87444  54
94323  50
8493  74
3671  81
91653  62
4981  57
2991  73
78034  57
119145  64
5099  55
4299  51
2567  57
6996  64
109864  44
6582  62
73017  72
370  67
543  73
115617  68
590  66
154065  57
5553  64
41569  54
3286  50
6645  67
589  70
1920  64
2857  64
111663  51
78499  69
2657  80
6537  54
1148  81
46974  46
48516  80
80241  49
445  65
4262  78
3689  59
114935  58
6428  66
127194  57
109673  52
127096  49
89388  57
4156  57
3793  73
33679  61
2014  66
64285  52
3968  58
49530  71
3450  63
160563  51
5502  63
8169  62
6314  54
122490  57
3386  70
140725  49
4896  74
2642  60
127136  63
2763  66
2520  57
457  68
48783  62
3263  62
5400  45
5541  72
4011  76
58351  57
127132  57
152091  55
3698  63
435  62
4799  69
84152  67
3401  54
2858  83
3174  73
7076  65
106542  57
6218  68
2860  44
1283  83
3618  66
2616  75
90439  62
2404  61
4660  57
2530  66
26386  57
4327  73
3030  83
71464  66
32  71
91529  71
4158  54
99114  70
98585  49
93326  55
2268  70
80489  62
130576  43
105504  67
2791  79
50601  46
7007  55
4234  56
3623  66
80727  48
78467  56
8641  67
4128  70
106782  70
2537  58
112138  59
3247  68
112818  45
2027  59
3101  70
5779  57
82202  53
1704  80
98296  57
6863  68
89305  47
4203  62
1201  80
6212  55
637  54
84954  59
6814  57
94864  64
67695  54
159077  57
92439  60
6812  54
3156  58
802  61
118354  57
134130  67
138036  63
65135  57
52975  56
4368  44
90717  45
45722  68
79259  57
68157  74
4233  53
74458  72
3258  60
1262  91
3949  79
101025  38
69526  55
1831  55
1083  65
1884  77
1476  64
156609  49
3755  59
111659  53
4734  68
161  62
95201  57
135887  57
2598  65
87232  66
4634  58
5334  48
5459  58
146730  57
72694  57
157432  57
132488  57
4558  66
1375  64
6424  57
71518  52
2716  77
94780  43
3593  52
129354  51
158  64
1409  71
6514  57
2881  55
51662  71
90522  47
68554  44
2126  51
122932  57
93510  64
137857  61
125916  64
2953  62
2090  66
1760  61
480  75
58803  63
2109  70
50792  54
46062  52
85510  54
80864  57
112171  62
122900  60
2587  49
1527  66
117529  52
4993  78
92264  44
5247  65
533  58
912  82
26464  57
2249  63
4678  63
103772  49
114601  51
96861  48
420  66
59615  63
2349  71
109372  50
95207  56
348  73
19  63
136020  52
4502  52
91094  52
138208  51
3511  52
79428  54
2643  55
109183  57
2139  67
4212  57
5942  48
96417  50
112852  68
99728  50
89470  64
142448  54
64983  52
2640  65
2046  66
4881  75
3882  61
3744  48
1032  74
116799  59
5  59
4040  67
157407  57
2115  76
1617  83
4367  46
105254  54
3388  59
3760  74
2146  69
2968  72
6281  63
466  63
96448  51
86332  56
64969  69
115170  57
1036  76
3397  63
2474  71
1408  71
155743  57
106920  72
8542  58
120466  53
2051  54
7143  76
7150  54
89087  57
34150  52
2253  64
2973  78
449|8
1917  70
2502  71
4034  76
1222  75
2770  65
762  64
2011  67
2324  75
450|11
3977  82
589  83
110  82
3363  84
3535  82
3948  85
3409  78
1035  82
3568  80
358  84
1259  85
451|7
733  76
593  77
7  76
5  74
494  75
25  78
17  74
452|20
4025  93
2858  94
2617  88
5292  93
1206  96
1676  91
3219  90
47  95
3101  93
163  95
1092  91
1917  93
2126  91
1356  92
552  92
2628  92
1200  91
608  97
2707  93
3273  94
453|20
208  84
858  87
2335  82
4022  88
3618  73
1617  81
3452  70
1357  79
112  76
2671  93
1884  87
1894  78
2294  85
318  88
1614  76
3534  80
2959  89
798  68
5266  70
780  84
454|9
7361  76
2692  78
7116  76
55820  75
6016  77
27773  75
2160  77
2858  78
26131  76
455|12
272  75
432  65
367  70
590  69
253  66
364  71
555  69
252  68
110  72
225  64
588  70
597  73
456|9
1407  76
634  75
135  70
5  76
724  73
780  75
733  76
260  76
706  75
457|10
329  71
3593  69
2692  77
1356  75
223  78
2394  73
2701  72
3608  71
733  78
2094  73
458|12
597  83
185  83
10  79
380  83
95  82
454  85
300  83
595  81
153  81
587  85
150  84
552  81
459|6
79132  87
5618  85
8961  86
48780  86
50872  87
260  84
460|17
89039  84
4886  90
4703  83
3831  87
1441  83
4878  89
3483  80
8970  88
1  89
49272  90
40815  89
85414  87
68237  90
76093  91
47610  90
63082  90
2571  89
461|6
74458  62
2762  61
1036  59
91500  62
3578  61
539  62
462|20
26838  68
89090  68
164655  68
188189  68
1136  60
1219  71
158966  58
1248  79
508  52
1653  53
1674  56
8917  63
8620  56
3424  77
2146  56
7044  75
3814  83
1213  64
82857  68
26131  77
463|7
6377  79
2028  80
4310  78
3753  78
2006  77
1092  76
5995  80
464|20
1370  85
58025  71
63853  67
296  88
2019  89
3527  83
5254  84
7007  70
1101  81
1779  71
377  83
1653  88
55820  86
648  78
33493  87
1610  91
65088  73
74727  81
1617  87
62374  75
465|20
2941  86
2987  83
1200  85
3448  85
5060  90
1299  92
3703  82
3649  83
1625  85
292  76
904  97
3101  83
1754  83
750  92
1256  88
593  87
3732  86
3740  74
3334  92
377  79
466|20
5418  78
30793  80
79091  79
92259  81
5989  82
5459  79
318  75
63082  80
59784  78
5010  75
74458  75
6281  77
5952  75
8529  81
64716  81
68954  80
4993  76
45447  82
81845  85
55247  80
467|22
41  83
58  83
389  76
466  83
527  83
593  83
780  83
1183  83
1233  83
1357  83
1365  83
1408  83
1721  83
2028  83
2125  83
2324  83
2334  83
2384  83
2390  83
2393  83
2394  83
2493  76
468|7
592  73
349  73
1  73
317  68
296  74
32  73
165  71
469|20
3658  74
3832  74
3507  74
3032  72
2736  73
2132  82
1958  79
910  82
1090  88
1485  70
1388  64
2321  77
1234  84
2081  69
1193  94
36  73
2908  74
909  86
2023  81
3255  69
470|16
253  71
318  76
110  76
588  74
282  72
5  67
597  76
32  71
595  76
592  74
500  75
26  66
356  78
357  77
434  70
300  71
471|6
2571  77
8874  76
527  77
1  76
8360  75
7147  76
472|6
58559  82
3450  78
3298  79
2840  77
1221  82
858  82
473|8
4979  77
2959  78
60  64
7147  78
6281  74
3897  75
48322  68
2596  69
474|422
638  68
2179  68
2697  68
4046  68
5114  68
5311  68
5353  68
5455  68
5601  68
6201  68
6273  68
6382  68
6407  68
6592  68
6912  68
7702  68
7826  68
7832  68
7839  68
8057  68
8446  68
8458  68
8459  68
8611  68
8650  68
8774  68
8938  68
1466  81
6708  80
2940  73
2616  60
2334  56
7139  76
4218  68
371  64
750  81
2935  79
8645  69
5481  72
6370  74
25865  68
2553  65
912  84
2467  77
5548  56
7301  70
52967  71
5945  75
480  77
1983  45
3462  80
1068  68
8600  71
6650  73
8482  68
6791  71
4016  75
1784  77
3668  63
3977  76
8961  84
4160  69
30820  66
6984  68
2750  74
5034  69
7716  68
2612  68
4419  70
1300  75
4187  67
1187  77
6565  73
272  78
5440  68
25937  67
1099  71
3125  68
5826  68
5649  68
7256  73
4912  67
6016  83
1208  80
2083  64
3385  51
2310  70
3360  71
3163  66
1413  72
4081  51
1643  73
968  68
2116  62
26965  71
5954  76
1263  82
5116  68
3536  62
8778  60
63433  73
2952  72
318  83
3394  47
1200  74
3384  69
4356  65
932  69
7698  75
516  57
4873  70
48385  76
39869  68
1902  68
2641  66
7036  64
2181  70
4638  71
31116  72
2455  66
2146  62
628  67
3897  84
1030  51
4022  83
344  74
3196  64
92  64
237  66
6770  73
3259  72
3368  58
26151  70
1293  78
34072  65
3044  62
1639  78
5944  65
6539  82
477  68
7361  83
55687  68
58  78
4014  83
3467  67
8154  77
4191  69
2134  49
4644  67
4293  56
5013  79
1399  72
1196  81
2918  76
5899  69
4465  68
100  63
361  64
3341  74
8921  68
195  59
3789  68
4709  53
1588  59
3468  73
4678  65
2723  58
2118  62
1939  76
7019  59
3147  86
1792  60
33903  71
1682  81
41566  81
1693  66
1957  67
5021  72
2313  66
3870  68
948  77
47099  80
3447  69
6614  63
216  62
5619  57
3987  66
5060  78
3111  60
45950  69
32584  73
5525  68
2567  57
5956  73
7  67
1172  78
3217  68
8331  68
587  74
5238  73
1189  75
2416  51
832  69
3095  76
7386  69
1223  75
7058  68
5246  43
5418  80
27803  79
26  62
4002  70
1135  52
45  74
6945  74
2411  58
2520  68
7347  72
5375  68
5673  79
3039  73
7833  68
33781  76
720  57
2103  65
33154  71
608  80
1327  58
101  70
7061  68
5451  68
5682  74
5434  76
6609  68
31658  81
4578  59
2009  72
4704  68
7572  68
4929  53
3306  71
6334  67
5379  67
5437  67
42418  67
4128  68
7451  73
2786  49
2243  64
27846  73
6197  69
3264  63
3608  56
5603  73
6124  67
1222  76
1663  62
3566  63
3755  67
2628  76
4815  68
2089  62
7102  55
27706  74
7013  75
1348  77
45666  73
5755  42
4055  56
2058  69
4462  64
1544  68
2405  52
4998  68
273  65
1977  47
1732  79
7822  68
7073  68
41527  64
4787  69
1676  70
3708  49
6669  70
317  68
25940  68
971  77
7366  73
3115  65
7026  61
2710  75
50685  68
2114  62
3809  68
3516  72
2770  67
535  76
4878  81
5992  78
41997  76
1083  67
4487  58
7293  74
1016  55
2006  70
1007  55
4993  84
3412  50
5007  68
3929  71
6639  67
8712  68
1876  71
3546  68
34359  68
7579  68
7325  64
6837  68
2634  58
7753  70
8943  66
8385  68
4308  75
3246  78
3745  75
1148  71
42002  68
50740  68
3952  58
1927  76
7581  70
910  79
3948  73
54881  71
1284  77
4007  68
5341  75
3675  65
52975  68
6244  75
965  74
454  73
1247  79
7215  76
1282  67
8207  77
6242  73
6502  77
4509  50
3528  67
2391  70
4262  79
4039  63
42018  72
3271  70
976  68
48394  83
5384  68
5168  68
1358  76
6534  75
8773  68
2384  71
48780  81
1269  78
4600  64
2642  55
111  81
933  78
3578  83
5297  64
944  67
6020  68
2123  57
748  60
4896  81
5380  69
53953  74
3712  64
25996  68
1997  75
4464  66
4085  65
51540  77
2707  65
2069  73
6710  67
1488  54
6378  79
928  79
3038  75
7116  68
44511  68
594  65
1962  77
421  61
4316  65
2761  76
4823  70
892  71
1345  77
5294  64
1408  70
6579  58
3272  61
3421  66
3844  54
6787  76
37736  68
2249  58
1610  81
2468  51
3498  53
4902  70
6268  64
5225  77
5404  62
929  68
25999  68
7835  68
805  64
4126  52
475|20
6539  90
4993  91
87232  85
40815  91
5816  92
8644  90
81564  84
4701  87
81834  88
6564  84
68791  86
111759  85
7153  91
1527  97
71530  82
4896  92
106487  83
112852  85
3578  95
82461  84
476|14
594  81
34  81
380  79
158  78
153  80
586  81
440  78
364  82
378  64
357  79
224  76
165  78
296  81
11  76
477|20
34  75
913  82
3100  78
2105  76
1271  78
1207  83
70687  88
2174  77
45672  76
4571  71
3973  76
4226  84
1103  79
5291  82
348  83
3593  60
1  78
1274  83
6502  81
59615  82
478|5
1917  61
3114  61
594  61
1584  62
1101  59
479|20
5365  65
4488  76
524  65
1025  74
3707  72
1220  82
4010  56
3244  83
3526  71
4092  65
1968  82
4700  79
4003  70
3671  72
2671  78
341  65
2012  73
2542  80
454  57
2384  73
480|20
43914  65
2700  74
8533  67
2193  69
2797  82
3484  55
2571  86
1210  85
2596  64
8866  46
47610  77
6306  65
5379  57
2018  71
7153  80
3911  82
44191  78
38061  76
5673  84
380  69
481|7
1608  57
1687  57
1629  54
1729  55
1620  52
1597  56
1485  57
482|20
2068  76
8985  74
1036  85
474  77
1042  78
4389  57
780  83
27706  81
3211  58
1610  80
4367  83
1374  84
1220  80
1602  72
653  85
592  86
30812  76
4862  58
8361  79
8529  85
483|20
105325  72
783  69
2541  65
2959  89
109971  72
45722  76
1199  86
50872  82
2000  71
4306  81
69757  82
2683  76
2273  68
1588  63
109487  89
66934  75
1721  76
2328  65
68522  72
8972  66
484|20
93320  76
1438  74
6155  75
6944  79
2706  79
33166  78
6874  81
3697  68
1059  80
76293  78
919  84
2762  74
1821  76
837  86
5810  79
1753  80
3254  80
4718  76
2413  71
3646  75
485|5
588  81
161  81
253  80
292  80
231  81
486|12
653  86
47  83
110  83
153  78
474  83
95  85
288  81
329  77
161  78
318  82
292  78
6  90
487|12
27611  70
8961  69
318  68
1198  71
31658  71
1197  70
6539  69
5445  68
116797  70
4027  69
8874  70
86377  49
488|20
720  78
838  72
608  88
1223  88
26  69
5135  79
2109  75
7720  73
7303  83
4014  86
5995  91
457  81
105  70
1136  88
272  77
1269  78
3176  83
1278  77
1125  73
910  78
489|20
79536  61
86000  61
4848  71
736  56
8387  54
4700  56
45666  43
4720  69
2683  58
2021  63
2389  60
1619  50
950  66
58559  79
2236  56
2167  52
1616  49
247  75
376  56
2717  67
490|20
46578  71
89492  67
81591  66
91077  66
60074  57
5816  60
4144  71
54001  61
1  65
1784  68
7153  68
4993  70
89759  70
86320  69
60128  61
76251  63
8368  62
69122  68
2006  56
78499  66
491|13
106782  86
69757  83
7293  87
27808  86
4246  86
3948  83
104374  85
86833  80
140110  80
8529  86
180231  84
4306  88
88405  83
492|20
736  80
784  83
628  74
858  81
852  79
64  73
990  82
830  78
743  80
62  73
52  75
1499  88
66  79
1210  81
881  74
1474  80
1405  82
724  78
1047  86
65  87
493|13
2985  78
4444  71
2916  78
1275  77
2571  81
1527  78
2028  79
3793  78
2167  77
1215  76
4701  74
2924  70
260  80
494|5
1196  88
4498  85
3578  87
2028  88
1210  88
495|20
140523  80
115149  92
1259  83
1721  85
136562  81
80489  88
19  77
50872  76
231  77
102123  86
52319  84
7254  81
7360  77
8528  86
1645  86
46578  83
30810  81
2918  89
148626  93
56775  71
496|6
1221  73
99149  72
858  72
904  72
8865  69
114713  74
497|11
1193  69
112556  70
112290  80
1916  72
92259  71
2329  64
112552  69
1258  69
2762  65
5349  63
111362  65
498|7
344  78
231  79
648  79
10  79
300  79
356  81
316  79
499|6
1202  77
2337  78
38304  100
327  77
56286  89
1304  83
500|18
2599  73
2987  74
543  67
2700  74
2542  70
1265  79
2916  72
356  68
3301  73
1784  76
1914  57
595  60
2355  76
3536  68
1885  70
322  62
838  55
720  57
501|9
6  71
62  68
93  59
45  65
3  69
637  68
11  70
18  68
662  62
502|7
7236  74
1077  79
4412  77
3469  81
2001  70
2520  72
1777  75
503|19
7455  67
7361  70
4878  69
356  75
91500  63
593  77
527  78
858  77
4226  75
1259  75
1342  79
2877  73
92509  67
90866  65
500  72
441  73
48516  70
2858  75
48394  68
504|18
4995  80
5812  73
2321  77
1  78
3556  77
7153  79
6708  77
1288  80
6927  76
4033  81
4700  75
6565  79
342  77
3408  79
6879  75
4361  80
5952  79
5955  80
505|7
1241  92
4105  91
1029  84
74685  88
273  85
6502  88
54999  86
506|9
59258  64
54272  62
37741  62
56782  68
62293  63
51834  67
49286  68
112556  67
61024  63
507|5
165  67
266  67
253  67
377  68
593  68
508|5
2872  44
2011  52
1952  45
1175  50
898  44
509|20
26958  64
130073  64
2028  76
87232  70
33830  57
5313  55
48  66
2090  60
2080  61
6942  68
8907  52
6156  59
5816  74
39  67
3988  61
6807  71
7458  62
1196  76
45447  64
616  63
510|20
1882  60
7026  60
35836  62
494  48
1198  68
514  59
457  54
2935  70
858  70
2699  65
317  49
8949  64
2918  66
145  49
1262  69
6787  63
1208  67
372  55
1242  63
40819  61
511|11
2959  90
53953  85
115149  82
164179  82
6534  86
99114  87
92259  89
318  91
2324  88
1653  87
56757  84
512|10
480  74
150  73
349  72
47  76
350  71
442  73
457  73
50  81
317  69
593  80
513|7
5952  79
318  79
2174  78
235  81
1304  81
1220  80
1080  79
514|20
1335  66
5704  66
62586  66
168358  66
180263  66
1704  75
2005  76
2792  54
2013  77
1673  76
134130  72
76093  72
1333  78
58998  75
68157  72
2406  76
3210  77
54503  74
4855  78
1644  72
515|6
33794  98
2028  98
527  98
91529  97
58559  98
2959  98
516|26
260  83
457  83
480  83
647  83
708  83
1042  83
1090  83
1197  83
1198  83
1954  83
1958  83
2021  83
2259  83
2268  83
3052  83
3471  83
4027  83
4291  83
4306  83
4321  83
4322  83
4333  83
4337  76
4349  83
4361  83
4429  83
517|20
4306  61
53125  57
1265  60
165489  48
97938  50
88744  39
86880  45
4148  39
26761  48
3398  43
1293  47
3988  66
2858  54
4963  54
1204  49
1704  58
47629  46
7669  44
1206  56
46578  53
518|5
3101  71
2657  71
783  71
1876  70
6365  74
519|6
1704  87
356  87
140110  88
6378  86
7445  87
1968  86
520|20
7266  78
318  76
1049  73
59315  80
4995  78
32  84
2716  82
4333  77
1291  86
1732  85
4085  79
2723  79
3081  79
3994  74
33493  73
135  73
2393  80
60516  85
2406  80
1584  80
521|8
661  71
112  72
86  72
104  73
58  75
79  69
52  76
852  74
522|20
99114  80
81932  73
89492  86
63113  80
2959  86
1193  82
1375  81
4993  81
223  84
27611  82
76060  83
180  71
59315  79
1617  87
10  77
67255  89
2023  80
6187  75
318  84
127098  82
523|15
168252  96
8970  95
5989  96
318  97
91529  96
1721  95
293  96
65261  93
4270  95
3147  97
27731  95
134130  96
31696  97
527  96
101962  93
524|20
1356  77
150  69
552  70
748  65
344  69
442  65
253  70
1225  76
20  64
589  76
1242  85
544  68
173  66
1302  81
380  71
457  72
1020  71
788  69
193  68
466  67
525|20
120807  71
317  72
6863  71
8622  72
33004  69
7147  78
2396  77
40815  71
137337  71
1639  80
1968  81
91869  71
45880  69
2100  71
339  75
4886  75
50872  69
86332  63
8983  68
3996  76
526|12
593  82
55247  81
46578  83
176415  83
1295  83
90430  87
4014  85
2352  84
176413  83
215  84
81845  80
51255  81
527|20
2137  80
3114  84
3210  87
3016  91
2161  84
4571  89
2118  89
3421  89
455  86
2867  82
2450  90
1909  86
1214  95
4299  85
736  88
2477  82
588  90
4016  79
1259  90
2533  85
528|15
4886  76
2278  83
80906  71
4037  74
1240  80
64614  73
3821  72
150  80
1291  79
80463  67
593  79
99813  67
85342  67
48516  76
58559  79
529|5
653  64
135  62
65  63
62  64
733  67
530|6
292  77
500  79
300  76
586  77
593  78
11  77
531|5
593  86
590  84
919  83
480  86
1215  77
532|10
1721  89
4863  90
457  89
290  88
1245  92
1242  93
2023  90
2329  88
1304  90
517  89
533|8
1200  91
6502  92
79132  94
46578  91
93840  94
4973  91
2455  89
66934  93
534|20
116724  76
97913  72
94953  72
2003  83
2167  81
7569  71
153  81
1485  84
65514  75
104218  75
344  81
2571  83
5445  83
95875  73
112818  74
82461  67
96610  72
2987  84
138036  70
1566  78
535|6
2571  62
2581  54
2700  59
2688  51
2583  61
2882  39
536|8
232  72
272  69
356  65
335  65
225  60
150  63
434  58
589  61
537|10
80906  86
367  84
7153  85
53322  90
104218  80
97304  77
6539  86
318  83
89745  86
105504  76
538|8
595  88
3671  88
80549  88
4039  91
69757  88
5047  87
44889  89
66934  89
539|8
4306  81
6753  80
5218  79
50872  82
88  71
3301  75
4886  81
69122  81
540|9
2598  82
2959  90
1073  85
8874  88
1681  78
2183  81
2841  85
2747  85
1196  89
541|18
590  70
457  70
413  64
15  66
110  66
595  71
597  70
480  66
356  69
203  69
529  75
357  71
22  66
345  67
546  64
586  67
281  66
350  73
542|20
6539  74
30793  70
5299  75
2542  73
34319  60
33679  64
4963  74
5481  67
1997  69
4025  71
3623  75
924  75
4369  66
6378  70
2571  81
7254  70
41566  69
37733  63
7361  77
45517  68
543|16
73881  65
1702  86
595  92
3301  92
231  93
2378  91
2379  90
86882  76
6377  95
588  89
377  96
48385  87
2571  97
4526  88
4388  84
92259  84
544|22
1  83
3  83
14  83
32  83
40  83
62  83
68  83
95  83
116  83
619  83
626  76
648  83
650  83
694  83
736  83
780  83
839  83
1042  83
1047  83
1059  83
1105  83
1356  83
545|5
1438  72
1267  70
2763  74
1367  68
44  70
546|13
1270  61
3328  66
480  59
1970  64
2456  67
1976  63
589  62
2657  57
1673  65
3941  67
3959  67
3566  66
1977  65
547|5
1211  83
2859  83
2917  79
1394  83
1288  82
548|26
69  83
260  83
356  83
733  83
1196  83
1393  83
1477  76
1621  83
2571  83
2716  83
3263  83
3578  83
3916  83
4776  83
4899  83
5955  83
6874  83
7458  83
8531  83
49910  83
58559  83
74532  83
80862  83
122904  83
125916  83
168712  76
549|5
2571  72
2028  72
4226  75
1210  70
589  71
550|6
167296  85
102125  86
106782  88
116797  88
112852  87
122882  87
551|20
5010  70
34162  73
60069  74
1544  77
45186  77
103772  75
51935  72
4226  67
2353  77
7153  66
5989  67
135569  79
115149  76
88129  71
134130  76
6934  66
47  72
4701  75
2959  68
98809  73
552|20
2916  75
3317  71
1405  58
2953  65
2245  72
2944  76
2890  78
2125  60
508  63
3948  73
5349  77
2959  83
2857  56
173  51
2991  67
2871  67
2628  81
4308  63
4878  84
3101  68
553|17
55765  88
3481  92
1923  91
2571  90
4011  91
50  92
3949  92
1089  92
44199  87
5513  86
2231  88
2395  91
3052  90
61257  86
1221  92
33166  89
2959  91
554|18
1196  83
1022  86
2820  80
1207  85
1517  81
1282  86
1210  85
1760  77
2282  83
1225  81
907  79
1358  90
2096  81
1028  82
593  83
608  84
953  82
2324  91
555|20
790  69
3664  69
1  84
3111  64
3395  53
104  79
1334  62
2506  72
2072  68
4002  71
1266  89
2641  72
2256  62
2791  83
2701  77
1333  83
1320  77
337  78
1393  84
3526  68
556|7
162600  86
122890  83
3081  83
88125  82
588  82
72998  83
74789  82
557|6
648  77
231  78
1291  77
260  76
1210  76
150  79
558|12
5329  79
5064  77
4903  79
2297  76
2568  86
4993  79
4306  79
367  78
5283  74
1097  81
4164  75
5294  74
559|20
552  59
608  80
355  59
329  62
544  62
1527  79
173  58
377  68
745  76
174  58
529  73
350  64
349  64
533  59
836  67
1210  81
420  62
786  72
227  57
253  61
560|20
5839  71
91535  68
136018  66
67997  71
79132  77
3253  76
142558  71
2355  72
39435  69
1527  76
40414  74
64614  76
48744  74
56587  70
593  79
76251  76
84944  70
109313  71
5878  73
40819  73
561|20
168174  67
5308  63
78469  56
3703  78
60069  77
91535  58
2105  73
73017  78
5445  79
2000  81
83134  61
79132  80
79592  61
80463  72
89745  70
527  86
8972  60
353  69
33162  60
68157  77
562|20
27140  82
6870  87
6377  89
2580  84
1249  84
4776  84
36529  78
1259  90
1982  85
2268  88
2133  79
83134  82
3210  86
48394  84
30707  91
33836  77
2692  86
88163  80
99191  82
1240  83
563|20
61071  66
70932  66
80858  66
919  77
74450  61
588  75
5943  61
118997  61
86833  67
1197  78
128832  66
85397  68
45221  61
33499  61
7380  62
96821  66
81784  60
95307  64
65585  56
55250  66
564|20
50942  72
356  73
31685  70
131013  80
61024  76
79224  73
87869  72
500  73
108156  77
81784  73
93270  77
6188  73
106918  74
65230  66
67087  76
80693  78
94677  78
8984  71
73266  77
2671  74
565|6
590  71
231  70
19  69
21  73
50  75
539  71
566|15
648  73
10  70
231  69
329  70
342  76
141  76
203  67
345  74
39  74
497  71
265  73
588  73
708  72
353  74
2  68
567|20
8189  45
26743  45
92681  45
109897  45
152071  45
5690  46
136602  47
122888  45
6333  45
1274  43
122922  50
153070  45
151687  45
117877  45
108928  34
954  50
122924  45
27773  66
648  43
135887  50
568|23
50  83
147  83
296  83
356  83
480  83
593  83
765  83
1103  83
1104  83
1257  83
1298  83
1895  83
2313  83
2359  83
2863  83
3053  83
3148  83
3261  83
3363  83
8169  83
46723  83
63853  83
65088  83
569|5
231  85
50  85
380  85
588  85
592  86
570|20
208  63
8636  75
48516  76
1225  70
586  67
2683  73
457  68
1196  77
110  70
4993  77
7361  78
1198  77
1079  70
10  67
3793  79
1391  70
589  73
380  66
527  74
185  63
571|20
1331  51
2982  51
2366  67
1128  53
610  64
2902  52
1998  52
3696  48
1980  51
1987  51
70  71
1924  48
2279  56
1327  56
3732  57
1972  49
1278  71
1644  68
2327  49
1978  54
572|20
1961  83
2570  76
2788  83
2321  79
111  96
904  95
2987  78
2302  81
1834  86
2539  80
2917  83
1307  75
1  78
161  82
3421  77
838  87
1356  76
2006  81
3167  82
1953  93
573|20
89745  97
72998  94
3752  90
356  94
7293  91
6754  80
8665  85
32587  89
1073  88
88744  88
1127  88
68954  95
98809  95
2640  89
48516  93
71535  94
59369  90
60069  93
88140  92
1562  75
574|23
47  83
110  83
150  83
153  83
161  83
185  83
225  83
231  83
292  83
296  83
300  83
316  83
318  83
329  83
339  83
344  83
380  83
410  83
434  83
588  83
592  83
593  83
595  83
575|8
2566  80
2580  66
296  70
2581  65
2572  65
2542  65
2574  66
2598  68
576|5
849  63
1321  58
1373  61
1479  66
2289  58
577|20
2415  71
1183  74
1288  73
1129  72
2944  76
2194  73
733  67
1213  78
2076  71
2020  76
1262  84
1931  66
1391  69
2987  70
952  73
1909  68
260  76
919  75
2248  68
1270  76
578|6
6751  81
52668  91
45668  81
830  82
72407  91
75446  81
579|15
3174  86
2485  85
1022  77
2018  74
838  83
1917  87
1391  87
596  79
1573  85
2965  79
1653  86
2599  83
892  79
2687  76
595  82
580|20
5767  71
6583  71
480  71
8844  71
6989  67
3809  70
41569  82
3699  63
4041  61
33166  85
356  83
508  66
8376  71
3578  88
608  90
3785  75
3089  59
1320  73
54286  89
1201  82
581|8
7153  89
5995  87
4973  87
116797  88
3949  88
4306  88
109487  87
6377  88
582|12
91529  83
2959  82
116797  85
4993  84
5618  85
2571  83
76251  80
69844  87
104841  80
48516  83
97752  81
76093  86
583|12
8533  69
88405  67
2706  69
117590  64
317  70
60756  63
6942  69
595  72
46578  70
104  68
2694  68
7451  71
584|17
288  80
22  87
203  80
315  83
500  82
316  83
539  84
234  83
296  81
257  87
434  83
586  77
338  90
349  86
282  78
480  87
590  87
585|13
3173  89
1228  88
54503  87
2959  88
428  87
1405  85
7254  87
441  86
1805  87
296  89
27373  87
5325  87
79132  90
586|20
34332  93
4016  90
111659  91
106002  89
149406  91
167036  92
45499  89
136556  87
5445  90
117851  90
1291  87
71264  90
106489  90
135436  94
3753  88
2640  86
3147  88
122916  90
3793  91
101362  92
587|20
1234  80
628  85
2012  86
534  86
2002  79
1641  77
236  83
1376  82
2622  69
1541  76
3260  86
497  86
3082  79
445  80
3448  82
2574  79
765  71
691  83
329  82
3406  76
588|12
50  70
16  71
20  61
356  68
350  64
198  65
593  67
364  59
163  65
253  59
223  67
3  62
589|8
1092  81
318  85
590  80
373  78
586  80
587  81
527  85
337  84
590|20
924  85
8807  55
2371  63
38061  65
81834  76
40815  71
4890  46
903  87
5  57
3624  53
555  71
4047  67
51662  68
2085  73
419  56
595  71
329  72
2376  60
3635  63
2398  81
591|11
2908  68
2706  75
2712  70
2355  79
3615  74
3578  78
2394  82
3798  70
356  78
223  74
2724  74
592|19
514  73
2  81
153  78
415  68
110  85
177  67
420  73
380  79
44  77
788  76
588  86
163  78
204  71
610  72
39  78
419  67
253  77
432  78
240  63
593|20
1196  74
1073  60
1086  75
1617  74
4034  66
41566  56
1197  66
344  61
8368  59
339  67
2959  74
8961  62
5816  55
2797  59
4896  58
588  63
595  66
5952  69
377  65
141  68
594|20
7031  80
2671  86
7115  46
1616  81
5943  89
1188  88
2269  81
1733  82
4902  64
6996  82
780  91
1429  88
6140  71
7046  87
39  88
595  90
799  84
2028  88
8482  80
7169  94
595|5
265  85
50  83
1186  81
1199  84
1966  83
596|20
33649  70
43744  70
182793  70
129397  67
128908  70
1  73
142488  74
122922  81
4310  62
71838  75
4025  58
2501  71
110102  71
149406  72
2774  70
5502  74
8665  70
6537  63
2571  75
345  65
597|20
1799  75
490  67
3040  71
2529  84
2858  96
903  96
3039  94
2000  84
1291  93
357  82
1228  93
1845  73
2411  82
1580  88
1148  88
1198  91
2723  72
485  63
592  74
2692  92
598|5
56367  76
8360  74
593  73
114265  79
103543  74
599|496
26142  53
26567  53
26590  53
26676  53
26854  53
27595  53
34800  53
53450  53
60803  53
69131  53
74696  53
79895  53
84523  53
87960  53
92674  53
98799  53
102735  53
102852  53
104017  53
105020  53
122433  53
157865  53
158874  53
160978  53
161044  53
174727  53
179053  53
1801  53
6035  51
3387  41
33437  49
112  55
5995  65
167706  53
4394  53
836  44
7235  48
8809  48
102749  53
89087  60
42011  40
432  51
471  67
5628  48
1015  52
2  57
2269  50
69  56
3947  51
79091  61
104837  53
4037  67
7587  53
6881  50
1449  64
7225  57
81229  57
68952  43
4728  51
5081  44
33966  53
1779  54
3669  53
87197  53
170297  53
79057  49
95965  53
55207  53
4007  55
1220  79
80831  58
46723  60
71282  45
7757  44
3259  49
92309  55
1376  64
7192  45
4654  49
101423  53
53468  53
62662  53
3174  65
3698  69
2882  56
2359  61
1183  70
2792  44
1095  51
8387  40
53125  56
115713  65
2949  64
2471  53
3  47
1231  62
3861  46
240  37
1480  57
2301  50
1445  44
8045  53
586  65
2942  53
1185  64
4594  53
2474  49
3671  66
3196  50
64839  59
98697  53
2606  43
1777  59
5309  45
7022  63
4873  66
541  86
27311  53
43921  42
67734  53
4240  53
5026  53
168  48
33493  66
4125  42
7354  49
207  45
1094  66
742  44
1609  44
1042  58
3362  69
4553  54
4632  37
2278  64
468  42
122904  65
75416  53
42718  57
4285  51
79274  53
1794  53
45081  50
108192  53
3489  60
3503  65
89804  62
163809  53
577  46
3071  55
1204  80
3981  53
95771  53
45382  53
6548  45
59387  58
166528  63
168492  68
6691  53
605  49
424  40
2991  54
248  41
97950  53
3865  52
1216  52
342  54
35836  55
27772  41
176419  63
151781  53
277  56
6320  51
39381  54
5111  53
4090  42
2450  48
2676  46
2356  53
79702  61
1597  52
410  58
1721  69
3702  75
183301  53
1387  80
2072  47
26729  66
2393  64
4247  45
4591  46
1032  62
3087  47
1895  46
634  34
210  42
2074  53
51575  44
3505  48
5247  54
481  51
4215  47
1355  40
2657  73
2028  81
4011  78
420  58
552  57
1196  79
2395  72
5303  41
1752  53
3186  55
4310  52
1784  71
3200  58
7254  57
688  39
473  35
1079  70
1552  64
1148  70
1544  70
63113  61
2325  42
26649  51
6804  53
161  56
4109  43
34332  47
1653  73
4808  46
7707  53
3468  61
502  35
1221  83
1792  54
68319  57
6787  69
2119  41
3884  51
4254  49
3973  54
103609  53
8934  53
5377  57
42632  60
55290  53
4506  51
7840  52
5568  48
1689  45
7005  53
103228  62
59947  53
786  53
4351  56
172253  53
4679  46
1411  57
117630  53
1590  69
112623  60
3146  50
8984  53
1920  52
519  50
179817  42
3979  48
3741  66
44020  57
26630  53
7285  41
3030  67
1021  45
8638  61
87  37
7153  70
2877  49
2018  63
3173  53
5198  53
7101  49
7701  36
3213  47
26159  55
2339  53
33896  58
2000  73
4006  57
136562  62
37382  46
6645  56
171763  57
8528  47
27008  53
4017  57
4167  49
86142  53
1249  72
3255  59
736  57
2779  57
84414  57
27773  70
2083  59
98499  55
4034  78
119828  53
1993  41
94864  64
6631  42
2321  64
26242  48
3703  77
41566  54
2529  65
1968  71
8914  55
3257  56
159403  53
1036  81
76093  62
5103  57
6947  60
1952  65
2124  60
4084  52
6016  83
778  86
81  55
2171  57
1253  65
4275  49
7982  47
3723  54
849  58
2681  44
6565  55
39414  51
122916  62
6440  61
8917  53
72011  60
1605  39
1240  79
923  80
68157  72
5961  53
5053  53
3571  52
2403  66
3871  52
44238  53
72226  57
7004  57
2054  68
62970  45
5159  53
354  47
122924  60
48774  66
1394  73
3763  56
70286  64
1904  58
3969  48
81562  65
102590  53
233  54
4155  47
1031  59
76  43
459  43
1097  77
1178  66
60291  36
3328  66
1232  68
3036  50
5283  52
4327  57
610  56
2726  67
4732  47
5970  45
2396  70
594  60
1247  79
45499  60
3476  60
2399  46
137218  53
1997  66
3271  51
27801  51
6365  64
1799  48
580  60
122900  63
2803  50
80219  57
466  54
110882  48
3997  51
26176  53
2378  50
117895  57
26662  63
90603  49
119218  53
44  54
809  44
1960  68
4519  46
1959  57
414  40
1073  67
61236  58
1479  53
4019  53
1245  67
37857  46
161032  53
371  44
3020  60
88593  53
6774  55
2005  65
90405  59
26285  53
6793  55
627  48
1617  79
6734  55
108090  53
2427  63
51024  51
122922  57
3440  51
6874  68
4919  50
338  48
81591  65
1704  76
1499  49
357  62
62155  44
144  55
34148  56
53519  50
4504  53
2796  48
216  51
6827  40
1429  51
7445  53
1385  66
90471  60
8425  53
10  62
26542  55
7387  60
72998  64
89470  60
3629  55
1297  53
3424  63
1672  49
44761  48
196  56
70703  53
2383  40
180  48
4040  44
6333  63
4440  67
5291  63
88235  53
1639  69
4580  37
153236  53
86190  62
4477  44
103027  53
32291  48
34811  53
5171  44
122260  53
8784  64
5954  57
8798  64
707  53
880  52
314  48
61323  56
600|20
3269  57
1394  75
3785  55
2717  64
5569  49
4306  75
1206  76
56775  50
2015  62
7  57
2013  60
262  61
1210  66
1060  71
2431  59
2077  47
2423  63
4641  74
527  71
5076  54
601|20
141846  88
68157  91
1262  89
106782  89
60069  94
49272  90
5445  92
1193  92
1207  90
79132  93
904  92
166024  85
1917  89
7153  93
2324  93
170697  89
31658  92
5989  93
88810  86
2571  93
602|20
161  68
19  67
350  68
494  70
14  65
471  73
125  68
434  68
235  77
481  67
315  67
371  68
474  77
527  87
21  75
349  71
440  73
339  68
480  80
163  73
603|20
602  70
803  70
2008  70
2577  70
3459  70
4787  66
2912  85
1769  66
485  58
4420  70
920  68
1  70
2706  70
1844  72
3787  63
1222  85
190  83
2716  66
3983  82
101  74
604|20
220  70
292  73
151  71
329  72
410  65
426  74
435  65
316  72
22  71
235  75
181  68
332  72
273  70
637  64
285  70
173  68
588  71
23  71
553  71
1  73
605|20
35347  64
6787  63
1197  73
5667  64
42738  61
51662  72
7373  67
596  65
780  70
4571  71
2316  63
7454  60
150  67
60040  67
8977  65
3269  67
72982  64
1210  75
62376  60
60937  65
606|20
263  73
563  73
583  73
3808  73
4671  73
4840  73
5856  73
6111  73
6573  73
8685  73
32728  73
55805  73
3147  80
4392  71
2311  76
6308  76
50842  78
6591  79
8270  72
2025  75
607|20
891  80
1610  78
448  83
3147  80
1094  69
1307  76
592  80
204  82
1552  78
527  82
3476  77
296  83
2313  80
3440  66
423  80
1518  85
2118  74
2193  78
380  81
2028  79
608|20
52245  71
2997  78
3793  80
2763  65
174  47
2000  64
1214  73
919  56
2700  72
4161  61
5146  59
1639  72
541  72
473  43
2529  60
522  72
4343  82
1909  65
2431  59
1220  64
609|8
296  65
833  65
356  65
339  65
454  65
318  64
208  65
292  65
610|20
5953  74
58975  74
70206  74
78626  74
82765  74
97988  74
107447  74
107462  74
110591  74
110746  74
118082  74
139655  74
160341  74
86644  79
56801  74
61024  80
77561  80
4816  76
62434  71
3972  69
