1|20
260  84
1927  90
804  63
3  66
1009  61
2406  69
1587  63
3671  77
2617  63
3053  78
2571  83
1222  82
2137  68
1377  61
2395  70
2761  81
2641  60
2872  74
1258  82
2700  76
2|6
333  76
122882  77
71535  78
46970  64
58559  84
80489  77
3|8
5764  42
647  68
6835  42
5919  80
2851  53
2288  79
5048  54
4518  67
4|20
106  71
1291  81
3408  70
265  75
52  70
4347  75
2467  75
908  83
345  71
1304  79
1923  73
2959  86
368  69
1219  80
4765  80
1199  84
4166  40
1732  79
21  69
2858  80
5|9
515  74
1  79
364  80
608  82
290  81
261  78
34  72
318  89
21  69
6|20
349  72
318  89
775  70
141  70
348  72
104  68
327  59
410  62
165  72
87  56
366  58
17  74
1084  82
222  75
16  78
416  47
277  63
460  50
867  10
316  67
7|20
8528  73
3623  55
8636  75
8360  72
1517  71
466  56
8373  45
1220  77
7155  51
8808  53
6863  68
31878  72
1610  77
1219  80
4700  62
45668  62
8970  72
27741  80
6333  74
8865  55
8|10
356  83
47  79
231  62
318  89
454  72
292  68
32  80
141  70
380  70
252  68
9|10
5451  57
923  80
5890  100
2901  59
922  86
6044  65
1987  65
5378  63
3735  77
5447  60
10|20
597  69
33679  66
8533  72
8969  60
72720  80
88810  77
136020  59
6377  79
5943  48
109374  77
113394  66
61250  48
82167  53
140110  67
5377  76
77841  66
6942  75
1028  78
72330  66
66203  56
11|13
733  72
1584  72
1210  83
170  65
1438  52
648  70
1918  57
493  75
10  71
457  79
1693  68
150  77
1923  73
12|7
2717  58
2100  61
838  76
2072  58
1876  60
2581  59
6942  75
13|7
3717  64
3624  61
3798  62
2174  69
47  79
3893  67
305  55
14|10
344  62
477  67
110  80
540  51
597  69
153  58
592  69
4  45
539  69
105  66
15|20
91529  79
7438  78
111759  80
2329  84
1  79
1909  69
1240  77
115713  80
1200  79
293  80
2571  83
3949  78
120466  70
1198  84
2028  84
2011  70
158  55
160980  62
4306  77
4022  74
16|20
1230  77
78499  82
913  84
1136  83
1299  81
1617  82
1203  83
3429  84
2858  80
608  82
3683  80
4002  76
1199  84
912  85
2707  66
5782  77
1260  74
319  70
27773  80
2109  67
17|20
260  84
64839  76
296  84
5952  81
527  84
1193  83
3681  83
1240  77
2717  58
2858  80
1093  67
81932  75
5618  83
50  84
5971  79
2959  86
1201  82
541  83
82459  73
1  79
18|20
8117  75
65596  75
88094  75
145283  75
157110  75
166015  75
171023  75
103253  66
60684  78
44199  74
2  69
86628  80
59784  68
2918  77
109374  77
4226  82
53129  84
139385  78
47  79
1291  81
19|20
3692  52
3662  60
54  50
2733  40
1702  55
1240  77
1270  81
3712  60
1881  60
216  70
3  66
1834  82
2184  70
3017  67
2044  40
2354  52
2005  72
3146  48
3387  60
2694  65
20|20
1566  68
5419  60
4014  70
2140  71
586  60
661  66
3189  71
5014  75
1333  72
4161  65
3784  52
1030  56
5313  47
2804  78
2054  55
34  72
1097  75
6358  72
4519  67
1722  61
21|20
107013  65
117922  65
140301  65
57640  77
2985  67
2990  65
2717  58
5418  76
31433  62
112175  76
7153  83
30793  61
4446  69
52973  73
45186  72
2023  69
79185  66
1721  68
102125  71
5459  58
22|20
8961  76
2723  63
60950  65
64575  67
1193  83
70286  78
4993  83
2160  83
39183  72
7147  77
3996  76
3481  74
55765  79
48780  80
7361  84
51540  76
6711  81
2968  75
3949  78
48394  76
23|20
6234  73
3996  76
293  80
1206  82
1136  83
1960  73
7587  80
3424  82
3181  80
2467  75
1248  86
1617  82
6807  80
1952  84
6440  78
1258  82
1243  83
1080  78
8228  71
1711  60
24|20
1784  73
2617  63
111759  80
134853  79
58998  75
1265  79
1198  84
3147  83
1197  85
1220  77
2424  61
5418  76
72011  74
54286  73
27773  80
64957  71
356  83
44191  78
1682  76
68358  77
25|6
58559  84
60069  81
74458  79
79132  82
527  84
260  84
26|21
10  83
34  83
47  83
150  83
153  83
165  83
185  83
208  83
225  83
288  83
296  83
300  83
344  83
349  83
356  83
380  83
434  83
454  83
457  83
592  83
593  83
27|20
1196  84
2478  62
2640  72
3508  85
3555  68
1201  82
3519  58
969  80
2080  67
673  55
2886  20
2529  77
1387  81
1101  66
1947  71
1250  82
1276  85
3114  77
1083  67
3809  69
28|20
27450  60
60943  60
61011  60
63033  60
5617  79
59369  72
60046  60
507  67
3300  71
55094  70
59018  60
26695  60
2951  80
3006  75
2231  76
5418  76
26812  50
2058  66
353  74
61167  60
29|17
98961  82
7379  70
1250  82
1201  82
111362  77
48516  85
1100  51
26554  90
3441  68
4327  70
2872  74
2301  74
1617  82
3681  83
55820  79
4223  70
99114  78
30|7
5952  81
108932  78
1200  79
91529  79
116823  77
112852  82
1198  84
31|10
1198  84
1200  79
648  70
1363  63
1073  78
1036  77
1197  85
377  70
1246  79
1270  81
32|20
236  69
314  76
1356  78
357  70
224  72
627  68
1079  79
1084  82
318  89
761  54
1197  85
849  60
912  85
880  55
1198  84
58  81
203  66
608  82
497  76
410  62
33|20
110  80
17  74
2396  76
2272  50
448  70
428  71
265  75
1280  85
1177  85
1617  82
50  84
261  78
11  75
452  50
345  71
608  82
150  77
1188  71
800  82
2690  73
34|18
780  69
2273  64
3717  64
26606  80
45499  66
3996  76
4310  61
3624  61
31685  63
1721  68
5146  61
7090  79
70  71
2006  62
3000  79
4306  77
27728  35
3997  39
35|5
11  75
185  60
595  75
21  69
300  71
36|12
5171  58
3066  80
552  63
4025  61
1262  81
2735  53
2359  73
1372  66
1278  80
2194  78
3347  82
1704  82
37|5
344  62
356  83
661  66
329  67
457  79
38|16
434  60
39  66
223  77
161  73
246  85
168  62
273  58
480  74
356  83
457  79
364  80
50  84
500  67
300  71
551  70
21  69
39|20
2571  83
2391  74
1921  77
1862  39
1219  80
1907  72
2081  70
2459  65
924  78
2529  77
1729  73
47  79
260  84
2080  67
592  69
296  84
3213  82
610  70
589  79
596  69
40|20
440  70
454  72
588  75
339  69
158  55
432  51
431  75
186  55
616  69
514  69
21  69
592  69
1  79
223  77
585  56
216  70
104  68
371  68
111  82
267  59
41|20
96829  87
64839  76
122882  77
6287  60
1569  70
106920  80
86781  90
3160  75
1721  68
2028  84
6763  40
5418  76
53519  64
122904  78
55247  78
924  78
4011  83
2324  82
35836  71
5995  82
42|20
3869  70
4654  56
1021  47
2423  70
3248  38
4477  40
2500  40
1431  50
195  66
3326  75
2407  65
1090  79
2735  53
3693  47
1020  62
4545  63
4132  47
2263  50
3535  76
2805  59
43|20
225  71
296  84
596  69
588  75
587  68
420  54
158  55
631  60
5  61
597  69
168  62
355  44
47  79
367  64
519  46
594  72
236  69
1  79
60  65
259  60
44|10
36  78
663  65
12  46
661  66
94  79
1  79
104  68
112  67
494  69
889  66
45|20
2718  65
1036  77
2028  84
1653  79
1682  76
2396  76
3249  62
261  78
4308  71
329  67
1367  61
2890  74
593  83
1127  71
2431  66
6377  79
569  56
1197  85
1060  74
2858  80
46|9
590  76
588  75
315  61
208  58
1  79
432  51
225  71
434  60
339  69
47|20
508  73
68932  70
72395  70
2420  72
597  69
148626  78
5989  78
96588  74
69122  73
6155  66
4975  67
30749  76
106100  78
45950  72
2028  84
4018  63
1259  79
6373  67
33166  77
2407  65
48|7
4886  77
1320  62
1527  75
1193  83
3793  74
48  64
1653  79
49|5
2028  84
1214  78
139385  78
318  89
527  84
50|20
8143  56
114335  56
136564  56
142074  56
171759  56
175693  56
179073  56
175707  56
71264  74
82848  56
1377  61
44555  82
8157  72
6807  80
95543  68
8253  68
96610  74
924  78
32875  56
4896  75
51|20
7040  76
5620  61
2613  51
4437  76
2023  69
1500  73
522  76
858  87
4508  70
2951  80
1014  70
1407  64
2282  55
2420  72
3388  47
260  84
3186  69
3994  68
3501  45
2371  60
52|20
152081  76
51255  79
74458  79
1923  73
7438  78
40583  69
59784  68
55765  79
112852  82
86892  85
55363  82
112138  72
49272  79
52245  58
69481  80
50794  59
1704  82
54736  73
44665  77
47200  66
53|5
481  62
1100  51
249  74
1125  74
916  82
54|7
296  84
593  83
639  60
1  79
205  64
161  73
500  67
55|5
2407  65
673  55
3275  84
2890  74
4011  83
56|10
786  61
253  71
165  72
110  80
589  79
370  61
434  60
410  62
69  75
185  60
57|20
2140  71
942  88
920  72
3175  71
1784  73
3429  84
933  85
1193  83
3446  30
160  58
1499  37
2640  72
892  69
11  75
2947  77
6  80
2478  62
2291  74
1688  67
2301  74
58|20
588  75
282  65
185  60
419  53
367  64
277  63
48  64
280  78
337  74
345  71
3  66
357  70
527  84
587  68
218  66
500  67
508  73
368  69
364  80
353  74
59|20
1696  40
6460  98
3489  69
1188  71
1222  82
2076  78
3448  75
1263  78
1247  81
527  84
1244  82
904  85
903  81
965  79
2616  60
1953  76
608  82
105  66
912  85
3471  74
60|5
832  68
58559  84
805  73
455  46
858  87
61|8
266  67
1101  66
7438  78
173  53
555  76
2012  68
4878  79
3949  78
62|20
99114  78
176371  78
3793  74
56757  74
73017  76
30793  61
179819  62
68554  65
185135  90
168248  82
5903  77
4878  79
2028  84
5502  65
6058  60
344  62
1721  68
45499  66
41566  69
78105  57
63|20
5669  74
4246  72
48780  80
500  67
6016  83
31658  82
2858  80
64285  70
85414  73
1221  86
106696  72
4963  77
50  84
1097  75
260  84
110  80
1222  82
4979  73
5952  81
77561  70
64|20
5878  81
3101  60
2640  72
2959  86
8784  74
2054  55
4239  76
4025  61
5026  80
40819  75
266  67
2699  57
27266  80
3969  72
1805  60
6296  73
4776  75
3148  74
4262  78
356  83
65|7
1246  79
33660  81
7458  70
2329  84
4993  83
91542  74
3147  83
66|20
593  83
47  79
5418  76
922  86
2139  71
2956  60
3745  68
1956  80
4581  80
5349  71
1210  83
1094  68
2001  64
380  70
6539  76
671  68
1  79
6378  72
7766  80
296  84
67|8
99114  78
4306  77
27193  70
79132  82
60069  81
2012  68
4886  77
4993  83
68|20
47978  65
95218  65
6534  50
48696  77
67267  67
30825  62
1799  67
3556  75
8622  70
4351  67
63113  69
58295  72
7151  68
2413  68
6287  60
653  62
41566  69
5541  62
260  84
48043  72
69|10
4370  68
4848  77
3671  77
2476  75
1193  83
356  83
553  75
4022  74
260  84
3994  68
70|13
1193  83
1097  75
1914  73
1269  79
4995  79
318  89
8949  73
1968  76
1210  83
89492  77
1250  82
1235  86
2366  72
71|7
494  69
647  68
736  66
95  59
733  72
589  79
7  63
72|9
1047  63
150  77
858  87
2490  69
1357  79
260  84
50  84
1198  84
1196  84
73|20
1193  83
45720  71
105037  50
6333  74
59315  76
76293  65
138204  80
2706  68
152081  76
45221  42
68135  71
150  77
8376  68
93510  76
59784  68
116823  77
106072  66
1682  76
52245  58
35836  71
74|20
31522  85
2594  73
2908  73
30749  76
6870  75
3006  75
52281  69
49772  80
55118  79
2997  79
6305  71
608  82
4546  76
41863  78
27773  80
6001  82
1251  81
6552  72
46976  73
44555  82
75|14
5445  73
1240  77
5952  81
2193  68
6870  75
2529  77
168  62
541  83
3176  68
1962  74
2078  76
1889  77
1266  82
1374  76
76|20
48877  58
5956  71
2918  77
58803  75
1247  81
74458  79
7669  86
79132  82
8957  63
858  87
55820  79
1258  82
63436  50
1201  82
1208  85
48  64
288  66
34405  78
1  79
1196  84
77|6
3996  76
4973  84
7361  84
8636  75
3578  79
33794  76
78|13
296  84
165  72
3809  69
589  79
546  42
27904  74
260  84
590  76
480  74
68791  67
344  62
44974  75
380  70
79|13
3266  88
3029  66
589  79
1916  68
307  79
4005  66
260  84
1189  78
1345  67
2000  73
1374  76
2659  86
2076  78
80|20
7445  72
96691  70
84189  85
91630  72
49530  75
8950  80
6539  76
4223  70
5630  67
3527  72
76251  74
80363  58
52604  72
6502  80
34048  63
1221  86
60684  78
6952  58
5989  78
77561  70
81|26
10  83
32  83
47  83
110  83
150  83
153  83
161  83
165  83
208  83
231  83
288  83
296  83
316  83
318  83
329  83
344  83
356  83
364  83
367  83
377  83
380  83
457  83
480  83
588  83
589  83
592  83
82|20
6886  67
2381  42
2378  57
6566  45
368  69
6536  72
3253  70
4310  61
1608  66
1372  66
145  64
356  83
6708  74
1485  61
4369  62
6564  48
6888  41
5803  45
4015  54
364  80
83|20
56367  75
7143  78
7323  73
6539  76
161  73
586  60
2115  73
1270  81
6874  80
2324  82
1537  79
7153  83
68954  80
48774  79
30749  76
8014  87
1222  82
3753  68
1223  82
64983  67
84|20
55  74
987  74
912  85
1096  79
420  54
1227  83
113  60
580  53
5060  78
1293  77
900  74
1097  75
62  72
368  69
1305  73
1247  81
1296  74
11  75
1073  78
1094  68
85|7
1519  76
1624  50
1140  76
1694  57
1643  73
1747  67
1635  78
86|14
4993  83
4310  61
6947  73
2411  54
457  79
5418  76
3996  76
4901  68
1835  68
33794  76
1196  84
3555  68
1097  75
2687  68
87|5
4023  60
2009  69
3504  80
671  68
2139  71
88|12
7312  81
74795  70
4993  83
68157  83
5952  81
1193  83
223  77
8665  75
4262  78
56782  84
8677  40
58559  84
89|104
26645  69
32060  69
44851  69
53280  69
53578  69
67888  69
69211  69
81087  69
84246  69
103602  69
108078  69
109596  69
118894  69
121007  69
128089  69
128944  69
131098  69
131439  69
134847  69
140481  69
146684  69
148632  69
150554  69
164226  69
30793  61
169912  50
87869  73
1923  73
4015  54
950  80
173253  69
2324  82
27826  69
92259  86
11  75
3977  53
86298  62
8154  87
77688  69
2997  79
170837  69
49274  47
157775  69
1  79
142196  69
99117  63
62008  69
72624  69
108156  58
3752  64
2059  62
128520  82
3175  71
133879  69
48649  69
126088  69
5529  50
65588  69
99130  69
40962  55
1732  79
68659  60
91666  69
2683  64
3751  71
750  85
6650  100
149508  69
2395  70
51575  53
65230  60
171751  69
85881  72
139157  69
6863  68
4246  72
108949  65
1230  77
160567  90
73319  50
177185  69
130520  69
5220  50
121338  69
153386  69
50872  76
149566  69
145491  69
4890  61
129354  63
32243  69
84944  71
6402  69
1288  81
140133  69
119141  71
947  90
176621  69
4973  84
158398  69
69469  69
54503  77
141928  69
102481  70
90|11
1137  81
1144  81
581  80
81  65
892  69
1073  78
116  63
896  40
17  74
7  63
613  59
91|20
3013  68
6395  68
8147  68
7153  83
3360  74
2791  77
3897  78
1080  78
4850  60
3429  84
7000  60
2060  62
2916  73
1391  63
2100  61
318  89
2146  72
1225  84
1246  79
8501  70
92|5
2572  70
2114  75
1015  59
2454  67
1801  73
93|20
736  66
1917  59
552  63
1721  68
539  69
480  74
1372  66
368  69
2355  70
1923  73
2193  68
2006  62
339  69
1097  75
1591  52
260  84
2968  75
1676  67
593  83
558  56
94|12
231  62
377  70
367  64
364  80
288  66
19  55
10  71
586  60
590  76
380  70
589  79
318  89
95|20
18  73
4878  79
6979  66
4732  41
3019  81
5246  35
32  80
2952  69
1247  81
1198  84
5283  58
3361  73
1513  59
2009  69
539  69
122  51
1584  72
1240  77
4262  78
5349  71
96|16
527  84
1094  68
272  75
3819  90
150  77
2021  70
2571  83
1214  78
2058  66
1220  77
733  72
2340  61
1721  68
2396  76
367  64
1291  81
97|8
4701  66
4306  77
3578  79
4993  83
4963  77
4299  66
3981  45
4161  65
98|19
81845  81
8961  76
122912  78
5299  63
63992  49
187541  70
56152  73
134853  79
69644  53
6863  68
5618  83
56801  52
3499  77
134130  80
74789  57
82461  66
1258  82
88810  77
79132  82
99|11
318  89
161  73
420  54
592  69
196  55
122  51
145  64
150  77
316  67
236  69
588  75
100|20
497  76
296  84
1393  71
95  59
592  69
605  57
6059  65
28  84
2245  63
62  72
4308  71
1777  70
838  76
2125  75
1288  81
234  51
1197  85
2005  72
4014  70
4623  71
101|13
2580  79
3285  61
2723  63
2700  76
2908  73
2390  78
3175  71
2395  70
358  57
2702  62
3394  56
2997  79
2502  83
102|12
158  55
588  75
150  77
592  69
253  71
480  74
344  62
539  69
553  75
593  83
586  60
223  77
103|20
86014  78
1954  77
60040  63
1968  76
77206  78
2161  71
1732  79
81834  80
608  82
2384  54
4254  42
104  68
139642  54
56782  84
2096  67
101  75
6534  50
374  43
60069  81
30793  61
104|20
4740  70
743  48
5218  73
8643  68
1288  81
47997  74
468  65
76251  74
8533  72
4018  63
38038  71
1566  68
7361  84
6060  40
3034  70
1641  75
4641  70
108190  57
616  69
7034  73
105|20
4788  82
69685  82
95311  82
95313  82
110586  82
141816  82
141818  82
170597  82
172587  82
172793  82
173351  82
173535  82
6433  50
4974  51
70286  78
108981  82
95175  82
69122  73
1243  83
3916  73
106|7
69844  77
72998  72
59501  70
86880  64
5349  71
53125  68
59784  68
107|7
231  62
253  71
590  76
165  72
434  60
208  58
318  89
108|16
800  82
6022  65
4995  79
2585  90
5316  60
4975  67
3978  60
5349  71
2926  68
4246  72
4878  79
4994  71
1968  76
1684  60
497  76
5380  76
109|20
380  70
1033  72
231  62
364  80
589  79
480  74
62  72
31  62
587  68
1032  67
586  60
778  81
540  51
256  56
163  72
252  68
223  77
553  75
537  64
168  62
110|11
26171  45
2468  49
1198  84
1089  84
1222  82
1208  85
4881  76
47  79
527  84
1193  83
2428  48
111|20
100194  67
162602  67
171251  67
2145  65
96588  74
65088  68
66203  56
84772  63
2081  70
91529  79
6365  67
45666  50
3255  70
1282  76
6539  76
86833  74
122882  77
59143  90
86911  65
5283  58
112|13
788  55
161  73
1917  59
16  78
21  69
208  58
434  60
39  66
3717  64
19  55
110  80
32  80
70286  78
113|20
4083  72
39  66
3168  72
932  83
2331  50
3359  82
1086  83
3504  80
1339  69
904  85
3546  72
4063  40
4062  63
1077  75
1589  67
2475  60
3831  74
46  61
1733  90
4007  75
114|7
141718  67
54001  78
2291  74
167732  67
122886  78
8961  76
3147  83
115|20
1580  70
2804  78
1387  81
2792  64
3146  48
3273  53
3052  72
2841  69
2719  41
595  75
2700  76
383  61
2027  36
2148  59
2770  57
3785  59
2916  73
3175  71
588  75
1377  61
116|18
2716  76
858  87
1299  81
62383  70
1339  69
1276  85
597  69
1029  67
1101  66
2797  74
2657  66
1961  76
1407  64
5995  82
1704  82
165  72
2115  73
8360  72
117|20
708  68
587  68
589  79
151  70
36  78
1036  77
595  75
288  66
596  69
48  64
315  61
454  72
353  74
474  73
10  71
60  65
805  73
491  64
616  69
485  60
118|5
1221  86
1625  74
153  58
1961  76
1810  70
119|20
95441  63
117176  71
1092  63
91529  79
74458  79
4387  74
79132  82
168252  85
44022  64
78499  82
122904  78
106782  79
442  61
4993  83
31685  63
6365  67
141004  40
4148  59
88744  70
8644  69
120|5
260  84
32  80
5  61
631  60
52  70
121|12
497  76
440  70
161  73
527  84
292  68
344  62
186  55
316  67
1  79
19  55
163  72
337  74
122|20
27660  73
69784  71
7022  79
148652  60
4816  70
56174  69
94959  74
81591  70
71535  78
30810  68
2997  79
1732  79
108932  78
780  69
1090  79
3253  70
106782  79
72226  82
1200  79
1214  78
123|12
68554  65
115569  83
79132  82
109487  79
1196  84
4226  82
296  84
7153  83
143458  80
47  79
96829  87
2858  80
124|10
56145  73
2161  71
260  84
175  78
1358  75
6377  79
4226  82
3147  83
608  82
1223  82
125|20
5088  77
86721  77
110330  77
54503  77
72011  74
162578  84
119145  79
176371  78
55247  78
1240  77
86332  72
68157  83
112623  68
4082  40
160567  90
3342  62
109487  79
88140  71
98607  77
81562  76
126|8
364  80
349  72
231  62
380  70
410  62
300  71
253  71
457  79
127|5
2915  69
903  81
55276  75
5060  78
272  75
128|7
904  85
965  79
926  84
1066  87
1721  68
1080  78
1198  84
129|20
4370  68
480  74
3698  65
2692  80
2138  80
1968  76
8368  79
653  62
7143  78
316  67
6874  80
239  59
2916  73
733  72
4896  75
2028  84
3977  53
3000  79
1907  72
31658  82
130|6
208  58
316  67
292  68
110  80
590  76
296  84
131|14
2273  64
6947  73
58559  84
908  83
4878  79
89745  79
7256  83
68237  80
2722  57
2028  84
48516  85
3178  71
64614  80
969  80
132|20
6251  61
3275  84
4995  79
2987  71
7444  64
3262  70
4168  60
31658  82
44191  78
1089  84
3967  77
5502  65
50  84
58559  84
5992  73
2108  70
1844  85
2657  66
47  79
2470  64
133|7
454  72
356  83
589  79
150  77
153  58
380  70
527  84
134|7
442  61
595  75
349  72
380  70
367  64
509  71
296  84
135|20
592  69
4084  56
893  60
3994  68
2004  66
608  82
1358  75
3852  67
3489  69
1614  55
1198  84
4128  75
1883  63
2302  64
1291  81
410  62
1261  82
4022  74
4881  76
1077  75
136|20
161  73
193  49
585  56
338  56
277  63
380  70
181  44
337  74
437  44
165  72
611  54
151  70
340  65
252  68
432  51
552  63
350  67
280  78
273  58
150  77
137|20
6787  80
2716  76
1198  84
750  85
919  77
1270  81
318  89
150  77
2997  79
1200  79
6986  80
7153  83
1242  82
110  80
33493  69
1197  85
2959  86
1237  84
903  81
7762  77
138|5
2707  66
1960  73
1959  76
849  60
3996  76
139|20
4025  61
7445  72
60684  78
4865  75
68319  60
7090  79
5502  65
260  84
8371  67
53953  65
58025  62
106782  79
6957  69
7163  59
3827  59
3624  61
52722  61
54259  72
4367  60
115617  77
140|20
5699  70
5299  63
1393  71
356  83
609  72
32596  63
4795  70
34072  70
1617  82
5256  50
5943  48
1084  82
4337  70
3108  77
43396  75
4719  54
1005  43
4321  67
5812  79
4259  67
141|20
5418  76
54503  77
4963  77
2478  62
71535  78
317  64
68954  80
54286  73
6365  67
54272  73
4447  65
5502  65
6377  79
6373  67
1265  79
91529  79
2502  83
441  79
1517  71
48516  85
142|8
434  60
384  70
588  75
50  84
527  84
356  83
337  74
377  70
143|15
1721  68
61250  48
6942  75
7169  72
8533  72
106696  72
3421  75
87232  76
78316  75
69069  66
59421  51
2144  72
96821  77
7173  63
500  67
144|20
589  79
541  83
8368  79
597  69
590  76
410  62
1246  79
527  84
356  83
500  67
19  55
2700  76
434  60
733  72
780  69
1036  77
5377  76
552  63
586  60
2081  70
145|5
344  62
339  69
380  70
318  89
588  75
146|7
7293  71
3257  59
32  80
1367  61
3686  57
410  62
47610  74
147|5
1234  79
168  62
552  63
555  76
2395  70
148|10
88125  77
5618  83
108932  78
81847  77
72998  72
5816  73
8368  79
7153  83
81834  80
4993  83
149|12
1097  75
1374  76
1831  48
1527  75
260  84
173  53
1206  82
1200  79
2021  70
1580  70
1391  63
1375  65
150|6
3  66
1356  78
5  61
95  59
733  72
1073  78
151|12
786  61
562  71
780  69
837  66
747  60
1265  79
828  70
1073  78
1  79
648  70
1393  71
1359  53
152|13
50  84
2959  86
116897  84
89492  77
1193  83
69481  80
85774  72
115713  80
111  82
92259  86
1234  79
79132  82
318  89
153|20
134853  79
1732  79
8533  72
4014  70
81456  60
106782  79
8528  73
6863  68
87194  70
2617  63
1246  79
106100  78
1954  77
7458  70
4226  82
89904  79
72998  72
133780  44
586  60
36535  75
154|7
114662  75
119145  79
81834  80
122904  78
106072  66
76093  78
77561  70
155|10
153  58
3286  37
1200  79
260  84
141  70
2355  70
2384  54
2948  75
432  51
2959  86
156|20
26313  74
31038  74
1230  77
1711  60
3341  85
6296  73
762  48
2361  54
2076  78
4784  60
661  66
2926  68
8571  74
47  79
3176  68
58  81
848  63
866  79
1485  61
923  80
157|5
785  66
3617  62
2720  42
2770  57
527  84
158|6
1093  67
2605  60
2872  74
2723  63
2428  48
66320  70
159|20
2959  86
60069  81
45720  71
597  69
4022  74
89864  73
49286  67
140110  67
84954  63
4447  65
1197  85
68954  80
6942  75
1961  76
106696  72
480  74
539  69
166643  72
40819  75
63082  77
160|20
126  45
1371  61
1198  84
196  55
3408  70
5349  71
3213  82
2408  50
839  57
3593  30
2748  32
533  57
1975  55
1676  67
3745  68
2011  70
733  72
3826  47
778  81
2840  54
161|8
4980  61
7247  66
47610  74
1223  82
38038  71
3429  84
2144  72
2336  74
162|8
150  77
225  71
168  62
50  84
300  71
266  67
31  62
62  72
163|5
1608  66
1810  70
1747  67
1777  70
1837  47
164|8
1036  77
2916  73
110  80
589  79
3527  72
1101  66
1201  82
2167  67
165|13
2353  69
3624  61
110  80
5505  65
5527  73
3256  69
5956  71
5418  76
5530  43
5450  65
1127  71
3409  58
5881  62
166|20
33794  76
1721  68
4011  83
5378  63
3481  74
49530  75
2353  69
47644  57
54272  73
8961  76
1198  84
2542  82
1036  77
608  82
434  60
5219  61
5418  76
2396  76
349  72
2324  82
167|20
33493  69
4886  77
778  81
3052  72
7147  77
6857  75
45501  55
6480  69
1682  76
2231  76
784  57
33794  76
2083  76
2413  68
6333  74
8961  76
2139  71
150  77
6773  75
35836  71
168|19
3730  84
1248  86
1201  82
1089  84
296  84
923  80
1222  82
5291  77
3543  74
1302  71
3362  79
1148  80
3101  60
57669  84
2076  78
1729  73
908  83
85354  60
80463  79
169|20
3536  67
2028  84
364  80
953  80
4886  77
5400  59
8644  69
524  68
2795  72
1022  69
3114  77
3967  77
1517  71
1035  79
8641  74
6365  67
661  66
457  79
3287  50
1416  67
170|10
318  89
296  84
586  60
377  70
34  72
592  69
277  63
500  67
266  67
588  75
171|17
485  60
1220  77
1025  72
801  59
1259  79
1079  79
828  70
317  64
869  70
380  70
1136  83
1225  84
661  66
318  89
47  79
1198  84
1208  85
172|6
3087  60
3578  79
7438  78
2072  58
3793  74
2762  78
173|5
10  71
329  67
586  60
597  69
588  75
174|14
553  75
520  62
224  72
648  70
161  73
317  64
158  55
780  69
315  61
485  60
282  65
440  70
350  67
10  71
175|5
531  63
8911  71
43904  30
38388  70
8362  50
176|8
165  72
434  60
39  66
368  69
380  70
780  69
47  79
471  70
177|20
42002  64
91542  74
6332  63
3668  74
45672  61
783  68
27706  64
2657  66
114662  75
1206  82
83132  77
5218  73
508  73
3114  77
1321  66
2176  79
8798  75
88140  71
2012  68
339  69
178|16
7361  84
527  84
2329  84
5995  82
6502  80
4235  80
1198  84
208  58
6539  76
296  84
349  72
10  71
4226  82
1240  77
2579  76
318  89
179|14
367  64
589  79
161  73
231  62
288  66
743  48
1061  73
317  64
786  61
592  69
671  68
296  84
434  60
364  80
180|5
1261  82
260  84
1748  78
1242  82
2140  71
181|20
157  59
593  83
596  69
353  74
539  69
516  65
132  60
169  48
25  72
31  62
542  53
6  80
707  59
185  60
464  58
502  48
415  53
480  74
592  69
344  62
182|20
4879  70
6969  70
3911  73
2728  71
4313  70
8042  80
1291  81
3113  52
3578  79
1590  59
161  73
4452  52
224  72
4980  61
4262  78
2353  69
2890  74
1127  71
541  83
6041  75
183|12
480  74
380  70
1196  84
2951  80
2534  35
4085  68
1287  79
2194  78
3247  58
1233  84
2662  64
1408  78
184|20
158035  74
181413  74
193565  74
97304  79
74754  60
168250  72
191005  74
106072  66
166291  60
127152  90
86332  72
80463  79
5816  73
122898  52
81845  81
5810  66
170813  70
174479  74
112852  82
148626  78
185|10
1685  69
2396  76
5377  76
1721  68
5952  81
1393  71
595  75
2085  68
4995  79
899  82
186|20
2605  60
1214  78
1291  81
3745  68
1269  79
2527  68
2532  54
4361  69
1307  77
2968  75
4306  77
2541  66
1702  55
480  74
1097  75
3977  53
919  77
3527  72
593  83
1196  84
187|20
26122  76
3949  78
49272  79
231  62
1206  82
6874  80
1729  73
1209  84
48394  76
6502  80
2701  45
4027  76
288  66
2542  82
7153  83
39427  53
6890  75
1222  82
8949  73
1748  78
188|10
2346  64
1212  83
594  72
1282  76
3469  72
2396  76
1091  50
3341  85
1264  75
2206  75
189|5
48516  85
4993  83
79132  82
2959  86
58559  84
190|14
6711  81
4776  75
8784  74
4995  79
5630  67
4306  77
30749  76
1221  86
4975  67
8961  76
858  87
8464  71
69844  77
7438  78
191|17
496  74
21  69
72  62
175  78
494  69
417  73
17  74
6  80
85  76
292  68
314  76
58  81
235  71
213  67
161  73
160  58
162  83
192|5
356  83
288  66
316  67
349  72
432  51
193|7
44555  82
55442  82
4878  79
6016  83
307  79
1270  81
5618  83
194|5
163  72
1396  69
1500  73
1288  81
5060  78
195|20
3424  82
2770  57
1041  93
1653  79
1923  73
3160  75
4723  45
1863  50
2336  74
2166  47
4308  71
1909  69
260  84
2028  84
3252  71
2908  73
1392  75
1365  72
70  71
190  67
196|7
70286  78
3578  79
59315  76
58559  84
364  80
1214  78
110  80
197|7
1513  59
1240  77
1882  39
786  61
2167  67
153  58
1784  73
198|20
3894  70
3499  77
920  72
1213  85
3949  78
1994  69
1485  61
2572  70
4019  77
1089  84
110  80
593  83
4128  75
1270  81
4886  77
1079  79
2117  75
912  85
1573  68
1682  76
199|20
5464  70
2165  80
2280  60
736  66
5673  71
349  72
5502  65
482  74
8532  68
1172  84
300  71
50068  74
4881  76
3175  71
7445  72
2973  78
34338  68
41997  75
1956  80
377  70
200|20
3809  69
7022  79
50802  60
3968  61
2485  56
500  67
5610  40
590  76
1029  67
53996  68
2572  70
4993  83
4041  72
57640  77
1302  71
1784  73
6383  51
1653  79
1569  70
1517  71
201|20
1748  78
1527  75
1584  72
2858  80
339  69
589  79
2717  58
994  84
788  55
1196  84
2797  74
733  72
1259  79
2174  69
1198  84
2455  68
1569  70
1213  85
160  58
24  63
202|20
3329  76
924  78
29  80
2289  77
1197  85
1196  84
2966  78
161  73
608  82
1209  84
1296  74
3194  70
1784  73
469  75
923  80
2000  73
1587  63
1719  88
3147  83
32  80
203|9
56174  69
8665  75
2407  65
5952  81
590  76
49272  79
40815  76
333  76
296  84
204|17
1136  83
3949  78
33794  76
48394  76
27075  80
1080  78
79008  81
6104  84
8874  80
81591  70
4878  79
91658  70
711  63
2313  77
86320  68
55820  79
5218  73
205|6
912  85
99114  78
91542  74
5816  73
95167  69
96079  77
206|5
36  78
608  82
733  72
140  67
141  70
207|5
2991  74
2428  48
2707  66
3740  77
100  57
208|6
1210  83
2628  62
380  70
2353  69
2278  70
2762  78
209|7
60684  78
1291  81
68157  83
74458  79
185029  85
122886  78
88125  77
210|20
123553  83
34405  78
166203  83
3147  83
31696  69
7649  50
58559  84
2105  67
6365  67
34397  83
4625  40
84772  63
122926  83
76093  78
62836  83
33493  69
1584  72
47610  74
108932  78
122918  78
211|18
58559  84
63113  69
90405  68
57669  84
60684  78
7153  83
73017  76
2105  67
4367  60
356  83
2642  44
1556  32
318  89
44665  77
85414  73
1198  84
1136  83
260  84
212|20
170697  80
122920  74
122892  68
2571  83
5218  73
48394  76
3578  79
1196  84
135143  72
74795  70
179401  72
79132  82
77800  80
108932  78
110102  74
96821  77
8874  80
65261  79
59784  68
2291  74
213|17
3285  61
87520  44
80363  58
76251  74
8957  63
2860  50
1234  79
5419  60
51935  78
69844  77
39446  57
4132  47
858  87
69526  49
4558  48
49530  75
58559  84
214|5
83  56
628  73
743  48
1363  63
802  69
215|20
1172  84
4973  84
63082  77
1291  81
2028  84
3252  71
3210  68
1968  76
1247  81
49272  79
1089  84
72407  53
5650  73
318  89
1208  85
2000  73
1197  85
1196  84
1297  73
4019  77
216|20
104  68
21  69
3996  76
3946  52
2946  64
3993  68
3897  78
2599  73
34  72
3994  68
4034  80
3363  77
1965  68
3422  64
3555  68
3253  70
2087  72
3986  57
2018  67
1923  73
217|20
1867  55
3434  55
1275  75
2468  49
3197  57
1912  78
2302  64
1876  60
380  70
1221  86
2471  50
1918  57
1385  58
3165  80
1590  59
1562  45
1703  58
2056  55
1831  48
160  58
218|6
2657  66
2692  80
1380  63
1198  84
6934  63
5349  71
219|20
60072  63
2115  73
59315  76
6539  76
442  61
30707  77
1704  82
180  68
1219  80
1005  43
27773  80
56156  68
6188  70
6721  70
30825  62
2997  79
1552  60
1500  73
2890  74
1921  77
220|20
3996  76
733  72
1198  84
3994  68
6539  76
1258  82
1917  59
4545  63
33794  76
165  72
71264  74
4623  71
53464  52
5218  73
6365  67
3751  71
32  80
1036  77
5502  65
1591  52
221|20
4338  82
7013  78
8529  65
1080  78
3246  84
2871  78
1208  85
7063  83
2702  62
4029  77
5954  76
2352  76
922  86
2997  79
1278  80
2858  80
1212  83
1959  76
1961  76
3671  77
222|20
81831  63
100498  42
48516  85
1249  83
99813  78
91529  79
59900  59
93287  77
1721  68
2706  68
3273  53
2411  54
64622  67
7143  78
87869  73
778  81
30825  62
42011  43
673  55
64839  76
223|15
55854  65
6711  81
1  79
736  66
1961  76
457  79
2716  76
48394  76
608  82
8784  74
48516  85
3863  62
4306  77
260  84
2683  64
224|11
3496  82
3044  71
356  83
2915  69
289  67
3668  74
1270  81
2797  74
1721  68
2716  76
1259  79
225|15
2423  70
1285  74
588  75
1717  59
2791  77
1321  66
1136  83
1197  85
1753  69
2004  66
2371  60
1407  64
785  66
1060  74
3024  58
226|20
6938  69
32666  69
3552  77
542  53
1240  77
3098  74
2804  78
3668  74
3653  75
2231  76
145  64
2253  49
3052  72
2628  62
762  48
53129  84
4816  70
16  78
2144  72
46948  61
227|19
46976  73
52319  66
81845  81
109487  79
134130  80
215  80
48738  78
47099  76
1196  84
32587  76
912  85
55721  84
1682  76
750  85
778  81
40629  71
97913  76
70286  78
150  77
228|5
2571  83
1373  54
362  71
318  89
3113  52
229|13
34  72
589  79
377  70
45  66
587  68
5  61
475  87
442  61
597  69
364  80
213  67
110  80
527  84
230|20
34330  59
52715  59
47  79
7438  78
527  84
3147  83
45499  66
6537  63
2291  74
1387  81
6863  68
1485  61
595  75
4022  74
2096  67
588  75
4034  80
1676  67
8644  69
2641  60
231|5
92259  86
858  87
593  83
1198  84
109487  79
232|20
31867  65
41769  65
57526  65
70336  53
8644  69
1586  56
44972  45
4019  77
43928  38
30883  30
65802  55
8376  68
39292  76
1035  79
66198  60
66097  74
32011  44
6564  48
7451  75
33164  34
233|20
48394  76
3751  71
48516  85
1721  68
356  83
106100  78
162600  70
608  82
7153  83
134214  73
57669  84
122920  74
2329  84
4239  76
7371  81
3977  53
3147  83
3948  68
49272  79
5418  76
234|20
2616  60
2140  71
172  54
126  45
1562  45
4519  67
153  58
2710  56
3624  61
3483  60
1391  63
438  53
1460  70
2987  71
65  49
260  84
1359  53
3175  71
588  75
2080  67
235|13
480  74
736  66
500  67
454  72
592  69
235  71
595  75
32  80
527  84
648  70
223  77
588  75
377  70
236|30
1214  83
1278  83
1345  83
1350  83
1387  83
1388  83
1982  83
1997  83
1998  83
2447  83
2459  83
2490  83
2496  83
2502  83
2505  83
2542  83
2572  83
2580  83
2596  83
2598  83
2606  83
2657  83
2683  83
2694  83
2718  83
2770  83
2806  83
2858  83
3024  83
3052  83
237|10
32  80
4254  42
94959  74
293  80
1371  61
1193  83
7361  84
7980  77
43936  60
1374  76
238|9
4954  74
3528  73
4265  60
4901  68
4238  61
593  83
4499  83
4957  40
1193  83
239|20
58559  84
5459  58
4085  68
380  70
95  59
7445  72
608  82
7147  77
6378  72
2115  73
4896  75
36529  74
3994  68
33679  66
47  79
590  76
4022  74
208  58
733  72
51662  74
240|20
368  69
543  66
480  74
367  64
810  42
500  67
546  42
110  80
173  53
1  79
542  53
104  68
34  72
174  56
204  53
225  71
383  61
262  80
434  60
420  54
241|16
81786  79
71899  83
527  84
1206  82
1193  83
99114  78
100714  55
8981  74
53123  80
116897  84
56367  75
3910  78
106782  79
115569  83
4235  80
48780  80
242|7
39  66
380  70
231  62
457  79
592  69
454  72
111  82
243|8
112  67
353  74
62  72
588  75
193  49
586  60
181  44
376  64
244|19
3090  80
1049  69
110  80
257  70
165  72
151  70
1090  79
3755  63
2278  70
648  70
1580  70
1957  77
1610  77
1196  84
3256  69
1573  68
1242  82
3753  68
2243  69
245|5
3196  80
2739  80
3114  77
3274  70
1361  86
246|20
1304  79
616  69
1680  72
6016  83
3081  69
44191  78
60684  78
4973  84
1732  79
1298  74
53125  68
2291  74
2692  80
293  80
4011  83
5013  72
60069  81
48082  76
82202  54
95167  69
247|20
48516  85
593  83
2858  80
49272  79
1961  76
44191  78
527  84
116797  81
68358  77
122886  78
480  74
223  77
1265  79
2078  76
1198  84
1682  76
6377  79
1089  84
953  80
919  77
248|11
4886  77
1198  84
166528  80
176371  78
316  67
147374  75
102903  66
189333  80
122912  78
58559  84
5218  73
249|20
110350  74
102903  66
2167  67
94959  74
84601  66
2395  70
97306  69
3408  70
89047  74
91500  70
91542  74
40815  76
69844  77
904  85
46723  69
3826  47
68791  67
88812  54
67695  55
50  84
250|6
1282  76
2407  65
318  89
1597  59
1246  79
8880  67
251|5
142115  90
293  80
356  83
318  89
1089  84
252|8
164179  79
89745  79
6377  79
164909  69
1682  76
166643  72
143355  65
78499  82
253|10
44555  82
916  82
608  82
2300  79
7099  79
4217  80
26366  88
1192  90
4642  83
3363  77
254|20
46578  78
44195  81
207  71
49278  66
6333  74
780  69
110  80
1210  83
49272  79
27846  79
32587  76
2571  83
44929  80
47  79
293  80
1580  70
5995  82
32  80
592  69
48394  76
255|9
1270  81
4467  78
2023  69
3501  45
1663  76
1394  80
3392  55
2542  82
2915  69
256|20
3247  58
88744  70
377  70
4973  84
53972  67
118696  68
95441  63
104841  71
71535  78
2953  53
81229  72
53121  60
30707  77
2571  83
68791  67
170  65
6942  75
90405  68
6537  63
33493  69
257|5
1500  73
594  72
2502  83
494  69
2406  69
258|5
4995  79
7147  77
72641  71
76093  78
47099  76
259|6
508  73
5945  62
1784  73
4886  77
1356  78
1584  72
260|20
7361  84
3556  75
162  83
903  81
5690  82
6337  73
4878  79
5617  79
342  65
5219  61
2997  79
8011  80
1206  82
3317  74
6709  63
8874  80
2348  73
3822  77
2959  86
8645  82
261|11
3897  78
16  78
2060  62
296  84
2723  63
1682  76
4085  68
2194  78
7361  84
4238  61
58559  84
262|12
708  68
539  69
457  79
322  71
339  69
85  76
26  74
17  74
213  67
273  58
593  83
728  70
263|20
223  77
150  77
500  67
2987  71
2953  53
110  80
4226  82
8370  79
1197  85
7458  70
708  68
1111  83
2125  75
6942  75
5013  72
163  72
457  79
8636  75
1967  76
2085  68
264|12
7841  90
1376  69
151  70
5816  73
1907  72
1320  62
1917  59
150  77
3578  79
1090  79
253  71
1876  60
265|20
3807  66
316  67
253  71
1302  71
724  59
1240  77
3504  80
230  67
3831  74
1956  80
3098  74
529  77
1270  81
3791  64
1177  85
2322  59
1488  63
2474  71
1198  84
1962  74
266|20
476  71
2812  71
2700  76
2278  70
24  63
2770  57
2702  62
64  47
1405  57
2580  79
1527  75
2167  67
457  79
1580  70
2300  79
1923  73
2094  65
132  60
2571  83
2097  60
267|12
2858  80
593  83
1175  79
3006  75
1302  71
3999  53
3113  52
1093  67
589  79
2571  83
923  80
3996  76
268|20
1641  75
587  68
1125  74
1911  53
2802  61
1036  77
1370  69
50  84
2064  78
1784  73
1912  78
1966  70
454  72
1234  79
2247  60
1394  80
2829  62
802  69
260  84
2858  80
269|6
724  59
743  48
95  59
1  79
63  53
648  70
270|8
661  66
62  72
79  55
628  73
14  74
1356  78
141  70
25  72
271|9
3897  78
32  80
2791  77
969  80
6787  80
2858  80
55765  79
1320  62
2288  79
272|7
177765  68
1240  77
51662  74
122922  78
49272  79
158238  76
6365  67
273|11
440  70
593  83
500  67
608  82
223  77
111  82
150  77
21  69
466  56
235  71
520  62
274|20
50147  65
2947  77
3037  85
1645  68
4951  68
2036  44
1359  53
35957  68
553  75
76293  65
3918  65
1503  45
45431  68
4816  70
54999  70
5667  65
4876  49
56805  68
1921  77
54004  69
275|20
1784  73
2289  77
5884  82
1171  67
357  70
1912  78
2539  61
235  71
4886  77
2572  70
2355  70
3253  70
1192  90
926  84
111  82
2100  61
3089  88
1393  71
1719  88
1392  75
276|9
673  55
356  83
466  56
104  68
631  60
648  70
2  69
1367  61
344  62
277|6
637  62
736  66
656  60
1  79
780  69
260  84
278|5
2371  60
1347  60
4002  76
318  89
2369  54
279|20
134130  80
1101  66
166528  80
90405  68
61132  69
79132  82
56782  84
97913  76
1608  66
4226  82
59315  76
88129  75
54286  73
1258  82
8665  75
58559  84
4993  83
8376  68
107406  69
1200  79
280|20
92535  87
344  62
262  80
3146  48
4239  76
4447  65
8638  74
919  77
72641  71
86817  50
8368  79
49530  75
6863  68
35836  71
55052  69
54503  77
4246  72
48516  85
1911  53
3916  73
281|5
46578  78
8361  60
35836  71
3897  78
3861  56
282|20
5995  82
3977  53
3263  57
25  72
6708  74
2683  64
4718  61
6711  81
5481  58
6863  68
5669  74
3752  64
588  75
80463  79
1921  77
1193  83
4369  62
48322  78
1194  75
784  57
283|7
1580  70
39  66
1704  82
356  83
586  60
2082  53
805  73
284|18
474  73
173  53
2  69
296  84
15  58
348  72
248  65
318  89
47  79
353  74
275  36
44  51
339  69
367  64
276  65
165  72
637  62
235  71
285|8
1193  83
949  78
1247  81
6978  63
113207  79
4447  65
441  79
296  84
286|20
454  72
778  81
5989  78
1333  72
165  72
500  67
7438  78
2294  64
4993  83
4995  79
7361  84
70  71
4980  61
1258  82
4963  77
1097  75
4848  77
539  69
377  70
110  80
287|20
3160  75
3578  79
223  77
2633  80
1059  73
586  60
3005  59
532  61
1193  83
2599  73
2028  84
1485  61
3826  47
2081  70
8949  73
2012  68
101  75
4034  80
2422  37
2115  73
288|20
4473  63
4966  63
1008  63
2867  72
42015  65
141  70
2571  83
13  66
53519  64
2407  65
5418  76
3916  73
2347  40
2528  65
30810  68
575  53
32587  76
587  68
2517  57
8361  60
289|24
3  83
16  83
235  83
266  83
594  83
708  83
750  83
1080  83
1101  83
1208  83
1220  83
1258  83
1917  83
2012  83
2174  83
2710  83
2797  83
4322  83
6125  76
6327  83
6453  76
7025  83
7028  83
26704  83
290|20
1228  82
1299  81
2494  80
2739  80
608  82
2130  73
908  83
341  83
1447  63
342  65
1056  62
1719  88
953  80
928  81
1394  80
2648  76
475  87
2731  78
1357  79
2385  40
291|7
40815  76
122892  68
106489  69
134853  79
7153  83
88125  77
1  79
292|20
520  62
103339  58
122900  76
4896  75
2291  74
474  73
85056  62
46972  62
95167  69
164909  69
3176  68
3476  71
1608  66
31221  39
1101  66
3985  66
3984  68
1017  68
69844  77
231  62
293|5
1682  76
1673  81
344  62
1617  82
1097  75
294|20
416  47
3869  70
1064  65
2794  52
610  70
2133  68
1391  63
3868  68
1129  68
520  62
3387  60
355  44
2378  57
3693  47
785  66
2193  68
2367  57
2458  51
348  72
3501  45
295|9
1221  86
3198  77
1287  79
1213  85
4351  67
1198  84
858  87
318  89
2329  84
296|6
160848  80
2028  84
169034  80
4144  82
50  84
2324  82
297|15
832  68
543  66
1645  68
111  82
454  72
1089  84
6  80
1249  83
1047  63
1370  69
1488  63
150  77
170  65
1092  63
866  79
298|20
57640  77
95510  66
6811  55
8370  79
8807  71
63131  72
6881  70
3785  59
122900  76
103042  66
6294  52
2167  67
2005  72
6006  61
653  62
55995  54
3018  69
69757  73
103772  69
3825  56
299|5
3793  74
1387  81
188  72
1198  84
1214  78
300|32
318  83
356  83
527  83
593  83
1172  83
1704  83
2028  83
2324  83
2329  83
2571  83
2762  83
2858  83
2959  83
4848  83
4973  83
5995  83
6016  83
6711  83
7361  83
8950  83
48394  83
56174  83
63082  83
79132  83
81591  83
92259  83
99114  83
109487  83
112183  83
112290  83
112552  83
112556  83
301|20
21  69
357  70
2490  69
6711  81
589  79
8949  73
837  66
3948  68
364  80
527  84
5989  78
4963  77
608  82
292  68
3578  79
3897  78
4226  82
3753  68
1393  71
1792  63
302|7
480  74
14  74
3  66
25  72
648  70
707  59
110  80
303|11
5378  63
3703  80
1127  71
5544  75
1196  84
3471  74
1580  70
1394  80
2683  64
920  72
1358  75
304|20
314  76
2571  83
2433  59
10  71
1376  69
480  74
1373  54
1777  70
1270  81
1517  71
151  70
356  83
208  58
474  73
1214  78
1375  65
640  52
1722  61
185  60
2701  45
305|20
74624  78
140627  78
87869  73
919  77
1197  85
106100  78
138210  68
788  55
7482  79
80590  55
103075  65
903  81
6537  63
93840  78
54736  73
592  69
2288  79
58803  75
55276  75
1272  82
306|20
5784  46
68954  80
69644  53
6377  79
95543  68
81847  77
111743  59
85367  63
168418  78
167018  67
72998  72
122904  78
69406  68
85788  55
4963  77
115664  70
134368  72
112852  82
161634  65
133419  68
307|20
2190  54
4181  54
31424  54
49314  54
5010  77
7845  62
3392  55
1220  77
6793  37
6483  20
2332  30
56003  60
1991  54
3273  53
4876  49
3421  75
1409  51
413  58
4447  65
52867  54
308|20
2959  86
45517  68
96821  77
72998  72
318  89
2  69
904  85
589  79
8961  76
56152  73
56367  75
5618  83
36  78
410  62
79132  82
4993  83
8464  71
1221  86
2248  77
6  80
309|20
2202  85
1645  68
898  88
1682  76
296  84
1089  84
1269  79
7153  83
6947  73
8340  75
1104  91
7218  77
25886  90
1219  80
8154  87
971  82
1944  81
6365  67
1262  81
2762  78
310|13
6863  68
6947  73
1101  66
6503  49
2524  71
2457  69
5899  80
733  72
246  85
3254  66
1223  82
1080  78
2671  68
311|6
6561  45
5992  73
1517  71
6461  76
1407  64
2706  68
312|20
5816  73
1375  65
3499  77
589  79
2454  67
1358  75
4878  79
4103  77
3793  74
2028  84
1371  61
4121  63
2366  72
2747  57
4105  74
5446  68
2699  57
2529  77
1350  77
1356  78
313|20
4980  61
170  65
3917  66
2455  68
5544  75
541  83
2193  68
2000  73
6  80
1968  76
1089  84
1301  76
1240  77
3175  71
4865  75
2005  72
2167  67
1375  65
2087  72
2530  53
314|20
7  63
1042  64
44  51
165  72
457  79
293  80
597  69
329  67
442  61
26  74
830  62
728  70
618  61
107  67
536  60
10  71
1376  69
153  58
208  58
150  77
315|7
1262  81
2729  72
2529  77
2067  82
2553  65
909  78
902  77
316|11
1748  78
253  71
3968  61
158  55
5445  73
3751  71
7438  78
6874  80
48  64
3882  54
2572  70
317|20
133115  75
73321  67
91529  79
74545  75
7445  72
1213  85
48774  79
4262  78
1884  79
5989  78
3578  79
4011  83
68358  77
1208  85
72011  74
3897  78
3499  77
96829  87
116797  81
56782  84
318|20
26713  75
81191  75
90245  75
111817  75
127180  75
145080  75
150696  75
7445  72
1090  79
116799  78
82459  73
48385  66
2294  64
64839  76
88125  77
109487  79
4021  90
33794  76
54286  73
89753  76
319|7
115617  77
6377  79
356  83
136864  44
1221  86
122904  78
110  80
320|5
72998  72
71535  78
31184  75
59315  76
1013  64
321|12
587  68
356  83
160  58
592  69
597  69
780  69
339  69
355  44
410  62
3  66
500  67
457  79
322|20
2882  40
1968  76
2542  82
58559  84
2788  81
2146  72
2617  63
2918  77
778  81
2599  73
4027  76
4993  83
1230  77
51540  76
1  79
1617  82
1923  73
4010  58
11  75
1035  79
323|20
377  70
480  74
356  83
1094  68
161  73
115569  83
1198  84
29  80
551  70
22  64
318  89
112183  65
253  71
111659  53
3257  59
260  84
150  77
329  67
342  65
266  67
324|5
2764  83
3972  80
3864  32
3949  78
3897  78
325|20
2848  71
235  71
2986  56
262  80
1573  68
2596  72
1584  72
1217  88
1676  67
4714  40
3770  48
3261  67
2894  71
2155  71
1279  83
1614  55
3994  68
2268  76
2915  69
5008  89
326|20
8665  75
47610  74
20  50
2858  80
86882  70
5418  76
4973  84
133771  77
48774  79
2324  82
1293  77
2692  80
72605  68
70159  57
54286  73
5446  68
6591  88
4226  82
105844  71
31410  77
327|10
3301  70
150  77
858  87
1923  73
51255  79
48516  85
1304  79
765  63
6888  41
2706  68
328|20
2687  68
112852  82
70286  78
1196  84
457  79
364  80
80463  79
3489  69
318  89
595  75
5349  71
2542  82
1219  80
35836  71
3751  71
79091  74
7153  83
596  69
2398  79
1148  80
329|5
130482  52
136850  52
858  87
1884  79
750  85
330|20
5378  63
316  67
1639  72
2918  77
919  77
3949  78
3535  76
5349  71
380  70
1676  67
2502  83
3703  80
1682  76
2683  64
1206  82
1721  68
2791  77
2081  70
8874  80
592  69
331|20
8874  80
6157  51
88125  77
6539  76
3897  78
4446  69
7361  84
50872  76
4995  79
4306  77
6874  80
5502  65
3911  73
608  82
4447  65
593  83
3751  71
8665  75
4367  60
2959  86
332|20
47  79
1653  79
1258  82
316  67
8983  70
431  75
97757  72
2291  74
1835  68
356  83
5502  65
4308  71
1203  83
1682  76
1249  83
76251  74
2905  83
318  89
2294  64
32  80
333|5
3785  59
3752  64
3616  64
3615  64
3646  41
334|20
55820  79
1196  84
1580  70
1291  81
3996  76
589  79
30810  68
4027  76
1  79
64957  71
1625  74
50601  57
44195  81
27416  80
6867  72
2997  79
293  80
480  74
5378  63
51935  78
335|6
780  69
592  69
356  83
296  84
2699  57
2001  64
336|12
1267  85
1  79
38798  60
33660  81
1784  73
2001  64
2268  76
293  80
1625  74
4886  77
50  84
150  77
337|16
318  89
47  79
16  78
805  73
1393  71
266  67
667  50
168  62
784  57
65  49
110  80
708  68
25  72
1356  78
277  63
786  61
338|8
189111  64
190207  64
190215  64
190219  64
7153  83
593  83
187541  70
185029  85
339|20
72641  71
5445  73
84152  80
96079  77
106072  66
69122  73
5617  79
41285  67
56869  81
48322  78
65216  77
91630  72
86504  82
91529  79
83613  60
4993  83
3470  82
102407  66
2028  84
5952  81
340|28
10  83
110  83
150  83
153  83
161  83
165  83
185  83
208  83
253  83
288  83
292  83
296  83
316  83
318  83
329  83
344  83
349  83
356  83
454  83
457  83
480  83
589  83
590  83
592  83
595  83
648  83
780  83
1356  83
341|11
2335  63
3624  61
130087  60
1370  69
135137  50
117529  65
5459  58
45672  61
1  79
47099  76
4025  61
342|14
2683  64
2598  57
2881  63
2369  54
1268  73
2605  60
2599  73
1198  84
3157  54
3826  47
2428  48
2827  44
3863  62
1959  76
343|12
858  87
3000  79
48394  76
4226  82
4878  79
3993  68
2571  83
1617  82
31658  82
55363  82
55820  79
296  84
344|14
111362  77
380  70
316  67
2628  62
4226  82
2571  83
4014  70
2012  68
4034  80
260  84
2541  66
4973  84
5418  76
2712  69
345|13
1019  70
2539  61
926  84
5902  79
8810  54
344  62
5707  60
2366  72
56949  63
3649  48
6658  60
3489  69
412  69
346|20
3174  70
778  81
608  82
6711  81
6286  80
306  84
7323  73
307  79
3535  76
1212  83
357  70
3949  78
714  80
7937  80
7396  80
5878  81
1120  71
1131  82
3627  77
7115  67
347|9
434  60
590  76
39  66
150  77
454  72
380  70
587  68
317  64
457  79
348|11
318  89
2324  82
4368  43
1213  85
6016  83
2959  86
6893  77
4973  84
1221  86
1960  73
2019  84
349|8
10  71
161  73
589  79
381  78
349  72
231  62
588  75
509  71
350|8
852  64
7  63
637  62
648  70
733  72
12  46
858  87
661  66
351|20
88932  73
87222  66
73344  87
52579  60
2231  76
88744  70
43836  58
79132  82
597  69
58559  84
12  46
8914  78
8950  80
63082  77
6214  78
90376  70
84152  80
480  74
4878  79
1193  83
352|20
72998  72
71745  54
1801  73
34319  66
2600  77
65682  75
1080  78
79695  62
110730  43
38038  71
130490  60
97752  74
1214  78
94864  65
41566  69
56587  65
44191  78
114935  76
59315  76
47610  74
353|18
552  63
25  72
267  59
216  70
367  64
288  66
144  67
186  55
333  76
266  67
112  67
198  65
234  51
145  64
293  80
158  55
163  72
296  84
354|20
1610  77
4306  77
2692  80
3147  83
47  79
903  81
733  72
3977  53
1225  84
35836  71
648  70
44191  78
8665  75
1917  59
7147  77
1923  73
589  79
2959  86
4718  61
1196  84
355|6
316  67
1580  70
3035  80
3175  71
317  64
916  82
356|20
2248  77
52435  76
52975  71
7122  80
44889  80
1641  75
2706  68
4011  83
802  69
7323  73
2502  83
56367  75
1223  82
55118  79
3949  78
3996  76
1246  79
1466  75
223  77
7153  83
357|20
4354  79
8998  79
27329  79
2804  78
595  75
529  77
4663  50
4091  63
1224  81
1242  82
34  72
208  58
58559  84
6296  73
30793  61
1042  64
2100  61
551  70
471  70
2067  82
358|9
26095  65
605  57
5066  68
52328  72
2226  65
42728  65
7361  84
69844  77
36525  50
359|15
405  48
1092  63
1101  66
51412  55
648  70
296  84
1097  75
2396  76
2424  61
593  83
2701  45
2942  56
1682  76
2530  53
4995  79
360|5
1422  53
1620  59
1488  63
1711  60
1414  63
361|20
47099  76
1580  70
377  70
1552  60
49272  79
1263  78
53125  68
589  79
49822  68
8360  72
318  89
2529  77
5218  73
6188  70
2422  37
3082  65
1732  79
1370  69
46972  62
7458  70
362|20
1945  83
592  69
6539  76
51540  76
5989  78
637  62
70  71
7153  83
1252  84
44665  77
407  66
6874  80
2959  86
1196  84
1208  85
8961  76
48516  85
7438  78
356  83
1201  82
363|6
1552  60
1732  79
1517  71
296  84
653  62
318  89
364|5
858  87
9  63
783  68
376  64
1  79
365|20
59315  76
81229  72
128975  53
6874  80
90345  80
158872  70
129354  63
103075  65
135536  56
70286  78
112852  82
76077  65
112818  80
1777  70
6502  80
155820  30
541  83
95720  58
93270  42
135569  69
366|7
116797  81
59315  76
33794  76
91529  79
2028  84
122882  77
7438  78
367|20
926  84
3061  69
1270  81
1287  79
486  50
3536  67
3824  51
2384  54
3072  71
898  88
3618  70
3225  47
2248  77
3157  54
3969  72
3717  64
1259  79
4023  60
1196  84
1258  82
368|20
3753  68
2112  61
1944  81
2986  56
3869  70
1214  78
2947  77
415  53
3035  80
832  68
50  84
2819  76
1801  73
2490  69
1917  59
1391  63
2193  68
225  71
161  73
2881  63
369|20
1256  76
785  66
47  79
2706  68
839  57
377  70
52973  73
743  48
4214  58
5418  76
3863  62
1372  66
27904  74
60069  81
2857  64
1967  76
150  77
2011  70
1580  70
3174  70
370|19
4011  83
4878  79
8961  76
6377  79
2628  62
1748  78
2116  67
589  79
2329  84
7438  78
3977  53
1676  67
593  83
4973  84
4226  82
1240  77
1089  84
8636  75
2716  76
371|9
2571  83
112512  90
1258  82
4090  72
56715  76
3000  79
4226  82
4993  83
1748  78
372|20
335  67
924  78
318  89
1603  48
1479  64
589  79
81  65
387  43
616  69
337  74
1220  77
1201  82
165  72
1243  83
1258  82
377  70
1401  60
450  60
1206  82
1306  58
373|20
216  70
60  65
169  48
350  67
585  56
44  51
371  68
163  72
616  69
198  65
265  75
25  72
6  80
733  72
47  79
2  69
736  66
305  55
357  70
141  70
374|7
296  84
208  58
1219  80
480  74
592  69
1258  82
1339  69
375|7
344  62
1027  59
32  80
2628  62
3256  69
4226  82
500  67
376|20
91535  61
2002  58
1214  78
1101  66
2916  73
33794  76
1198  84
349  72
1371  61
376  64
1240  77
1375  65
4993  83
858  87
457  79
4226  82
5952  81
344  62
2763  73
2797  74
377|20
4942  78
2793  43
1262  81
2791  77
748  62
1345  67
5027  58
5113  60
27692  78
3421  75
6021  78
3364  70
2072  58
8641  74
2163  42
92760  78
2858  80
1503  45
2124  66
2015  67
378|10
33794  76
7153  83
48516  85
3114  77
858  87
68954  80
91529  79
71535  78
90600  72
364  80
379|8
318  89
377  70
19  55
292  68
480  74
367  64
597  69
344  62
380|20
60818  74
172875  74
172881  74
172887  74
355  44
6979  66
5476  30
2735  53
68194  90
63433  60
72356  90
105731  40
1833  60
551  70
6731  73
27831  76
1665  58
393  51
140956  73
2791  77
381|20
2085  68
1088  67
3253  70
185  60
317  64
27808  66
1240  77
19  55
3753  68
4321  67
72011  74
3082  65
333  76
2140  71
1385  58
2273  64
1208  85
457  79
104  68
2716  76
382|20
1204  87
142372  40
135532  65
1201  82
112171  67
1198  84
912  85
81847  77
4638  57
63540  33
1681  42
170289  70
103042  66
72737  74
2496  61
357  70
81537  61
59501  70
101362  50
4890  61
383|7
2436  82
2541  66
2496  61
1584  72
2558  45
1246  79
903  81
384|14
3527  72
1388  56
2683  64
2502  83
4333  59
3098  74
4396  59
457  79
358  57
968  75
2724  56
296  84
3991  58
1204  87
385|20
736  66
1080  78
249  74
1219  80
1036  77
1136  83
282  65
1073  78
1200  79
1228  82
1022  69
1007  55
1201  82
1246  79
344  62
589  79
1023  72
1287  79
594  72
1303  79
386|14
110  80
410  62
112  67
165  72
223  77
648  70
185  60
608  82
485  60
305  55
44  51
585  56
349  72
10  71
387|20
4393  65
5156  65
5780  65
7336  65
26124  65
40966  65
2712  69
5062  80
1247  81
5489  65
4195  80
7132  82
2946  64
1387  81
3000  79
51939  62
4995  79
912  85
7938  65
1783  55
388|6
6158  70
63239  70
33615  67
86298  62
62999  72
8360  72
389|7
17  74
140  67
628  73
762  48
743  48
95  59
32  80
390|17
6344  75
64957  71
4239  76
5220  50
1193  83
2571  83
9010  78
2291  74
5296  56
4226  82
7254  72
6377  79
63062  70
1206  82
2329  84
4014  70
1784  73
391|20
5575  75
500  67
3994  68
1213  85
516  65
199  83
4027  76
150  77
1408  78
4014  70
1527  75
1059  73
2916  73
4973  84
357  70
555  76
5026  80
4936  68
1210  83
3067  68
392|5
3004  54
2858  80
707  59
1198  84
1125  74
393|20
91658  70
102125  71
48394  76
36517  67
8636  75
110102  74
44199  74
5388  66
54259  72
4848  77
5669  74
1291  81
68848  80
86190  72
2571  83
1206  82
122892  68
106642  90
1625  74
106489  69
394|5
588  75
316  67
344  62
225  71
457  79
395|13
329  67
1025  72
296  84
160  58
208  58
173  53
485  60
355  44
520  62
595  75
126  45
48  64
367  64
396|6
1276  85
1597  59
1777  70
44  51
204  53
2081  70
397|5
4017  72
8645  82
1701  77
8228  71
6993  74
398|10
6408  84
1197  85
5971  79
7022  79
1198  84
60069  81
2455  68
1136  83
48516  85
82459  73
399|8
1198  84
110  80
5445  73
1196  84
593  83
480  74
1270  81
2194  78
400|9
608  82
356  83
2571  83
2959  86
7153  83
1221  86
3578  79
858  87
59615  57
401|15
5952  81
6297  68
55768  64
48982  70
166461  69
49274  47
50872  76
32031  60
79091  74
170939  71
38038  71
8360  72
3114  77
33615  67
1136  83
402|10
1084  82
597  69
52  70
329  67
296  84
586  60
315  61
1036  77
434  60
527  84
403|7
110  80
2427  64
3210  68
296  84
61465  60
1663  76
180  68
404|12
204  53
349  72
474  73
34  72
364  80
508  73
105  66
593  83
509  71
277  63
315  61
185  60
405|20
70708  80
293  80
7254  72
37731  74
2959  86
345  71
1213  85
7134  80
64614  80
6023  60
1241  79
2329  84
1247  81
3052  72
68237  80
1199  84
27592  75
27664  60
3418  69
1215  82
406|5
1586  56
135  57
56949  63
46972  62
724  59
407|5
7153  83
2959  86
6539  76
1240  77
54286  73
408|20
1198  84
122904  78
44840  55
165101  50
6618  75
1291  81
1210  83
89745  79
1278  80
7324  65
44  51
8641  74
115210  75
103596  30
68554  65
2571  83
109487  79
63131  72
80489  77
4649  73
409|20
2485  56
2490  69
2028  84
3812  66
1278  80
2997  79
296  84
1078  65
3016  60
1073  78
2683  64
2289  77
3846  63
912  85
2013  61
1911  53
2352  76
1230  77
2541  66
3174  70
410|20
389  81
3224  93
318  89
2302  64
4002  76
1060  74
4297  70
3263  57
1859  70
111  82
58  81
2145  65
3255  70
2321  69
3504  80
3948  68
11  75
4019  77
3  66
597  69
411|20
508  73
261  78
586  60
432  51
353  74
431  75
194  74
318  89
272  75
515  74
356  83
266  67
257  70
349  72
10  71
31  62
344  62
227  57
455  46
122  51
412|20
2828  20
2384  54
2915  69
903  81
608  82
2720  42
2858  80
1883  63
1307  77
1214  78
1784  73
2239  96
1  79
930  85
1136  83
2710  56
915  76
2398  79
17  74
1079  79
413|12
2706  68
1198  84
3753  68
2424  61
593  83
128360  76
4993  83
16  78
5574  70
3948  68
64957  71
2959  86
414|20
4458  68
4666  68
5285  68
5635  68
6033  68
6493  68
6563  68
6628  68
6797  68
48319  68
58879  68
169992  68
3802  40
3599  60
1600  80
8666  29
4975  67
7444  64
4081  40
177593  96
415|19
296  84
1213  85
4321  67
3507  80
4308  71
47  79
1021  47
111  82
2617  63
1276  85
3861  56
4369  62
99114  78
1221  86
63082  77
1234  79
45722  71
1197  85
175  78
416|11
5952  81
5951  53
531  63
1296  74
1199  84
1721  68
830  62
1206  82
7323  73
4848  77
3677  83
417|14
778  81
4995  79
4975  67
7254  72
1198  84
106782  79
27773  80
168250  72
1625  74
7153  83
74458  79
110102  74
48394  76
4878  79
418|19
356  83
296  84
63082  77
104374  77
1276  85
1136  83
117176  71
1573  68
137337  75
1682  76
5816  73
88125  77
74458  79
367  64
89745  79
45672  61
87869  73
7361  84
54001  78
419|20
4093  76
111  82
46976  73
27822  45
2858  80
319  70
6287  60
3578  79
1213  85
64969  72
47  79
79592  66
34319  66
89580  76
60756  71
27704  76
90943  76
2412  39
1240  77
52245  58
420|20
1161  75
4993  83
45499  66
923  80
26693  77
48385  66
1927  90
5608  76
2052  55
6934  63
7022  79
3979  50
59295  77
2329  84
54259  72
1131  82
2762  78
4973  84
5669  74
527  84
421|8
2858  80
909  78
5008  89
953  80
1178  90
2313  77
2478  62
1203  83
422|19
2539  61
2710  56
4947  80
4971  62
5039  82
4925  67
2581  59
4916  60
1265  79
2804  78
3053  78
2665  67
1283  85
4835  65
2908  73
3943  59
1213  85
2670  75
858  87
423|5
1653  79
110  80
2194  78
5349  71
1320  62
424|20
1193  83
141  70
2804  78
40278  73
608  82
108729  70
293  80
69122  73
1092  63
54503  77
58559  84
3186  69
66097  74
778  81
5679  64
3176  68
2288  79
2174  69
71668  75
112556  76
425|20
45517  68
377  70
2329  84
733  72
6  80
1645  68
8368  79
2081  70
4306  77
1680  72
1909  69
367  64
46723  69
1625  74
1036  77
4901  68
750  85
2353  69
1342  51
145  64
426|18
59784  68
150  77
471  70
337  74
54001  78
1197  85
6378  72
72641  71
4886  77
8644  69
37729  71
597  69
5444  75
91325  40
588  75
3247  58
4022  74
79091  74
427|17
4887  56
5463  54
5015  66
110  80
58  81
5528  68
6348  45
5312  57
2710  56
5696  40
4993  83
5266  60
2683  64
5400  59
5816  73
1208  85
5574  70
428|20
2471  50
2762  78
3827  59
1089  84
2953  53
2916  73
1380  63
1997  77
3440  42
4022  74
317  64
4255  42
1208  85
1391  63
6377  79
2581  59
260  84
3285  61
588  75
653  62
429|12
339  69
421  62
150  77
225  71
165  72
266  67
329  67
252  68
279  60
317  64
237  66
204  53
430|12
923  80
2987  71
3745  68
6287  60
2858  80
6365  67
2571  83
4447  65
4014  70
329  67
2076  78
4446  69
431|5
172  54
1625  74
1376  69
3948  68
802  69
432|20
1831  48
5630  67
6870  75
8640  57
6539  76
3916  73
5989  78
84189  73
110  80
35836  71
4886  77
2762  78
1206  82
49272  79
19  55
318  89
58559  84
69481  80
7158  75
33660  81
433|5
91529  79
1089  84
50  84
5299  63
110  80
434|20
1136  83
3147  83
1090  79
1265  79
5989  78
1101  66
1779  56
586  60
344  62
3863  62
1208  85
3160  75
589  79
780  69
6796  75
2791  77
4226  82
2194  78
8665  75
1291  81
435|9
2353  69
44191  78
485  60
3510  68
34405  78
2302  64
158  55
82459  73
48780  80
436|20
204  53
435  48
440  70
432  51
161  73
480  74
377  70
531  63
536  60
502  48
364  80
235  71
371  68
344  62
2  69
585  56
450  60
587  68
437  44
227  57
437|20
748  62
318  89
5  61
640  52
1299  81
1120  71
1396  69
1246  79
454  72
1171  67
1225  84
1183  73
1097  75
1307  77
1268  73
592  69
198  65
155  42
112  67
246  85
438|20
7154  58
2501  75
8966  61
27801  81
1527  75
6711  81
3898  30
1784  73
8644  69
6367  58
2424  61
3889  42
223  77
1517  71
7361  84
2641  60
5009  61
2617  63
3753  68
2393  65
439|5
356  83
4022  74
7153  83
78499  82
1240  77
440|7
8690  77
541  83
29  80
1653  79
1274  76
3174  70
1235  86
441|9
589  79
2683  64
2959  86
4306  77
260  84
296  84
51255  79
47  79
68358  77
442|5
2908  73
2881  63
1186  74
3752  64
4361  69
443|8
2329  84
79132  82
296  84
48394  76
106487  71
108190  57
7153  83
63082  77
444|9
356  83
592  69
208  58
21  69
111  82
110  80
235  71
296  84
344  62
445|16
2028  84
590  76
34405  78
47  79
116897  84
780  69
4011  83
899  82
593  83
33794  76
1080  78
45722  71
17  74
1230  77
306  84
2710  56
446|17
237  66
339  69
300  71
296  84
480  74
368  69
288  66
172  54
17  74
16  78
357  70
150  77
434  60
153  58
648  70
593  83
337  74
447|16
257  70
293  80
337  74
531  63
382  62
589  79
552  63
253  71
362  71
532  61
292  68
31  62
474  73
540  51
442  61
160  58
448|373
2368  57
3284  57
3933  57
6302  57
6476  57
7245  57
48262  57
49688  57
75803  57
75816  57
78116  57
79590  57
86593  57
92198  57
98908  57
100326  57
102819  57
104760  57
108715  57
109191  57
111680  57
113416  57
116207  57
116985  57
129657  57
130083  57
133377  57
136654  57
138546  57
142424  57
151777  57
152658  57
157130  57
158022  57
161290  57
164375  57
53996  68
136778  57
5418  76
288  66
88356  37
2580  79
155358  57
2889  74
4034  80
148888  55
81156  78
2713  55
103335  72
95441  63
34048  63
80126  53
3057  57
1057  69
2794  52
33830  90
8665  75
6059  65
110553  53
90374  90
151501  57
3764  42
6143  80
103819  30
4361  69
104913  76
3986  57
5528  68
1196  84
105351  60
83349  62
3276  57
1090  79
5349  71
587  68
106330  40
4677  61
95508  57
109895  30
110611  57
671  68
2289  77
152077  75
80693  58
111360  57
170  65
87444  70
94323  60
8493  62
3671  77
91653  62
4981  57
2991  74
78034  57
119145  79
5099  47
4299  66
2567  58
6996  30
109864  30
6582  50
73017  76
370  61
543  66
115617  77
590  76
154065  57
5553  60
41569  67
3286  37
6645  80
589  79
1920  56
2857  64
111663  70
78499  82
2657  66
6537  63
1148  80
46974  56
48516  85
80241  70
445  58
4262  78
3689  27
114935  76
6428  60
127194  57
109673  47
127096  83
89388  57
4156  57
3793  74
33679  66
2014  54
64285  70
3968  61
49530  75
3450  64
160563  66
5502  65
8169  68
6314  40
122490  57
3386  70
140725  80
4896  75
2642  44
127136  80
2763  73
2520  57
457  79
48783  68
3263  57
5400  59
5541  62
4011  83
58351  57
127132  57
152091  67
3698  65
435  48
4799  61
84152  80
3401  45
2858  80
3174  70
7076  77
106542  57
6218  67
2860  50
1283  85
3618  70
2616  60
90439  78
2404  40
4660  57
2530  53
26386  57
4327  70
3030  82
71464  65
32  80
91529  79
4158  48
99114  78
98585  72
93326  54
2268  76
80489  77
130576  43
105504  79
2791  77
50601  57
7007  68
4234  65
3623  55
80727  80
78467  37
8641  74
4128  75
106782  79
2537  30
112138  72
3247  58
112818  80
2027  36
3101  60
5779  57
82202  54
1704  82
98296  57
6863  68
89305  70
4203  68
1201  82
6212  40
637  62
84954  63
6814  57
94864  65
67695  55
159077  57
92439  80
6812  40
3156  57
802  69
118354  57
134130  80
138036  71
65135  57
52975  71
4368  43
90717  73
45722  71
79259  57
68157  83
4233  38
74458  79
3258  57
1262  81
3949  78
101025  42
69526  49
1831  48
1083  67
1884  79
1476  70
156609  50
3755  63
111659  53
4734  62
161  73
95201  57
135887  68
2598  57
87232  76
4634  100
5334  40
5459  58
146730  57
72694  57
157432  57
132488  57
4558  48
1375  65
6424  57
71518  62
2716  76
94780  60
3593  30
129354  63
158  55
1409  51
6514  57
2881  63
51662  74
90522  64
68554  65
2126  53
122932  57
93510  76
137857  74
125916  10
2953  53
2090  63
1760  26
480  74
58803  75
2109  67
50792  40
46062  25
85510  65
80864  57
112171  67
122900  76
2587  60
1527  75
117529  65
4993  83
92264  60
5247  53
533  57
912  85
26464  57
2249  69
4678  67
103772  69
114601  70
96861  73
420  54
59615  57
2349  75
109372  60
95207  58
348  72
19  55
136020  59
4502  37
91094  50
138208  50
3511  42
79428  72
2643  33
109183  57
2139  71
4212  57
5942  58
96417  70
112852  82
99728  75
89470  76
142448  62
64983  67
2640  72
2046  64
4881  76
3882  54
3744  54
1032  67
116799  78
5  61
4040  47
157407  57
2115  73
1617  82
4367  60
105254  80
3388  47
3760  80
2146  72
2968  75
6281  63
466  56
96448  50
86332  72
64969  72
115170  57
1036  77
3397  68
2474  71
1408  78
155743  57
106920  80
8542  70
120466  70
2051  30
7143  78
7150  54
89087  50
34150  56
2253  49
2973  78
449|8
1917  59
2502  83
4034  80
1222  82
2770  57
762  48
2011  70
2324  82
450|11
3977  53
589  79
110  80
3363  77
3535  76
3948  68
3409  58
1035  79
3568  80
358  57
1259  79
451|7
733  72
593  83
7  63
5  61
494  69
25  72
17  74
452|20
4025  61
2858  80
2617  63
5292  73
1206  82
1676  67
3219  61
47  79
3101  60
163  72
1092  63
1917  59
2126  53
1356  78
552  63
2628  62
1200  79
608  82
2707  66
3273  53
453|20
208  58
858  87
2335  63
4022  74
3618  70
1617  82
3452  62
1357  79
112  67
2671  68
1884  79
1894  57
2294  64
318  89
1614  55
3534  66
2959  86
798  54
5266  60
780  69
454|9
7361  84
2692  80
7116  40
55820  79
6016  83
27773  80
2160  83
2858  80
26131  90
455|12
272  75
432  51
367  64
590  76
253  71
364  80
555  76
252  68
110  80
225  71
588  75
597  69
456|9
1407  64
634  50
135  57
5  61
724  59
780  69
733  72
260  84
706  75
457|10
329  67
3593  30
2692  80
1356  78
223  77
2394  71
2701  45
3608  59
733  72
2094  65
458|12
597  69
185  60
10  71
380  70
95  59
454  72
300  71
595  75
153  58
587  68
150  77
552  63
459|6
79132  82
5618  83
8961  76
48780  80
50872  76
260  84
460|17
89039  84
4886  77
4703  63
3831  74
1441  69
4878  79
3483  60
8970  72
1  79
49272  79
40815  76
85414  73
68237  80
76093  78
47610  74
63082  77
2571  83
461|6
74458  79
2762  78
1036  77
91500  70
3578  79
539  69
462|20
26838  68
89090  68
164655  68
188189  68
1136  83
1219  80
158966  90
1248  86
508  73
1653  79
1674  73
8917  69
8620  10
3424  82
2146  72
7044  80
3814  86
1213  85
82857  68
26131  90
463|7
6377  79
2028  84
4310  61
3753  68
2006  62
1092  63
5995  82
464|20
1370  69
58025  62
63853  50
296  84
2019  84
3527  72
5254  65
7007  68
1101  66
1779  56
377  70
1653  79
55820  79
648  70
33493  69
1610  77
65088  68
74727  90
1617  82
62374  74
465|20
2941  75
2987  71
1200  79
3448  75
5060  78
1299  81
3703  80
3649  48
1625  74
292  68
904  85
3101  60
1754  69
750  85
1256  76
593  83
3732  70
3740  77
3334  82
377  70
466|20
5418  76
30793  61
79091  74
92259  86
5989  78
5459  58
318  89
63082  77
59784  68
5010  77
74458  79
6281  63
5952  81
8529  65
64716  81
68954  80
4993  83
45447  62
81845  81
55247  78
467|22
41  83
58  83
389  76
466  83
527  83
593  83
780  83
1183  83
1233  83
1357  83
1365  83
1408  83
1721  83
2028  83
2125  83
2324  83
2334  83
2384  83
2390  83
2393  83
2394  83
2493  76
468|7
592  69
349  72
1  79
317  64
296  84
32  80
165  72
469|20
3658  74
3832  74
3507  80
3032  76
2736  75
2132  83
1958  78
910  80
1090  79
1485  61
1388  56
2321  69
1234  79
2081  70
1193  83
36  78
2908  73
909  78
2023  69
3255  70
470|16
253  71
318  89
110  80
588  75
282  65
5  61
597  69
32  80
595  75
592  69
500  67
26  74
356  83
357  70
434  60
300  71
471|6
2571  83
8874  80
527  84
1  79
8360  72
7147  77
472|6
58559  84
3450  64
3298  74
2840  54
1221  86
858  87
473|8
4979  73
2959  86
60  65
7147  77
6281  63
3897  78
48322  78
2596  72
474|422
638  68
2179  68
2697  68
4046  68
5114  68
5311  68
5353  68
5455  68
5601  68
6201  68
6273  68
6382  68
6407  68
6592  68
6912  68
7702  68
7826  68
7832  68
7839  68
8057  68
8446  68
8458  68
8459  68
8611  68
8650  68
8774  68
8938  68
1466  75
6708  74
2940  80
2616  60
2334  54
7139  77
4218  68
371  68
750  85
2935  80
8645  82
5481  58
6370  88
25865  68
2553  65
912  85
2467  75
5548  65
7301  70
52967  70
5945  62
480  74
1983  50
3462  74
1068  68
8600  80
6650  100
8482  68
6791  85
4016  74
1784  73
3668  74
3977  53
8961  76
4160  80
30820  70
6984  68
2750  62
5034  60
7716  68
2612  68
4419  90
1300  85
4187  80
1187  70
6565  75
272  75
5440  68
25937  65
1099  67
3125  68
5826  68
5649  68
7256  83
4912  80
6016  83
1208  85
2083  76
3385  59
2310  70
3360  74
3163  80
1413  80
4081  40
1643  73
968  75
2116  67
26965  80
5954  76
1263  78
5116  68
3536  67
8778  80
63433  60
2952  69
318  89
3394  56
1200  79
3384  93
4356  80
932  83
7698  75
516  65
4873  76
48385  66
39869  83
1902  68
2641  60
7036  62
2181  73
4638  57
31116  75
2455  68
2146  72
628  73
3897  78
1030  56
4022  74
344  62
3196  80
92  50
237  66
6770  70
3259  64
3368  60
26151  70
1293  77
34072  70
3044  71
1639  72
5944  62
6539  76
477  67
7361  84
55687  68
58  81
4014  70
3467  77
8154  87
4191  60
2134  62
4644  80
4293  60
5013  72
1399  60
1196  84
2918  77
5899  80
4465  72
100  57
361  61
3341  85
8921  68
195  66
3789  68
4709  60
1588  61
3468  88
4678  67
2723  63
2118  72
1939  83
7019  40
3147  83
1792  63
33903  82
1682  76
41566  69
1693  68
1957  77
5021  60
2313  77
3870  68
948  78
47099  76
3447  80
6614  55
216  70
5619  80
3987  46
5060  78
3111  90
45950  72
32584  57
5525  68
2567  58
5956  71
7  63
1172  84
3217  70
8331  68
587  68
5238  70
1189  78
2416  60
832  68
3095  81
7386  77
1223  82
7058  68
5246  35
5418  76
27803  83
26  74
4002  76
1135  64
45  66
6945  100
2411  54
2520  68
7347  66
5375  68
5673  71
3039  74
7833  68
33781  50
720  81
2103  60
33154  82
608  82
1327  50
101  75
7061  68
5451  57
5682  50
5434  78
6609  68
31658  82
4578  30
2009  69
4704  68
7572  68
4929  50
3306  80
6334  65
5379  85
5437  60
42418  60
4128  75
7451  75
2786  33
2243  69
27846  79
6197  65
3264  48
3608  59
5603  100
6124  70
1222  82
1663  76
3566  52
3755  63
2628  62
4815  58
2089  70
7102  47
27706  64
7013  78
1348  72
45666  50
5755  40
4055  100
2058  66
4462  20
1544  56
2405  56
4998  68
273  58
1977  50
1732  79
7822  68
7073  68
41527  80
4787  66
1676  67
3708  60
6669  66
317  64
25940  68
971  82
7366  57
3115  80
7026  50
2710  56
50685  76
2114  75
3809  69
3516  67
2770  57
535  64
4878  79
5992  73
41997  75
1083  67
4487  61
7293  71
1016  58
2006  62
1007  55
4993  83
3412  68
5007  68
3929  40
6639  68
8712  68
1876  60
3546  68
34359  68
7579  75
7325  66
6837  68
2634  70
7753  70
8943  20
8385  68
4308  71
3246  84
3745  68
1148  80
42002  64
50740  75
3952  60
1927  90
7581  60
910  80
3948  68
54881  78
1284  84
4007  75
5341  80
3675  83
52975  71
6244  80
965  79
454  72
1247  81
7215  70
1282  76
8207  82
6242  69
6502  80
4509  65
3528  73
2391  74
4262  78
4039  61
42018  10
3271  76
976  68
48394  76
5384  68
5168  68
1358  75
6534  50
8773  68
2384  54
48780  80
1269  79
4600  80
2642  44
111  82
933  85
3578  79
5297  40
944  80
6020  68
2123  55
748  62
4896  75
5380  76
53953  65
3712  60
25996  68
1997  77
4464  75
4085  68
51540  76
2707  66
2069  100
6710  73
1488  63
6378  72
928  81
3038  85
7116  40
44511  68
594  72
1962  74
421  62
4316  30
2761  81
4823  62
892  69
1345  67
5294  79
1408  78
6579  90
3272  69
3421  75
3844  69
6787  80
37736  70
2249  69
1610  77
2468  49
3498  80
4902  72
6268  80
5225  80
5404  95
929  68
25999  68
7835  68
805  73
4126  73
475|20
6539  76
4993  83
87232  76
40815  76
5816  73
8644  69
81564  72
4701  66
81834  80
6564  48
68791  67
111759  80
7153  83
1527  75
71530  58
4896  75
106487  71
112852  82
3578  79
82461  66
476|14
594  72
34  72
380  70
158  55
153  58
586  60
440  70
364  80
378  55
357  70
224  72
165  72
296  84
11  75
477|20
34  72
913  84
3100  79
2105  67
1271  69
1207  82
70687  20
2174  69
45672  61
4571  74
3973  35
4226  82
1103  82
5291  77
348  72
3593  30
1  79
1274  76
6502  80
59615  57
478|5
1917  59
3114  77
594  72
1584  72
1101  66
479|20
5365  65
4488  70
524  68
1025  72
3707  53
1220  77
4010  58
3244  72
3526  72
4092  50
1968  76
4700  62
4003  70
3671  77
2671  68
341  65
2012  68
2542  82
454  72
2384  54
480|20
43914  65
2700  76
8533  72
2193  68
2797  74
3484  54
2571  83
1210  83
2596  72
8866  62
47610  74
6306  90
5379  85
2018  67
7153  83
3911  73
44191  78
38061  82
5673  71
380  70
481|7
1608  66
1687  66
1629  60
1729  73
1620  59
1597  59
1485  61
482|20
2068  100
8985  55
1036  77
474  73
1042  64
4389  70
780  69
27706  64
3211  80
1610  77
4367  60
1374  76
1220  77
1602  40
653  62
592  69
30812  71
4862  40
8361  60
8529  65
483|20
105325  72
783  68
2541  66
2959  86
109971  72
45722  71
1199  84
50872  76
2000  73
4306  77
69757  73
2683  64
2273  64
1588  61
109487  79
66934  78
1721  68
2328  55
68522  72
8972  66
484|20
93320  76
1438  52
6155  66
6944  69
2706  68
33166  77
6874  80
3697  59
1059  73
76293  65
919  77
2762  78
1821  52
837  66
5810  66
1753  69
3254  66
4718  61
2413  68
3646  41
485|5
588  75
161  73
253  71
292  68
231  62
486|12
653  62
47  79
110  80
153  58
474  73
95  59
288  66
329  67
161  73
318  89
292  68
6  80
487|12
27611  74
8961  76
318  89
1198  84
31658  82
1197  85
6539  76
5445  73
116797  81
4027  76
8874  80
86377  92
488|20
720  81
838  76
608  82
1223  82
26  74
5135  76
2109  67
7720  53
7303  80
4014  70
5995  82
457  79
105  66
1136  83
272  75
1269  79
3176  68
1278  80
1125  74
910  80
489|20
79536  61
86000  61
4848  77
736  66
8387  17
4700  62
45666  50
4720  73
2683  64
2021  70
2389  40
1619  69
950  80
58559  84
2236  60
2167  67
1616  60
247  78
376  64
2717  58
490|20
46578  78
89492  77
81591  70
91077  81
60074  62
5816  73
4144  82
54001  78
1  79
1784  73
7153  83
4993  83
89759  90
86320  68
60128  70
76251  74
8368  79
69122  73
2006  62
78499  82
491|13
106782  79
69757  73
7293  71
27808  66
4246  72
3948  68
104374  77
86833  74
140110  67
8529  65
180231  84
4306  77
88405  60
492|20
736  66
784  57
628  73
858  87
852  64
64  47
990  52
830  62
743  48
62  72
52  70
1499  37
66  49
1210  83
881  38
1474  39
1405  57
724  59
1047  63
65  49
493|13
2985  67
4444  75
2916  73
1275  75
2571  83
1527  75
2028  84
3793  74
2167  67
1215  82
4701  66
2924  81
260  84
494|5
1196  84
4498  60
3578  79
2028  84
1210  83
495|20
140523  80
115149  76
1259  79
1721  68
136562  72
80489  77
19  55
50872  76
231  62
102123  65
52319  66
7254  72
7360  77
8528  73
1645  68
46578  78
30810  68
2918  77
148626  78
56775  65
496|6
1221  86
99149  68
858  87
904  85
8865  55
114713  70
497|11
1193  83
112556  76
112290  75
1916  68
92259  86
2329  84
112552  80
1258  82
2762  78
5349  71
111362  77
498|7
344  62
231  62
648  70
10  71
300  71
356  83
316  67
499|6
1202  73
2337  63
38304  93
327  59
56286  60
1304  79
500|18
2599  73
2987  71
543  66
2700  76
2542  82
1265  79
2916  73
356  83
3301  70
1784  73
1914  73
595  75
2355  70
3536  67
1885  63
322  71
838  76
720  81
501|9
6  80
62  72
93  56
45  66
3  66
637  62
11  75
18  73
662  67
502|7
7236  75
1077  75
4412  20
3469  72
2001  64
2520  72
1777  70
503|19
7455  67
7361  84
4878  79
356  83
91500  70
593  83
527  84
858  87
4226  82
1259  79
1342  51
2877  60
92509  65
90866  75
500  67
441  79
48516  85
2858  80
48394  76
504|18
4995  79
5812  79
2321  69
1  79
3556  75
7153  83
6708  74
1288  81
6927  76
4033  78
4700  62
6565  75
342  65
3408  70
6879  68
4361  69
5952  81
5955  66
505|7
1241  79
4105  74
1029  67
74685  67
273  58
6502  80
54999  70
506|9
59258  63
54272  73
37741  77
56782  84
62293  67
51834  58
49286  67
112556  76
61024  74
507|5
165  72
266  67
253  71
377  70
593  83
508|5
2872  74
2011  70
1952  84
1175  79
898  88
509|20
26958  64
130073  64
2028  84
87232  76
33830  90
5313  47
48  64
2090  63
2080  67
6942  75
8907  48
6156  64
5816  73
39  66
3988  61
6807  80
7458  70
1196  84
45447  62
616  69
510|20
1882  39
7026  50
35836  71
494  69
1198  84
514  69
457  79
2935  80
858  87
2699  57
317  64
8949  73
2918  77
145  64
1262  81
6787  80
1208  85
372  55
1242  82
40819  75
511|11
2959  86
53953  65
115149  76
164179  79
6534  50
99114  78
92259  86
318  89
2324  82
1653  79
56757  74
512|10
480  74
150  77
349  72
47  79
350  67
442  61
457  79
50  84
317  64
593  83
513|7
5952  81
318  89
2174  69
235  71
1304  79
1220  77
1080  78
514|20
1335  66
5704  66
62586  66
168358  66
180263  66
1704  82
2005  72
2792  64
2013  61
1673  81
134130  80
76093  78
1333  72
58998  75
68157  83
2406  69
3210  68
54503  77
4855  75
1644  42
515|6
33794  76
2028  84
527  84
91529  79
58559  84
2959  86
516|26
260  83
457  83
480  83
647  83
708  83
1042  83
1090  83
1197  83
1198  83
1954  83
1958  83
2021  83
2259  83
2268  83
3052  83
3471  83
4027  83
4291  83
4306  83
4321  83
4322  83
4333  83
4337  76
4349  83
4361  83
4429  83
517|20
4306  77
53125  68
1265  79
165489  48
97938  74
88744  70
86880  64
4148  59
26761  48
3398  70
1293  77
3988  61
2858  80
4963  77
1204  87
1704  82
47629  74
7669  86
1206  82
46578  78
518|5
3101  60
2657  66
783  68
1876  60
6365  67
519|6
1704  82
356  83
140110  67
6378  72
7445  72
1968  76
520|20
7266  78
318  89
1049  69
59315  76
4995  79
32  80
2716  76
4333  59
1291  81
1732  79
4085  68
2723  63
3081  69
3994  68
33493  69
135  57
2393  65
60516  50
2406  69
1584  72
521|8
661  66
112  67
86  79
104  68
58  81
79  55
52  70
852  64
522|20
99114  78
81932  75
89492  77
63113  69
2959  86
1193  83
1375  65
4993  83
223  77
27611  74
76060  50
180  68
59315  76
1617  82
10  71
67255  79
2023  69
6187  79
318  89
127098  83
523|15
168252  85
8970  72
5989  78
318  89
91529  79
1721  68
293  80
65261  79
4270  61
3147  83
27731  74
134130  80
31696  69
527  84
101962  73
524|20
1356  78
150  77
552  63
748  62
344  62
442  61
253  71
1225  84
20  50
589  79
1242  82
544  52
173  53
1302  71
380  70
457  79
1020  62
788  55
193  49
466  56
525|20
120807  71
317  64
6863  68
8622  70
33004  68
7147  77
2396  76
40815  76
137337  75
1639  72
1968  76
91869  71
45880  62
2100  61
339  69
4886  77
50872  76
86332  72
8983  70
3996  76
526|12
593  83
55247  78
46578  78
176415  83
1295  63
90430  73
4014  70
2352  76
176413  83
215  80
81845  81
51255  79
527|20
2137  68
3114  77
3210  68
3016  60
2161  71
4571  74
2118  72
3421  75
455  46
2867  72
2450  39
1909  69
1214  78
4299  66
736  66
2477  50
588  75
4016  74
1259  79
2533  59
528|15
4886  77
2278  70
80906  84
4037  80
1240  77
64614  80
3821  46
150  77
1291  81
80463  79
593  83
99813  78
85342  85
48516  85
58559  84
529|5
653  62
135  57
65  49
62  72
733  72
530|6
292  68
500  67
300  71
586  60
593  83
11  75
531|5
593  83
590  76
919  77
480  74
1215  82
532|10
1721  68
4863  90
457  79
290  81
1245  86
1242  82
2023  69
2329  84
1304  79
517  61
533|8
1200  79
6502  80
79132  82
46578  78
93840  78
4973  84
2455  68
66934  78
534|20
116724  76
97913  76
94953  60
2003  67
2167  67
7569  76
153  58
1485  61
65514  79
104218  60
344  62
2571  83
5445  73
95875  61
112818  80
82461  66
96610  74
2987  71
138036  71
1566  68
535|6
2571  83
2581  59
2700  76
2688  60
2583  79
2882  40
536|8
232  81
272  75
356  83
335  65
225  71
150  77
434  60
589  79
537|10
80906  84
367  64
7153  83
53322  69
104218  60
97304  79
6539  76
318  89
89745  79
105504  79
538|8
595  75
3671  77
80549  75
4039  61
69757  73
5047  61
44889  89
66934  78
539|8
4306  77
6753  68
5218  73
50872  76
88  63
3301  70
4886  77
69122  73
540|9
2598  57
2959  86
1073  78
8874  80
1681  42
2183  75
2841  69
2747  57
1196  84
541|18
590  76
457  79
413  58
15  58
110  80
595  75
597  69
480  74
356  83
203  66
529  77
357  70
22  64
345  71
546  42
586  60
281  77
350  67
542|20
6539  76
30793  61
5299  63
2542  82
34319  66
33679  66
4963  77
5481  58
1997  77
4025  61
3623  55
924  78
4369  62
6378  72
2571  83
7254  72
41566  69
37733  70
7361  84
45517  68
543|16
73881  90
1702  55
595  75
3301  70
231  62
2378  57
2379  45
86882  70
6377  79
588  75
377  70
48385  66
2571  83
4526  52
4388  51
92259  86
544|22
1  83
3  83
14  83
32  83
40  83
62  83
68  83
95  83
116  83
619  83
626  76
648  83
650  83
694  83
736  83
780  83
839  83
1042  83
1047  83
1059  83
1105  83
1356  83
545|5
1438  52
1267  85
2763  73
1367  61
44  51
546|13
1270  81
3328  82
480  74
1970  56
2456  46
1976  38
589  79
2657  66
1673  81
3941  67
3959  69
3566  52
1977  50
547|5
1211  76
2859  80
2917  78
1394  80
1288  81
548|26
69  83
260  83
356  83
733  83
1196  83
1393  83
1477  76
1621  83
2571  83
2716  83
3263  83
3578  83
3916  83
4776  83
4899  83
5955  83
6874  83
7458  83
8531  83
49910  83
58559  83
74532  83
80862  83
122904  83
125916  83
168712  76
549|5
2571  83
2028  84
4226  82
1210  83
589  79
550|6
167296  85
102125  71
106782  79
116797  81
112852  82
122882  77
551|20
5010  77
34162  70
60069  81
1544  56
45186  72
103772  69
51935  78
4226  82
2353  69
7153  83
5989  78
135569  69
115149  76
88129  75
134130  80
6934  63
47  79
4701  66
2959  86
98809  77
552|20
2916  73
3317  74
1405  57
2953  53
2245  63
2944  79
2890  74
2125  75
508  73
3948  68
5349  71
2959  86
2857  64
173  53
2991  74
2871  78
2628  62
4308  71
4878  79
3101  60
553|17
55765  79
3481  74
1923  73
2571  83
4011  83
50  84
3949  78
1089  84
44199  74
5513  86
2231  76
2395  70
3052  72
61257  86
1221  86
33166  77
2959  86
554|18
1196  84
1022  69
2820  80
1207  82
1517  71
1282  76
1210  83
1760  26
2282  55
1225  84
907  60
1358  75
2096  67
1028  78
593  83
608  82
953  80
2324  82
555|20
790  69
3664  69
1  79
3111  90
3395  60
104  68
1334  60
2506  60
2072  58
4002  76
1266  82
2641  60
2256  60
2791  77
2701  45
1333  72
1320  62
337  74
1393  71
3526  72
556|7
162600  70
122890  66
3081  69
88125  77
588  75
72998  72
74789  57
557|6
648  70
231  62
1291  81
260  84
1210  83
150  77
558|12
5329  63
5064  76
4903  62
2297  71
2568  59
4993  83
4306  77
367  64
5283  58
1097  75
4164  80
5294  79
559|20
552  63
608  82
355  44
329  67
544  52
1527  75
173  53
377  70
745  77
174  56
529  77
350  67
349  72
533  57
836  59
1210  83
420  54
786  61
227  57
253  71
560|20
5839  71
91535  61
136018  45
67997  88
79132  82
3253  70
142558  71
2355  70
39435  55
1527  75
40414  75
64614  80
48744  80
56587  65
593  83
76251  74
84944  71
109313  71
5878  81
40819  75
561|20
168174  67
5308  57
78469  63
3703  80
60069  81
91535  61
2105  67
73017  76
5445  73
2000  73
83134  79
79132  82
79592  66
80463  79
89745  79
527  84
8972  66
353  74
33162  71
68157  83
562|20
27140  82
6870  75
6377  79
2580  79
1249  83
4776  75
36529  74
1259  79
1982  72
2268  76
2133  68
83134  79
3210  68
48394  76
30707  77
33836  45
2692  80
88163  79
99191  82
1240  77
563|20
61071  66
70932  66
80858  66
919  77
74450  60
588  75
5943  48
118997  50
86833  74
1197  85
128832  66
85397  80
45221  42
33499  50
7380  68
96821  77
81784  52
95307  47
65585  70
55250  45
564|20
50942  72
356  83
31685  63
131013  60
61024  74
79224  51
87869  73
500  67
108156  58
81784  52
93270  42
6188  70
106918  81
65230  60
67087  71
80693  58
94677  69
8984  66
73266  55
2671  68
565|6
590  76
231  62
19  55
21  69
50  84
539  69
566|15
648  70
10  71
231  62
329  67
342  65
141  70
203  66
345  71
39  66
497  76
265  75
588  75
708  68
353  74
2  69
567|20
8189  45
26743  45
92681  45
109897  45
152071  45
5690  82
136602  80
122888  45
6333  74
1274  76
122922  78
153070  45
151687  45
117877  45
108928  62
954  84
122924  65
27773  80
648  70
135887  68
568|23
50  83
147  83
296  83
356  83
480  83
593  83
765  83
1103  83
1104  83
1257  83
1298  83
1895  83
2313  83
2359  83
2863  83
3053  83
3148  83
3261  83
3363  83
8169  83
46723  83
63853  83
65088  83
569|5
231  62
50  84
380  70
588  75
592  69
570|20
208  58
8636  75
48516  85
1225  84
586  60
2683  64
457  79
1196  84
110  80
4993  83
7361  84
1198  84
1079  79
10  71
3793  74
1391  63
589  79
380  70
527  84
185  60
571|20
1331  51
2982  51
2366  72
1128  52
610  70
2902  53
1998  30
3696  75
1980  51
1987  51
70  71
1924  59
2279  49
1327  50
3732  70
1972  40
1278  80
1644  42
2327  90
1978  40
572|20
1961  76
2570  60
2788  81
2321  69
111  82
904  85
2987  71
2302  64
1834  82
2539  61
2917  78
1307  77
1  79
161  73
3421  75
838  76
1356  78
2006  62
3167  67
1953  76
573|20
89745  79
72998  72
3752  64
356  83
7293  71
6754  69
8665  75
32587  76
1073  78
88744  70
1127  71
68954  80
98809  77
2640  72
48516  85
71535  78
59369  72
60069  81
88140  71
1562  45
574|23
47  83
110  83
150  83
153  83
161  83
185  83
225  83
231  83
292  83
296  83
300  83
316  83
318  83
329  83
339  83
344  83
380  83
410  83
434  83
588  83
592  83
593  83
595  83
575|8
2566  60
2580  79
296  84
2581  59
2572  70
2542  82
2574  40
2598  57
576|5
849  60
1321  66
1373  54
1479  64
2289  77
577|20
2415  71
1183  73
1288  81
1129  68
2944  79
2194  78
733  72
1213  85
2076  78
2020  80
1262  81
1931  84
1391  63
2987  71
952  72
1909  69
260  84
919  77
2248  77
1270  81
578|6
6751  81
52668  80
45668  62
830  62
72407  53
75446  81
579|15
3174  70
2485  56
1022  69
2018  67
838  76
1917  59
1391  63
596  69
1573  68
2965  79
1653  79
2599  73
892  69
2687  68
595  75
580|20
5767  71
6583  71
480  74
8844  71
6989  70
3809  69
41569  67
3699  64
4041  72
33166  77
356  83
508  73
8376  68
3578  79
608  82
3785  59
3089  88
1320  62
54286  73
1201  82
581|8
7153  83
5995  82
4973  84
116797  81
3949  78
4306  77
109487  79
6377  79
582|12
91529  79
2959  86
116797  81
4993  83
5618  83
2571  83
76251  74
69844  77
104841  71
48516  85
97752  74
76093  78
583|12
8533  72
88405  60
2706  68
117590  75
317  64
60756  71
6942  75
595  75
46578  78
104  68
2694  65
7451  75
584|17
288  66
22  64
203  66
315  61
500  67
316  67
539  69
234  51
296  84
257  70
434  60
586  60
338  56
349  72
282  65
480  74
590  76
585|13
3173  59
1228  82
54503  77
2959  86
428  71
1405  57
7254  72
441  79
1805  60
296  84
27373  87
5325  73
79132  82
586|20
34332  58
4016  74
111659  53
106002  67
149406  60
167036  73
45499  66
136556  87
5445  73
117851  68
1291  81
71264  74
106489  69
135436  57
3753  68
2640  72
3147  83
122916  81
3793  74
101362  50
587|20
1234  79
628  73
2012  68
534  72
2002  58
1641  75
236  69
1376  69
2622  63
1541  53
3260  78
497  76
3082  65
445  58
3448  75
2574  40
765  63
691  60
329  67
3406  60
588|12
50  84
16  78
20  50
356  83
350  67
198  65
593  83
364  80
163  72
253  71
223  77
3  66
589|8
1092  63
318  89
590  76
373  72
586  60
587  68
527  84
337  74
590|20
924  78
8807  71
2371  60
38061  82
81834  80
40815  76
4890  61
903  81
5  61
3624  61
555  76
4047  72
51662  74
2085  68
419  53
595  75
329  67
2376  66
3635  69
2398  79
591|11
2908  73
2706  68
2712  69
2355  70
3615  64
3578  79
2394  71
3798  62
356  83
223  77
2724  56
592|19
514  69
2  69
153  58
415  53
110  80
177  60
420  54
380  70
44  51
788  55
588  75
163  72
204  53
610  70
39  66
419  53
253  71
432  51
240  60
593|20
1196  84
1073  78
1086  83
1617  82
4034  80
41566  69
1197  85
344  62
8368  79
339  69
2959  86
8961  76
5816  73
2797  74
4896  75
588  75
595  75
5952  81
377  70
141  70
594|20
7031  80
2671  68
7115  67
1616  60
5943  48
1188  71
2269  58
1733  90
4902  72
6996  30
780  69
1429  71
6140  80
7046  54
39  66
595  75
799  72
2028  84
8482  80
7169  72
595|5
265  75
50  84
1186  74
1199  84
1966  70
596|20
33649  70
43744  70
182793  70
129397  40
128908  70
1  79
142488  83
122922  78
4310  61
71838  61
4025  61
2501  75
110102  74
149406  60
2774  70
5502  65
8665  75
6537  63
2571  83
345  71
597|20
1799  67
490  60
3040  60
2529  77
2858  80
903  81
3039  74
2000  73
1291  81
357  70
1228  82
1845  79
2411  54
1580  70
1148  80
1198  84
2723  63
485  60
592  69
2692  80
598|5
56367  75
8360  72
593  83
114265  79
103543  40
599|496
26142  53
26567  53
26590  53
26676  53
26854  53
27595  53
34800  53
53450  53
60803  53
69131  53
74696  53
79895  53
84523  53
87960  53
92674  53
98799  53
102735  53
102852  53
104017  53
105020  53
122433  53
157865  53
158874  53
160978  53
161044  53
174727  53
179053  53
1801  73
6035  80
3387  60
33437  71
112  67
5995  82
167706  53
4394  53
836  59
7235  70
8809  80
102749  53
89087  50
42011  43
432  51
471  70
5628  72
1015  59
2  69
2269  58
69  75
3947  65
79091  74
104837  53
4037  80
7587  80
6881  70
1449  78
7225  80
81229  72
68952  80
4728  62
5081  60
33966  53
1779  56
3669  53
87197  53
170297  53
79057  68
95965  53
55207  53
4007  75
1220  77
80831  78
46723  69
71282  76
7757  74
3259  64
92309  80
1376  69
7192  60
4654  56
101423  53
53468  67
62662  53
3174  70
3698  65
2882  40
2359  73
1183  73
2792  64
1095  73
8387  17
53125  68
115713  80
2949  75
2471  50
3  66
1231  78
3861  56
240  60
1480  69
2301  74
1445  47
8045  53
586  60
2942  56
1185  81
4594  53
2474  71
3671  77
3196  80
64839  76
98697  53
2606  52
1777  70
5309  53
7022  79
4873  76
541  83
27311  85
43921  70
67734  67
4240  53
5026  80
168  62
33493  69
4125  20
7354  65
207  71
1094  68
742  60
1609  55
1042  64
3362  79
4553  75
4632  70
2278  70
468  65
122904  78
75416  53
42718  78
4285  60
79274  85
1794  53
45081  60
108192  53
3489  69
3503  81
89804  66
163809  53
577  47
3071  71
1204  87
3981  45
95771  53
45382  80
6548  59
59387  81
166528  80
168492  80
6691  53
605  57
424  40
2991  74
248  65
97950  53
3865  73
1216  70
342  65
35836  71
27772  54
176419  60
151781  53
277  63
6320  20
39381  74
5111  53
4090  72
2450  39
2676  70
2356  52
79702  75
1597  59
410  62
1721  68
3702  70
183301  53
1387  81
2072  58
26729  78
2393  65
4247  48
4591  62
1032  67
3087  60
1895  67
634  50
210  67
2074  80
51575  53
3505  78
5247  53
481  62
4215  44
1355  30
2657  66
2028  84
4011  83
420  54
552  63
1196  84
2395  70
5303  67
1752  53
3186  69
4310  61
1784  73
3200  86
7254  72
688  49
473  42
1079  79
1552  60
1148  80
1544  56
63113  69
2325  63
26649  80
6804  53
161  73
4109  55
34332  58
1653  79
4808  47
7707  53
3468  88
502  48
1221  86
1792  63
68319  60
6787  80
2119  30
3884  30
4254  42
3973  35
103609  53
8934  53
5377  76
42632  85
55290  69
4506  65
7840  70
5568  58
1689  47
7005  53
103228  73
59947  53
786  61
4351  67
172253  53
4679  58
1411  80
117630  53
1590  59
112623  68
3146  48
8984  66
1920  56
519  46
179817  85
3979  50
3741  81
44020  60
26630  53
7285  74
3030  82
1021  47
8638  74
87  56
7153  83
2877  60
2018  67
3173  59
5198  53
7101  62
7701  35
3213  82
26159  80
2339  53
33896  75
2000  73
4006  70
136562  72
37382  59
6645  80
171763  90
8528  73
27008  53
4017  72
4167  62
86142  83
1249  83
3255  70
736  66
2779  67
84414  100
27773  80
2083  76
98499  60
4034  80
119828  53
1993  42
94864  65
6631  30
2321  69
26242  65
3703  80
41566  69
2529  77
1968  76
8914  78
3257  59
159403  53
1036  77
76093  78
5103  70
6947  73
1952  84
2124  66
4084  56
6016  83
778  81
81  65
2171  69
1253  77
4275  60
7982  63
3723  80
849  60
2681  65
6565  75
39414  62
122916  81
6440  78
8917  69
72011  74
1605  60
1240  77
923  80
68157  83
5961  53
5053  53
3571  80
2403  71
3871  80
44238  53
72226  82
7004  57
2054  55
62970  60
5159  65
354  72
122924  65
48774  79
1394  80
3763  65
70286  78
1904  70
3969  72
81562  76
102590  53
233  71
4155  69
1031  70
76  69
459  48
1097  75
1178  90
60291  80
3328  82
1232  71
3036  77
5283  58
4327  70
610  70
2726  81
4732  41
5970  64
2396  76
594  72
1247  81
45499  66
3476  71
2399  47
137218  53
1997  77
3271  76
27801  81
6365  67
1799  67
580  53
122900  76
2803  60
80219  65
466  56
110882  85
3997  39
26176  53
2378  57
117895  34
26662  84
90603  85
119218  53
44  51
809  49
1960  73
4519  67
1959  76
414  48
1073  78
61236  62
1479  64
4019  77
1245  86
37857  75
161032  53
371  68
3020  71
88593  53
6774  77
2005  72
90405  68
26285  53
6793  37
627  68
1617  82
6734  40
108090  53
2427  64
51024  75
122922  78
3440  42
6874  80
4919  70
338  56
81591  70
1704  82
1499  37
357  70
62155  69
144  67
34148  60
53519  64
4504  53
2796  52
216  70
6827  20
1429  71
7445  72
1385  58
90471  70
8425  53
10  71
26542  70
7387  79
72998  72
89470  76
3629  85
1297  73
3424  82
1672  69
44761  79
196  55
70703  53
2383  37
180  68
4040  47
6333  74
4440  100
5291  77
88235  80
1639  72
4580  10
153236  53
86190  72
4477  40
103027  53
32291  65
34811  53
5171  58
122260  53
8784  74
5954  76
8798  75
707  59
880  55
314  76
61323  70
600|20
3269  56
1394  80
3785  59
2717  58
5569  70
4306  77
1206  82
56775  65
2015  67
7  63
2013  61
262  80
1210  83
1060  74
2431  66
2077  72
2423  70
4641  70
527  84
5076  50
601|20
141846  88
68157  83
1262  81
106782  79
60069  81
49272  79
5445  73
1193  83
1207  82
79132  82
904  85
166024  90
1917  59
7153  83
2324  82
170697  80
31658  82
5989  78
88810  77
2571  83
602|20
161  73
19  55
350  67
494  69
14  74
471  70
125  73
434  60
235  71
481  62
315  61
371  68
474  73
527  84
21  69
349  72
440  70
339  69
480  74
163  72
603|20
602  70
803  70
2008  70
2577  70
3459  70
4787  66
2912  76
1769  58
485  60
4420  70
920  72
1  79
2706  68
1844  85
3787  100
1222  82
190  67
2716  76
3983  86
101  75
604|20
220  70
292  68
151  70
329  67
410  62
426  63
435  48
316  67
22  64
235  71
181  44
332  56
273  58
637  62
285  70
173  53
588  75
23  61
553  75
1  79
605|20
35347  64
6787  80
1197  85
5667  64
42738  62
51662  74
7373  68
596  69
780  69
4571  74
2316  68
7454  54
150  77
60040  63
8977  47
3269  56
72982  64
1210  83
62376  50
60937  53
606|20
263  73
563  73
583  73
3808  73
4671  73
4840  73
5856  73
6111  73
6573  73
8685  73
32728  73
55805  73
3147  83
4392  60
2311  71
6308  43
50842  90
6591  88
8270  70
2025  82
607|20
891  70
1610  77
448  70
3147  83
1094  68
1307  77
592  69
204  53
1552  60
527  84
3476  71
296  84
2313  77
3440  42
423  57
1518  66
2118  72
2193  68
380  70
2028  84
608|20
52245  58
2997  79
3793  74
2763  73
174  56
2000  73
1214  78
919  77
2700  76
4161  65
5146  61
1639  72
541  83
473  42
2529  77
522  76
4343  60
1909  69
2431  66
1220  77
609|8
296  84
833  36
356  83
339  69
454  72
318  89
208  58
292  68
610|20
5953  74
58975  74
70206  74
78626  74
82765  74
97988  74
107447  74
107462  74
110591  74
110746  74
118082  74
139655  74
160341  74
86644  58
56801  52
61024  74
77561  70
4816  70
62434  70
3972  80
