1|20
260  73
1927  70
804  70
3  70
1009  70
2406  70
1587  70
3671  71
2617  70
3053  70
2571  73
1222  71
2137  70
1377  70
2395  70
2761  71
2641  70
2872  70
1258  71
2700  71
2|6
333  69
122882  69
71535  69
46970  68
58559  69
80489  69
3|8
5764  42
647  68
6835  42
5919  68
2851  68
2288  68
5048  68
4518  68
4|20
106  71
1291  70
3408  69
265  69
52  69
4347  69
2467  69
908  69
345  69
1304  69
1923  69
2959  71
368  69
1219  69
4765  69
1199  69
4166  68
1732  69
21  69
2858  70
5|9
515  68
1  69
364  69
608  70
290  68
261  69
34  69
318  71
21  68
6|20
349  69
318  72
775  70
141  69
348  69
104  68
327  68
410  68
165  69
87  68
366  68
17  69
1084  69
222  69
16  69
416  68
277  68
460  68
867  68
316  68
7|20
8528  68
3623  67
8636  68
8360  68
1517  68
466  68
8373  68
1220  69
7155  68
8808  68
6863  68
31878  68
1610  69
1219  69
4700  68
45668  68
8970  68
27741  68
6333  68
8865  68
8|10
356  71
47  70
231  68
318  72
454  69
292  68
32  70
141  68
380  69
252  68
9|10
5451  68
923  69
5890  68
2901  68
922  68
6044  65
1987  65
5378  68
3735  68
5447  68
10|20
597  68
33679  68
8533  68
8969  68
72720  68
88810  68
136020  68
6377  69
5943  68
109374  68
113394  66
61250  68
82167  68
140110  68
5377  68
77841  66
6942  68
1028  69
72330  66
66203  68
11|13
733  69
1584  69
1210  70
170  68
1438  68
648  69
1918  68
493  69
10  69
457  70
1693  68
150  69
1923  69
12|7
2717  68
2100  68
838  69
2072  68
1876  68
2581  68
6942  69
13|7
3717  68
3624  68
3798  68
2174  68
47  69
3893  68
305  68
14|10
344  68
477  68
110  70
540  68
597  68
153  68
592  68
4  68
539  68
105  68
15|20
91529  69
7438  69
111759  69
2329  69
1  69
1909  68
1240  69
115713  69
1200  69
293  69
2571  70
3949  69
120466  68
1198  70
2028  70
2011  68
158  68
160980  68
4306  69
4022  69
16|20
1230  69
78499  69
913  69
1136  70
1299  69
1617  69
1203  69
3429  69
2858  70
608  70
3683  69
4002  69
1199  69
912  69
2707  68
5782  69
1260  69
319  69
27773  69
2109  68
17|20
260  71
64839  69
296  72
5952  71
527  71
1193  70
3681  69
1240  70
2717  69
2858  71
1093  69
81932  69
5618  70
50  71
5971  69
2959  71
1201  70
541  70
82459  69
1  70
18|20
8117  75
65596  75
88094  75
145283  75
157110  75
166015  75
171023  75
103253  69
60684  70
44199  70
2  69
86628  70
59784  70
2918  71
109374  70
4226  72
53129  70
139385  70
47  71
1291  71
19|20
3692  52
3662  64
54  64
2733  64
1702  64
1240  65
1270  66
3712  64
1881  64
216  64
3  64
1834  64
2184  64
3017  64
2044  64
2354  64
2005  64
3146  64
3387  64
2694  64
20|20
1566  69
5419  69
4014  69
2140  69
586  68
661  69
3189  69
5014  69
1333  69
4161  69
3784  69
1030  69
5313  68
2804  69
2054  68
34  69
1097  69
6358  72
4519  69
1722  68
21|20
107013  65
117922  65
140301  65
57640  68
2985  68
2990  68
2717  67
5418  68
31433  68
112175  68
7153  69
30793  67
4446  68
52973  68
45186  68
2023  68
79185  68
1721  68
102125  68
5459  67
22|20
8961  68
2723  67
60950  67
64575  68
1193  68
70286  68
4993  69
2160  68
39183  68
7147  68
3996  68
3481  68
55765  68
48780  68
7361  68
51540  68
6711  68
2968  68
3949  68
48394  68
23|20
6234  73
3996  69
293  69
1206  69
1136  70
1960  69
7587  69
3424  69
3181  69
2467  69
1248  69
1617  69
6807  69
1952  69
6440  69
1258  69
1243  69
1080  69
8228  69
1711  68
24|20
1784  69
2617  68
111759  69
134853  69
58998  69
1265  69
1198  70
3147  69
1197  70
1220  69
2424  68
5418  69
72011  69
54286  69
27773  69
64957  69
356  71
44191  69
1682  69
68358  69
25|6
58559  70
60069  69
74458  69
79132  70
527  70
260  70
26|21
10  83
34  83
47  83
150  83
153  83
165  83
185  83
208  83
225  83
288  83
296  83
300  83
344  83
349  83
356  83
380  83
434  83
454  83
457  83
592  83
593  83
27|20
1196  70
2478  68
2640  69
3508  69
3555  68
1201  69
3519  68
969  69
2080  68
673  68
2886  68
2529  69
1387  69
1101  68
1947  69
1250  69
1276  69
3114  69
1083  68
3809  68
28|20
27450  60
60943  60
61011  60
63033  60
5617  67
59369  67
60046  60
507  66
3300  67
55094  66
59018  60
26695  60
2951  67
3006  67
2231  67
5418  67
26812  66
2058  66
353  67
61167  60
29|17
98961  69
7379  69
1250  69
1201  69
111362  69
48516  70
1100  69
26554  69
3441  69
4327  69
2872  69
2301  69
1617  70
3681  69
55820  69
4223  69
99114  69
30|7
5952  70
108932  69
1200  69
91529  69
116823  69
112852  69
1198  70
31|10
1198  70
1200  69
648  69
1363  68
1073  69
1036  69
1197  70
377  69
1246  69
1270  70
32|20
236  69
314  69
1356  69
357  69
224  69
627  69
1079  69
1084  69
318  72
761  68
1197  70
849  68
912  69
880  68
1198  70
58  69
203  68
608  70
497  69
410  68
33|20
110  70
17  69
2396  69
2272  69
448  69
428  69
265  69
1280  69
1177  69
1617  70
50  71
261  69
11  69
452  69
345  69
608  70
150  70
1188  69
800  69
2690  69
34|18
780  68
2273  68
3717  68
26606  68
45499  68
3996  69
4310  68
3624  68
31685  68
1721  68
5146  68
7090  69
70  68
2006  68
3000  69
4306  69
27728  68
3997  68
35|5
11  69
185  68
595  69
21  68
300  69
36|12
5171  68
3066  68
552  68
4025  68
1262  68
2735  68
2359  68
1372  68
1278  68
2194  68
3347  68
1704  69
37|5
344  68
356  71
661  68
329  68
457  70
38|16
434  68
39  68
223  69
161  68
246  68
168  68
273  68
480  69
356  71
457  69
364  69
50  70
500  68
300  68
551  68
21  68
39|20
2571  71
2391  69
1921  69
1862  69
1219  70
1907  69
2081  69
2459  69
924  70
2529  69
1729  69
47  70
260  71
2080  69
592  69
296  72
3213  69
610  69
589  70
596  69
40|20
440  69
454  69
588  69
339  69
158  68
432  68
431  69
186  68
616  69
514  69
21  69
592  69
1  70
223  69
585  68
216  69
104  69
371  69
111  69
267  69
41|20
96829  68
64839  68
122882  68
6287  68
1569  68
106920  68
86781  68
3160  68
1721  68
2028  70
6763  68
5418  69
53519  68
122904  68
55247  68
924  69
4011  69
2324  69
35836  68
5995  68
42|20
3869  69
4654  69
1021  68
2423  69
3248  68
4477  69
2500  69
1431  69
195  69
3326  69
2407  69
1090  70
2735  69
3693  69
1020  69
4545  69
4132  69
2263  69
3535  69
2805  69
43|20
225  69
296  71
596  69
588  70
587  69
420  69
158  69
631  69
5  69
597  69
168  69
355  69
47  70
367  69
519  69
594  70
236  69
1  70
60  69
259  69
44|10
36  69
663  68
12  68
661  68
94  68
1  69
104  68
112  68
494  68
889  66
45|20
2718  70
1036  71
2028  72
1653  71
1682  71
2396  70
3249  70
261  70
4308  70
329  70
1367  69
2890  70
593  73
1127  70
2431  70
6377  71
569  70
1197  72
1060  70
2858  72
46|9
590  69
588  69
315  68
208  68
1  70
432  68
225  69
434  68
339  69
47|20
508  68
68932  68
72395  68
2420  68
597  68
148626  68
5989  69
96588  68
69122  68
6155  68
4975  68
30749  68
106100  68
45950  68
2028  69
4018  68
1259  68
6373  68
33166  68
2407  68
48|7
4886  69
1320  68
1527  69
1193  69
3793  69
48  68
1653  69
49|5
2028  70
1214  69
139385  69
318  71
527  70
50|20
8143  56
114335  56
136564  56
142074  56
171759  56
175693  56
179073  56
175707  56
71264  67
82848  56
1377  66
44555  67
8157  67
6807  67
95543  67
8253  67
96610  67
924  67
32875  56
4896  67
51|20
7040  76
5620  69
2613  69
4437  69
2023  69
1500  70
522  69
858  72
4508  69
2951  70
1014  69
1407  69
2282  69
2420  70
3388  69
260  72
3186  69
3994  69
3501  69
2371  69
52|20
152081  70
51255  70
74458  70
1923  70
7438  70
40583  69
59784  69
55765  70
112852  70
86892  69
55363  70
112138  69
49272  70
52245  69
69481  70
50794  69
1704  71
54736  69
44665  70
47200  69
53|5
481  69
1100  68
249  69
1125  69
916  69
54|7
296  71
593  70
639  68
1  69
205  68
161  68
500  68
55|5
2407  68
673  68
3275  69
2890  68
4011  69
56|10
786  68
253  69
165  69
110  70
589  70
370  68
434  68
410  68
69  69
185  68
57|20
2140  68
942  68
920  68
3175  68
1784  69
3429  68
933  69
1193  70
3446  68
160  67
1499  67
2640  68
892  68
11  69
2947  69
6  69
2478  68
2291  69
1688  68
2301  68
58|20
588  69
282  69
185  68
419  69
367  68
277  69
48  69
280  69
337  69
345  69
3  69
357  69
527  71
587  69
218  69
500  69
508  69
368  69
364  70
353  69
59|20
1696  69
6460  69
3489  69
1188  69
1222  70
2076  69
3448  69
1263  69
1247  70
527  71
1244  69
904  70
903  70
965  69
2616  69
1953  69
608  70
105  69
912  70
3471  69
60|5
832  68
58559  69
805  68
455  68
858  70
61|8
266  69
1101  68
7438  69
173  68
555  69
2012  68
4878  69
3949  69
62|20
99114  71
176371  70
3793  71
56757  70
73017  71
30793  70
179819  70
68554  70
185135  70
168248  70
5903  71
4878  71
2028  72
5502  70
6058  70
344  70
1721  70
45499  70
41566  70
78105  70
63|20
5669  69
4246  69
48780  70
500  69
6016  70
31658  69
2858  71
64285  69
85414  69
1221  70
106696  69
4963  70
50  71
1097  69
260  71
110  71
1222  70
4979  69
5952  70
77561  69
64|20
5878  70
3101  70
2640  70
2959  73
8784  70
2054  69
4239  70
4025  69
5026  70
40819  70
266  70
2699  69
27266  70
3969  70
1805  69
6296  70
4776  70
3148  70
4262  70
356  73
65|7
1246  69
33660  69
7458  69
2329  70
4993  70
91542  69
3147  69
66|20
593  73
47  72
5418  71
922  70
2139  70
2956  70
3745  70
1956  70
4581  80
5349  70
1210  72
1094  70
2001  70
380  70
6539  71
671  70
1  72
6378  70
7766  70
296  74
67|8
99114  69
4306  69
27193  68
79132  70
60069  69
2012  68
4886  69
4993  70
68|20
47978  65
95218  65
6534  66
48696  67
67267  67
30825  67
1799  67
3556  67
8622  67
4351  67
63113  67
58295  67
7151  67
2413  67
6287  67
653  66
41566  67
5541  67
260  70
48043  67
69|10
4370  69
4848  69
3671  69
2476  69
1193  70
356  71
553  69
4022  69
260  71
3994  69
70|13
1193  70
1097  69
1914  69
1269  69
4995  69
318  72
8949  69
1968  69
1210  70
89492  69
1250  69
1235  69
2366  69
71|7
494  68
647  68
736  68
95  68
733  69
589  69
7  68
72|9
1047  68
150  69
858  71
2490  69
1357  69
260  71
50  70
1198  70
1196  70
73|20
1193  70
45720  69
105037  69
6333  69
59315  69
76293  69
138204  69
2706  69
152081  69
45221  69
68135  69
150  70
8376  69
93510  69
59784  69
116823  69
106072  69
1682  69
52245  69
35836  69
74|20
31522  85
2594  70
2908  70
30749  70
6870  70
3006  70
52281  70
49772  70
55118  70
2997  70
6305  70
608  71
4546  70
41863  70
27773  70
6001  70
1251  70
6552  70
46976  70
44555  70
75|14
5445  69
1240  69
5952  69
2193  68
6870  68
2529  69
168  68
541  69
3176  68
1962  68
2078  68
1889  68
1266  69
1374  69
76|20
48877  68
5956  68
2918  69
58803  68
1247  69
74458  68
7669  68
79132  69
8957  68
858  70
55820  68
1258  69
63436  68
1201  69
1208  69
48  68
288  68
34405  68
1  69
1196  70
77|6
3996  69
4973  70
7361  70
8636  69
3578  70
33794  69
78|13
296  71
165  69
3809  68
589  70
546  68
27904  68
260  70
590  69
480  69
68791  68
344  68
44974  68
380  68
79|13
3266  69
3029  69
589  70
1916  69
307  69
4005  69
260  71
1189  69
1345  69
2000  69
1374  69
2659  86
2076  69
80|20
7445  70
96691  69
84189  85
91630  70
49530  70
8950  70
6539  70
4223  70
5630  69
3527  70
76251  70
80363  69
52604  70
6502  70
34048  69
1221  71
60684  70
6952  69
5989  70
77561  70
81|26
10  83
32  83
47  83
110  83
150  83
153  83
161  83
165  83
208  83
231  83
288  83
296  83
316  83
318  83
329  83
344  83
356  83
364  83
367  83
377  83
380  83
457  83
480  83
588  83
589  83
592  83
82|20
6886  67
2381  68
2378  68
6566  68
368  68
6536  68
3253  68
4310  68
1608  68
1372  68
145  68
356  71
6708  68
1485  68
4369  68
6564  68
6888  68
5803  68
4015  68
364  69
83|20
56367  68
7143  69
7323  68
6539  69
161  68
586  68
2115  69
1270  69
6874  69
2324  69
1537  68
7153  70
68954  69
48774  69
30749  68
8014  68
1222  69
3753  68
1223  68
64983  68
84|20
55  74
987  74
912  70
1096  69
420  68
1227  69
113  69
580  69
5060  69
1293  69
900  69
1097  70
62  69
368  69
1305  69
1247  70
1296  69
11  69
1073  70
1094  69
85|7
1519  76
1624  68
1140  76
1694  68
1643  68
1747  68
1635  69
86|14
4993  70
4310  68
6947  69
2411  68
457  70
5418  69
3996  69
4901  69
1835  69
33794  69
1196  70
3555  69
1097  69
2687  69
87|5
4023  68
2009  68
3504  69
671  68
2139  68
88|12
7312  81
74795  69
4993  70
68157  69
5952  70
1193  70
223  69
8665  69
4262  69
56782  69
8677  69
58559  70
89|104
26645  69
32060  69
44851  69
53280  69
53578  69
67888  69
69211  69
81087  69
84246  69
103602  69
108078  69
109596  69
118894  69
121007  69
128089  69
128944  69
131098  69
131439  69
134847  69
140481  69
146684  69
148632  69
150554  69
164226  69
30793  68
169912  68
87869  68
1923  69
4015  68
950  68
173253  69
2324  69
27826  69
92259  69
11  69
3977  68
86298  68
8154  68
77688  69
2997  69
170837  69
49274  68
157775  69
1  69
142196  69
99117  68
62008  69
72624  69
108156  68
3752  68
2059  68
128520  68
3175  68
133879  69
48649  69
126088  69
5529  68
65588  69
99130  69
40962  68
1732  69
68659  68
91666  69
2683  68
3751  68
750  69
6650  68
149508  69
2395  68
51575  68
65230  68
171751  69
85881  68
139157  69
6863  68
4246  69
108949  68
1230  69
160567  68
73319  68
177185  69
130520  68
5220  68
121338  69
153386  69
50872  69
149566  69
145491  69
4890  68
129354  68
32243  69
84944  68
6402  69
1288  69
140133  69
119141  68
947  68
176621  69
4973  69
158398  69
69469  69
54503  69
141928  69
102481  68
90|11
1137  81
1144  81
581  69
81  69
892  69
1073  69
116  69
896  69
17  69
7  68
613  69
91|20
3013  68
6395  68
8147  68
7153  70
3360  68
2791  69
3897  69
1080  69
4850  68
3429  68
7000  68
2060  68
2916  69
1391  68
2100  68
318  73
2146  68
1225  69
1246  69
8501  68
92|5
2572  68
2114  68
1015  68
2454  68
1801  68
93|20
736  69
1917  68
552  69
1721  69
539  69
480  70
1372  69
368  69
2355  69
1923  69
2193  69
2006  69
339  69
1097  69
1591  69
260  71
2968  69
1676  69
593  71
558  69
94|12
231  68
377  68
367  68
364  69
288  68
19  67
10  68
586  68
590  69
380  68
589  69
318  71
95|20
18  69
4878  70
6979  69
4732  69
3019  69
5246  69
32  71
2952  69
1247  70
1198  71
5283  69
3361  69
1513  69
2009  69
539  69
122  69
1584  69
1240  70
4262  70
5349  70
96|16
527  71
1094  69
272  69
3819  69
150  69
2021  69
2571  71
1214  70
2058  69
1220  69
733  69
2340  68
1721  68
2396  69
367  68
1291  70
97|8
4701  68
4306  69
3578  70
4993  70
4963  69
4299  68
3981  68
4161  68
98|19
81845  69
8961  69
122912  69
5299  69
63992  68
187541  69
56152  69
134853  69
69644  69
6863  69
5618  69
56801  69
3499  69
134130  69
74789  69
82461  69
1258  69
88810  69
79132  70
99|11
318  72
161  69
420  68
592  69
196  68
122  68
145  68
150  69
316  68
236  69
588  69
100|20
497  69
296  71
1393  69
95  68
592  69
605  69
6059  69
28  69
2245  69
62  69
4308  69
1777  69
838  69
2125  69
1288  69
234  69
1197  70
2005  69
4014  69
4623  69
101|13
2580  69
3285  68
2723  68
2700  69
2908  68
2390  68
3175  69
2395  68
358  68
2702  68
3394  68
2997  69
2502  69
102|12
158  68
588  69
150  69
592  68
253  68
480  69
344  68
539  68
553  69
593  70
586  68
223  69
103|20
86014  78
1954  70
60040  70
1968  71
77206  78
2161  70
1732  71
81834  70
608  72
2384  70
4254  69
104  70
139642  70
56782  70
2096  70
101  70
6534  69
374  69
60069  71
30793  69
104|20
4740  70
743  68
5218  69
8643  68
1288  69
47997  69
468  68
76251  69
8533  69
4018  68
38038  69
1566  68
7361  70
6060  68
3034  69
1641  69
4641  69
108190  68
616  69
7034  69
105|20
4788  82
69685  82
95311  82
95313  82
110586  82
141816  82
141818  82
170597  82
172587  82
172793  82
173351  82
173535  82
6433  72
4974  72
70286  73
108981  82
95175  82
69122  72
1243  72
3916  72
106|7
69844  69
72998  69
59501  69
86880  69
5349  69
53125  69
59784  69
107|7
231  68
253  69
590  69
165  69
434  68
208  68
318  71
108|16
800  69
6022  69
4995  69
2585  69
5316  69
4975  69
3978  69
5349  69
2926  69
4246  69
4878  69
4994  69
1968  69
1684  69
497  69
5380  69
109|20
380  68
1033  68
231  68
364  69
589  69
480  69
62  68
31  68
587  68
1032  68
586  67
778  69
540  68
256  68
163  68
252  68
223  69
553  68
537  68
168  68
110|11
26171  68
2468  68
1198  70
1089  70
1222  69
1208  69
4881  69
47  70
527  70
1193  69
2428  68
111|20
100194  67
162602  67
171251  67
2145  68
96588  68
65088  68
66203  68
84772  68
2081  68
91529  68
6365  68
45666  68
3255  68
1282  68
6539  69
86833  68
122882  68
59143  68
86911  68
5283  68
112|13
788  68
161  69
1917  68
16  69
21  69
208  68
434  68
39  68
3717  68
19  68
110  70
32  70
70286  69
113|20
4083  72
39  68
3168  69
932  69
2331  68
3359  69
1086  69
3504  69
1339  69
904  69
3546  72
4063  68
4062  68
1077  69
1589  69
2475  69
3831  69
46  68
1733  69
4007  69
114|7
141718  67
54001  69
2291  69
167732  67
122886  69
8961  69
3147  69
115|20
1580  69
2804  69
1387  69
2792  69
3146  68
3273  68
3052  69
2841  69
2719  68
595  69
2700  69
383  69
2027  68
2148  69
2770  68
3785  68
2916  69
3175  69
588  69
1377  68
116|18
2716  69
858  70
1299  69
62383  68
1339  68
1276  69
597  68
1029  68
1101  68
2797  69
2657  68
1961  69
1407  68
5995  69
1704  69
165  69
2115  69
8360  69
117|20
708  68
587  68
589  70
151  68
36  69
1036  69
595  69
288  68
596  68
48  68
315  68
454  68
353  69
474  68
10  68
60  68
805  68
491  68
616  68
485  68
118|5
1221  70
1625  69
153  68
1961  69
1810  68
119|20
95441  70
117176  70
1092  70
91529  70
74458  70
4387  70
79132  71
168252  70
44022  70
78499  70
122904  70
106782  70
442  69
4993  71
31685  70
6365  70
141004  70
4148  69
88744  70
8644  70
120|5
260  70
32  69
5  68
631  68
52  68
121|12
497  69
440  68
161  69
527  70
292  68
344  68
186  68
316  68
1  69
19  68
163  68
337  69
122|20
27660  71
69784  71
7022  71
148652  71
4816  71
56174  71
94959  71
81591  71
71535  72
30810  71
2997  72
1732  72
108932  71
780  71
1090  72
3253  71
106782  72
72226  71
1200  72
1214  72
123|12
68554  69
115569  69
79132  70
109487  69
1196  70
4226  70
296  71
7153  70
143458  80
47  70
96829  69
2858  70
124|10
56145  69
2161  69
260  71
175  69
1358  69
6377  69
4226  70
3147  70
608  70
1223  69
125|20
5088  77
86721  77
110330  77
54503  70
72011  70
162578  70
119145  70
176371  70
55247  70
1240  70
86332  70
68157  70
112623  70
4082  70
160567  70
3342  70
109487  70
88140  70
98607  77
81562  70
126|8
364  69
349  69
231  68
380  68
410  68
300  68
253  68
457  70
127|5
2915  68
903  69
55276  68
5060  68
272  68
128|7
904  69
965  69
926  69
1066  69
1721  68
1080  69
1198  70
129|20
4370  69
480  70
3698  69
2692  69
2138  69
1968  69
8368  69
653  69
7143  69
316  69
6874  70
239  69
2916  69
733  69
4896  69
2028  71
3977  68
3000  69
1907  69
31658  69
130|6
208  68
316  68
292  68
110  70
590  69
296  70
131|14
2273  68
6947  68
58559  70
908  69
4878  69
89745  69
7256  68
68237  69
2722  68
2028  70
48516  69
3178  68
64614  69
969  69
132|20
6251  61
3275  68
4995  68
2987  67
7444  67
3262  67
4168  67
31658  68
44191  68
1089  69
3967  67
5502  67
50  69
58559  69
5992  67
2108  67
1844  67
2657  67
47  68
2470  67
133|7
454  68
356  71
589  70
150  69
153  67
380  68
527  70
134|7
442  68
595  69
349  69
380  68
367  68
509  68
296  71
135|20
592  69
4084  68
893  69
3994  69
2004  69
608  71
1358  69
3852  69
3489  69
1614  68
1198  71
4128  69
1883  69
2302  68
1291  70
410  68
1261  69
4022  69
4881  69
1077  69
136|20
161  69
193  68
585  68
338  68
277  68
380  68
181  68
337  69
437  68
165  69
611  68
151  68
340  68
252  68
432  68
552  68
350  68
280  68
273  68
150  69
137|20
6787  69
2716  70
1198  71
750  70
919  70
1270  70
318  72
150  70
2997  70
1200  70
6986  80
7153  70
1242  69
110  70
33493  69
1197  70
2959  71
1237  69
903  70
7762  69
138|5
2707  68
1960  68
1959  68
849  68
3996  69
139|20
4025  66
7445  66
60684  66
4865  66
68319  66
7090  66
5502  66
260  68
8371  66
53953  66
58025  66
106782  67
6957  66
7163  66
3827  66
3624  66
52722  66
54259  66
4367  66
115617  66
140|20
5699  70
5299  68
1393  69
356  71
609  69
32596  69
4795  69
34072  69
1617  70
5256  69
5943  68
1084  69
4337  70
3108  69
43396  69
4719  69
1005  68
4321  69
5812  69
4259  69
141|20
5418  69
54503  69
4963  69
2478  68
71535  69
317  68
68954  69
54286  69
6365  68
54272  69
4447  68
5502  68
6377  70
6373  68
1265  70
91529  69
2502  70
441  69
1517  69
48516  70
142|8
434  68
384  68
588  69
50  70
527  70
356  71
337  69
377  69
143|15
1721  68
61250  68
6942  68
7169  68
8533  68
106696  68
3421  68
87232  68
78316  68
69069  68
59421  68
2144  68
96821  68
7173  68
500  68
144|20
589  70
541  70
8368  69
597  69
590  69
410  68
1246  69
527  71
356  71
500  68
19  68
2700  69
434  68
733  69
780  68
1036  70
5377  69
552  68
586  68
2081  69
145|5
344  68
339  68
380  68
318  71
588  69
146|7
7293  68
3257  68
32  69
1367  68
3686  68
410  68
47610  68
147|5
1234  69
168  68
552  68
555  69
2395  68
148|10
88125  69
5618  69
108932  69
81847  69
72998  69
5816  69
8368  69
7153  69
81834  69
4993  70
149|12
1097  68
1374  68
1831  68
1527  68
260  70
173  67
1206  69
1200  69
2021  68
1580  68
1391  68
1375  68
150|6
3  68
1356  69
5  68
95  68
733  69
1073  69
151|12
786  68
562  68
780  69
837  68
747  68
1265  69
828  68
1073  69
1  69
648  68
1393  68
1359  68
152|13
50  70
2959  71
116897  69
89492  69
1193  70
69481  69
85774  69
115713  69
111  69
92259  69
1234  69
79132  70
318  72
153|20
134853  67
1732  67
8533  66
4014  66
81456  66
106782  67
8528  67
6863  66
87194  66
2617  66
1246  67
106100  66
1954  67
7458  66
4226  67
89904  66
72998  67
133780  44
586  66
36535  66
154|7
114662  69
119145  69
81834  69
122904  69
106072  69
76093  69
77561  69
155|10
153  68
3286  68
1200  69
260  70
141  68
2355  68
2384  68
2948  69
432  68
2959  70
156|20
26313  74
31038  74
1230  70
1711  69
3341  69
6296  69
762  68
2361  69
2076  70
4784  69
661  69
2926  69
8571  74
47  71
3176  69
58  69
848  69
866  69
1485  69
923  70
157|5
785  68
3617  68
2720  68
2770  68
527  70
158|6
1093  68
2605  68
2872  68
2723  68
2428  68
66320  70
159|20
2959  70
60069  69
45720  68
597  68
4022  68
89864  68
49286  68
140110  68
84954  68
4447  68
1197  69
68954  69
6942  68
1961  69
106696  68
480  69
539  68
166643  68
40819  68
63082  68
160|20
126  66
1371  65
1198  68
196  65
3408  66
5349  66
3213  66
2408  66
839  65
3593  65
2748  66
533  66
1975  66
1676  66
3745  66
2011  66
733  66
3826  65
778  67
2840  65
161|8
4980  68
7247  68
47610  69
1223  69
38038  68
3429  69
2144  69
2336  68
162|8
150  69
225  69
168  68
50  70
300  69
266  69
31  68
62  69
163|5
1608  68
1810  68
1747  68
1777  68
1837  68
164|8
1036  69
2916  69
110  70
589  70
3527  69
1101  68
1201  69
2167  68
165|13
2353  68
3624  68
110  70
5505  68
5527  68
3256  68
5956  69
5418  69
5530  68
5450  68
1127  69
3409  68
5881  68
166|20
33794  70
1721  69
4011  71
5378  69
3481  70
49530  70
2353  69
47644  69
54272  70
8961  70
1198  72
2542  70
1036  71
608  71
434  69
5219  69
5418  70
2396  70
349  70
2324  70
167|20
33493  68
4886  69
778  69
3052  69
7147  69
6857  68
45501  68
6480  69
1682  69
2231  69
784  68
33794  69
2083  68
2413  68
6333  69
8961  69
2139  68
150  69
6773  68
35836  68
168|19
3730  69
1248  69
1201  70
1089  70
296  72
923  70
1222  70
5291  69
3543  69
1302  69
3362  69
1148  70
3101  69
57669  69
2076  69
1729  69
908  70
85354  69
80463  69
169|20
3536  70
2028  72
364  71
953  71
4886  71
5400  70
8644  70
524  70
2795  70
1022  70
3114  71
3967  70
1517  70
1035  71
8641  70
6365  70
661  70
457  71
3287  70
1416  70
170|10
318  71
296  70
586  68
377  68
34  69
592  68
277  68
500  68
266  68
588  69
171|17
485  69
1220  70
1025  69
801  69
1259  70
1079  70
828  69
317  69
869  69
380  69
1136  71
1225  70
661  69
318  73
47  70
1198  71
1208  70
172|6
3087  68
3578  69
7438  69
2072  68
3793  69
2762  69
173|5
10  69
329  68
586  68
597  68
588  69
174|14
553  69
520  68
224  69
648  69
161  69
317  68
158  68
780  69
315  68
485  68
282  68
440  69
350  68
10  69
175|5
531  68
8911  71
43904  68
38388  68
8362  68
176|8
165  69
434  68
39  68
368  69
380  69
780  68
47  70
471  69
177|20
42002  68
91542  68
6332  68
3668  68
45672  68
783  68
27706  68
2657  68
114662  68
1206  69
83132  68
5218  68
508  68
3114  69
1321  68
2176  68
8798  68
88140  68
2012  68
339  68
178|16
7361  70
527  71
2329  70
5995  69
6502  69
4235  69
1198  71
208  68
6539  69
296  71
349  69
10  69
4226  70
1240  69
2579  69
318  72
179|14
367  68
589  70
161  69
231  68
288  68
743  68
1061  69
317  68
786  68
592  69
671  68
296  71
434  68
364  70
180|5
1261  69
260  70
1748  69
1242  69
2140  68
181|20
157  68
593  70
596  68
353  68
539  68
516  68
132  68
169  68
25  68
31  68
542  68
6  69
707  68
185  67
464  68
502  68
415  68
480  69
592  68
344  67
182|20
4879  70
6969  70
3911  69
2728  69
4313  69
8042  69
1291  71
3113  69
3578  70
1590  69
161  69
4452  69
224  69
4980  69
4262  70
2353  69
2890  69
1127  69
541  71
6041  69
183|12
480  69
380  69
1196  70
2951  69
2534  68
4085  68
1287  69
2194  69
3247  68
1233  69
2662  68
1408  69
184|20
158035  74
181413  74
193565  74
97304  69
74754  69
168250  69
191005  74
106072  69
166291  69
127152  69
86332  69
80463  69
5816  69
122898  69
81845  69
5810  69
170813  69
174479  74
112852  69
148626  69
185|10
1685  69
2396  69
5377  69
1721  68
5952  69
1393  68
595  69
2085  68
4995  69
899  69
186|20
2605  69
1214  71
1291  71
3745  70
1269  70
2527  70
2532  69
4361  70
1307  70
2968  70
4306  71
2541  69
1702  69
480  70
1097  70
3977  69
919  70
3527  70
593  72
1196  72
187|20
26122  76
3949  70
49272  70
231  69
1206  70
6874  70
1729  69
1209  69
48394  70
6502  70
2701  68
4027  70
288  69
2542  70
7153  71
39427  69
6890  69
1222  70
8949  69
1748  70
188|10
2346  69
1212  69
594  69
1282  69
3469  69
2396  69
1091  69
3341  69
1264  69
2206  69
189|5
48516  69
4993  70
79132  69
2959  70
58559  69
190|14
6711  69
4776  69
8784  69
4995  69
5630  69
4306  69
30749  69
1221  70
4975  69
8961  69
858  70
8464  69
69844  69
7438  69
191|17
496  74
21  69
72  68
175  69
494  69
417  69
17  69
6  69
85  69
292  69
314  69
58  69
235  69
213  69
161  69
160  68
162  69
192|5
356  71
288  68
316  68
349  69
432  68
193|7
44555  69
55442  68
4878  69
6016  69
307  69
1270  70
5618  69
194|5
163  68
1396  68
1500  68
1288  69
5060  69
195|20
3424  69
2770  68
1041  69
1653  69
1923  69
3160  69
4723  68
1863  68
2336  69
2166  68
4308  69
1909  69
260  71
2028  70
3252  69
2908  69
1392  69
1365  69
70  69
190  69
196|7
70286  69
3578  69
59315  69
58559  70
364  69
1214  69
110  70
197|7
1513  68
1240  69
1882  68
786  68
2167  68
153  68
1784  69
198|20
3894  70
3499  69
920  69
1213  70
3949  69
1994  68
1485  68
2572  68
4019  69
1089  70
110  70
593  71
4128  69
1270  70
4886  69
1079  69
2117  68
912  70
1573  68
1682  69
199|20
5464  68
2165  68
2280  68
736  68
5673  68
349  68
5502  68
482  68
8532  68
1172  69
300  68
50068  68
4881  68
3175  68
7445  68
2973  68
34338  68
41997  68
1956  68
377  68
200|20
3809  69
7022  70
50802  69
3968  69
2485  69
500  69
5610  69
590  70
1029  69
53996  69
2572  69
4993  71
4041  69
57640  70
1302  70
1784  70
6383  69
1653  70
1569  69
1517  70
201|20
1748  69
1527  70
1584  69
2858  71
339  69
589  70
2717  68
994  69
788  68
1196  71
2797  69
733  69
1259  70
2174  69
1198  71
2455  69
1569  69
1213  70
160  68
24  69
202|20
3329  76
924  71
29  70
2289  70
1197  72
1196  72
2966  70
161  70
608  71
1209  70
1296  70
3194  70
1784  70
469  70
923  70
2000  70
1587  69
1719  70
3147  71
32  71
203|9
56174  69
8665  69
2407  68
5952  70
590  69
49272  69
40815  69
333  69
296  71
204|17
1136  70
3949  69
33794  69
48394  69
27075  80
1080  69
79008  69
6104  69
8874  69
81591  69
4878  69
91658  69
711  69
2313  69
86320  69
55820  69
5218  69
205|6
912  69
99114  69
91542  69
5816  69
95167  68
96079  69
206|5
36  69
608  70
733  69
140  68
141  69
207|5
2991  68
2428  68
2707  68
3740  68
100  68
208|6
1210  70
2628  68
380  68
2353  68
2278  68
2762  69
209|7
60684  69
1291  70
68157  69
74458  69
185029  69
122886  69
88125  69
210|20
123553  83
34405  69
166203  83
3147  70
31696  69
7649  69
58559  70
2105  69
6365  69
34397  83
4625  69
84772  69
122926  69
76093  69
62836  83
33493  69
1584  69
47610  69
108932  69
122918  69
211|18
58559  70
63113  69
90405  69
57669  69
60684  69
7153  70
73017  69
2105  69
4367  68
356  71
2642  68
1556  68
318  72
44665  69
85414  69
1198  71
1136  70
260  71
212|20
170697  69
122920  69
122892  69
2571  71
5218  69
48394  69
3578  70
1196  70
135143  69
74795  69
179401  69
79132  70
77800  69
108932  69
110102  69
96821  69
8874  69
65261  69
59784  69
2291  69
213|17
3285  68
87520  68
80363  69
76251  69
8957  69
2860  69
1234  69
5419  69
51935  69
69844  69
39446  69
4132  69
858  70
69526  68
4558  68
49530  69
58559  70
214|5
83  56
628  68
743  68
1363  68
802  68
215|20
1172  69
4973  70
63082  69
1291  70
2028  70
3252  69
3210  69
1968  69
1247  69
49272  69
1089  70
72407  69
5650  69
318  72
1208  70
2000  69
1197  70
1196  70
1297  69
4019  69
216|20
104  69
21  69
3996  69
3946  69
2946  69
3993  69
3897  69
2599  69
34  69
3994  69
4034  69
3363  69
1965  69
3422  69
3555  69
3253  69
2087  69
3986  69
2018  69
1923  69
217|20
1867  55
3434  55
1275  66
2468  65
3197  65
1912  65
2302  65
1876  65
380  65
1221  67
2471  65
1918  65
1385  65
3165  65
1590  65
1562  64
1703  65
2056  55
1831  65
160  65
218|6
2657  68
2692  69
1380  68
1198  70
6934  68
5349  69
219|20
60072  67
2115  68
59315  68
6539  68
442  67
30707  68
1704  69
180  67
1219  68
1005  67
27773  68
56156  67
6188  67
6721  67
30825  67
2997  68
1552  67
1500  68
2890  68
1921  68
220|20
3996  70
733  69
1198  72
3994  69
6539  70
1258  71
1917  69
4545  69
33794  70
165  70
71264  69
4623  69
53464  69
5218  70
6365  69
3751  70
32  71
1036  70
5502  69
1591  69
221|20
4338  82
7013  70
8529  70
1080  71
3246  70
2871  71
1208  72
7063  70
2702  70
4029  70
5954  70
2352  70
922  71
2997  71
1278  71
2858  72
1212  71
1959  70
1961  71
3671  71
222|20
81831  63
100498  68
48516  69
1249  68
99813  68
91529  68
59900  68
93287  68
1721  68
2706  68
3273  67
2411  67
64622  68
7143  68
87869  68
778  69
30825  68
42011  68
673  67
64839  68
223|15
55854  65
6711  69
1  69
736  68
1961  69
457  69
2716  69
48394  69
608  70
8784  68
48516  69
3863  68
4306  69
260  70
2683  68
224|11
3496  82
3044  69
356  70
2915  69
289  69
3668  69
1270  70
2797  69
1721  69
2716  69
1259  69
225|15
2423  68
1285  69
588  69
1717  68
2791  69
1321  68
1136  69
1197  70
1753  68
2004  68
2371  68
1407  68
785  68
1060  69
3024  68
226|20
6938  69
32666  69
3552  69
542  68
1240  70
3098  69
2804  69
3668  69
3653  68
2231  69
145  68
2253  68
3052  69
2628  68
762  68
53129  69
4816  69
16  69
2144  69
46948  68
227|19
46976  69
52319  69
81845  69
109487  69
134130  69
215  69
48738  69
47099  69
1196  71
32587  69
912  70
55721  69
1682  69
750  70
778  70
40629  69
97913  69
70286  69
150  70
228|5
2571  70
1373  68
362  68
318  71
3113  68
229|13
34  69
589  70
377  69
45  68
587  68
5  68
475  69
442  68
597  69
364  70
213  68
110  70
527  70
230|20
34330  59
52715  59
47  69
7438  68
527  70
3147  69
45499  68
6537  68
2291  68
1387  68
6863  68
1485  67
595  68
4022  68
2096  68
588  68
4034  68
1676  68
8644  68
2641  67
231|5
92259  69
858  70
593  70
1198  70
109487  69
232|20
31867  65
41769  65
57526  65
70336  67
8644  67
1586  67
44972  67
4019  67
43928  67
30883  67
65802  67
8376  67
39292  68
1035  68
66198  67
66097  68
32011  67
6564  67
7451  68
33164  67
233|20
48394  68
3751  68
48516  69
1721  68
356  70
106100  68
162600  68
608  69
7153  70
134214  68
57669  69
122920  68
2329  69
4239  68
7371  68
3977  67
3147  69
3948  68
49272  69
5418  69
234|20
2616  68
2140  69
172  68
126  68
1562  68
4519  68
153  67
2710  68
3624  68
3483  68
1391  68
438  68
1460  68
2987  69
65  68
260  71
1359  68
3175  69
588  69
2080  68
235|13
480  69
736  68
500  68
454  69
592  68
235  68
595  69
32  69
527  70
648  69
223  69
588  69
377  69
236|30
1214  83
1278  83
1345  83
1350  83
1387  83
1388  83
1982  83
1997  83
1998  83
2447  83
2459  83
2490  83
2496  83
2502  83
2505  83
2542  83
2572  83
2580  83
2596  83
2598  83
2606  83
2657  83
2683  83
2694  83
2718  83
2770  83
2806  83
2858  83
3024  83
3052  83
237|10
32  69
4254  68
94959  68
293  69
1371  68
1193  69
7361  69
7980  68
43936  68
1374  69
238|9
4954  68
3528  68
4265  68
4901  68
4238  68
593  70
4499  69
4957  68
1193  69
239|20
58559  72
5459  69
4085  70
380  70
95  69
7445  70
608  72
7147  70
6378  70
2115  70
4896  70
36529  70
3994  70
33679  70
47  72
590  71
4022  70
208  69
733  70
51662  70
240|20
368  69
543  69
480  70
367  68
810  69
500  69
546  68
110  70
173  68
1  70
542  69
104  69
34  69
174  69
204  69
225  69
383  69
262  69
434  68
420  68
241|16
81786  79
71899  69
527  70
1206  70
1193  70
99114  69
100714  69
8981  69
53123  69
116897  69
56367  69
3910  69
106782  69
115569  69
4235  69
48780  69
242|7
39  68
380  69
231  68
457  70
592  68
454  69
111  69
243|8
112  69
353  69
62  69
588  69
193  68
586  68
181  68
376  68
244|19
3090  69
1049  69
110  70
257  69
165  69
151  69
1090  69
3755  68
2278  69
648  69
1580  69
1957  69
1610  69
1196  71
3256  69
1573  68
1242  69
3753  69
2243  69
245|5
3196  68
2739  68
3114  69
3274  68
1361  68
246|20
1304  70
616  70
1680  70
6016  71
3081  70
44191  70
60684  70
4973  71
1732  71
1298  70
53125  70
2291  70
2692  70
293  71
4011  71
5013  70
60069  71
48082  70
82202  70
95167  70
247|20
48516  70
593  71
2858  70
49272  69
1961  69
44191  69
527  71
116797  69
68358  69
122886  69
480  70
223  69
1265  70
2078  69
1198  71
1682  69
6377  70
1089  70
953  69
919  69
248|11
4886  69
1198  70
166528  69
176371  69
316  68
147374  68
102903  68
189333  68
122912  69
58559  70
5218  69
249|20
110350  74
102903  70
2167  70
94959  70
84601  70
2395  70
97306  70
3408  70
89047  74
91500  70
91542  70
40815  71
69844  71
904  72
46723  70
3826  69
68791  70
88812  70
67695  70
50  73
250|6
1282  69
2407  68
318  71
1597  68
1246  69
8880  68
251|5
142115  69
293  70
356  71
318  72
1089  70
252|8
164179  69
89745  69
6377  69
164909  69
1682  69
166643  69
143355  69
78499  69
253|10
44555  69
916  69
608  70
2300  69
7099  69
4217  69
26366  88
1192  69
4642  69
3363  69
254|20
46578  70
44195  69
207  69
49278  69
6333  69
780  69
110  71
1210  71
49272  70
27846  69
32587  70
2571  72
44929  69
47  70
293  70
1580  69
5995  69
32  70
592  69
48394  69
255|9
1270  69
4467  68
2023  68
3501  68
1663  68
1394  68
3392  68
2542  68
2915  68
256|20
3247  69
88744  69
377  69
4973  70
53972  69
118696  69
95441  69
104841  69
71535  69
2953  69
81229  69
53121  69
30707  69
2571  71
68791  69
170  69
6942  69
90405  69
6537  69
33493  69
257|5
1500  68
594  68
2502  69
494  68
2406  68
258|5
4995  69
7147  69
72641  69
76093  69
47099  69
259|6
508  68
5945  68
1784  68
4886  69
1356  69
1584  68
260|20
7361  70
3556  69
162  69
903  69
5690  69
6337  69
4878  69
5617  69
342  69
5219  69
2997  69
8011  69
1206  70
3317  69
6709  69
8874  69
2348  69
3822  69
2959  71
8645  69
261|11
3897  69
16  69
2060  68
296  71
2723  68
1682  69
4085  68
2194  69
7361  70
4238  68
58559  70
262|12
708  68
539  68
457  69
322  68
339  68
85  68
26  68
17  68
213  68
273  68
593  70
728  68
263|20
223  69
150  70
500  69
2987  69
2953  68
110  70
4226  70
8370  69
1197  70
7458  69
708  69
1111  69
2125  69
6942  69
5013  69
163  69
457  70
8636  69
1967  69
2085  69
264|12
7841  68
1376  68
151  68
5816  69
1907  69
1320  68
1917  68
150  69
3578  69
1090  69
253  69
1876  68
265|20
3807  66
316  68
253  68
1302  68
724  68
1240  69
3504  68
230  68
3831  68
1956  68
3098  68
529  68
1270  70
3791  68
1177  68
2322  68
1488  68
2474  68
1198  70
1962  68
266|20
476  71
2812  71
2700  69
2278  69
24  68
2770  68
2702  68
64  68
1405  68
2580  69
1527  69
2167  68
457  70
1580  69
2300  69
1923  69
2094  68
132  68
2571  71
2097  68
267|12
2858  70
593  71
1175  69
3006  69
1302  69
3999  69
3113  69
1093  69
589  70
2571  71
923  69
3996  69
268|20
1641  68
587  68
1125  68
1911  68
2802  68
1036  69
1370  68
50  70
2064  68
1784  68
1912  68
1966  68
454  68
1234  69
2247  68
1394  69
2829  68
802  68
260  70
2858  70
269|6
724  68
743  68
95  68
1  69
63  68
648  68
270|8
661  68
62  68
79  68
628  68
14  68
1356  69
141  68
25  68
271|9
3897  69
32  69
2791  69
969  68
6787  68
2858  69
55765  68
1320  68
2288  68
272|7
177765  68
1240  69
51662  69
122922  68
49272  69
158238  68
6365  68
273|11
440  69
593  71
500  68
608  70
223  69
111  69
150  69
21  69
466  68
235  69
520  68
274|20
50147  65
2947  67
3037  67
1645  67
4951  67
2036  67
1359  66
35957  67
553  67
76293  67
3918  67
1503  67
45431  67
4816  67
54999  67
5667  65
4876  67
56805  67
1921  67
54004  67
275|20
1784  71
2289  71
5884  82
1171  70
357  71
1912  71
2539  70
235  71
4886  71
2572  71
2355  71
3253  71
1192  71
926  71
111  72
2100  70
3089  71
1393  71
1719  71
1392  70
276|9
673  68
356  71
466  68
104  69
631  69
648  69
2  69
1367  68
344  68
277|6
637  68
736  68
656  68
1  69
780  68
260  70
278|5
2371  68
1347  68
4002  69
318  71
2369  68
279|20
134130  69
1101  68
166528  69
90405  69
61132  69
79132  70
56782  69
97913  69
1608  68
4226  70
59315  69
88129  69
54286  69
1258  70
8665  69
58559  70
4993  70
8376  69
107406  69
1200  70
280|20
92535  69
344  69
262  69
3146  69
4239  69
4447  69
8638  69
919  70
72641  69
86817  69
8368  70
49530  69
6863  69
35836  69
55052  69
54503  69
4246  69
48516  70
1911  69
3916  69
281|5
46578  69
8361  68
35836  68
3897  69
3861  68
282|20
5995  70
3977  69
3263  69
25  70
6708  70
2683  69
4718  69
6711  70
5481  69
6863  70
5669  70
3752  69
588  71
80463  70
1921  70
1193  71
4369  69
48322  70
1194  70
784  69
283|7
1580  68
39  68
1704  69
356  70
586  68
2082  68
805  68
284|18
474  69
173  68
2  69
296  71
15  68
348  69
248  68
318  72
47  70
353  69
275  68
44  68
339  69
367  68
276  68
165  69
637  68
235  69
285|8
1193  69
949  68
1247  69
6978  68
113207  79
4447  68
441  69
296  71
286|20
454  69
778  70
5989  69
1333  69
165  69
500  68
7438  69
2294  68
4993  70
4995  69
7361  70
70  69
4980  68
1258  70
4963  69
1097  69
4848  69
539  69
377  69
110  70
287|20
3160  68
3578  68
223  68
2633  67
1059  67
586  67
3005  67
532  67
1193  68
2599  67
2028  69
1485  67
3826  67
2081  67
8949  67
2012  67
101  67
4034  68
2422  67
2115  68
288|20
4473  63
4966  63
1008  63
2867  66
42015  66
141  66
2571  70
13  66
53519  66
2407  66
5418  67
3916  67
2347  66
2528  66
30810  66
575  66
32587  67
587  66
2517  66
8361  66
289|24
3  83
16  83
235  83
266  83
594  83
708  83
750  83
1080  83
1101  83
1208  83
1220  83
1258  83
1917  83
2012  83
2174  83
2710  83
2797  83
4322  83
6125  76
6327  83
6453  76
7025  83
7028  83
26704  83
290|20
1228  70
1299  70
2494  70
2739  70
608  72
2130  70
908  71
341  83
1447  70
342  70
1056  70
1719  70
953  71
928  70
1394  71
2648  70
475  70
2731  70
1357  70
2385  70
291|7
40815  69
122892  69
106489  69
134853  69
7153  70
88125  69
1  70
292|20
520  68
103339  68
122900  68
4896  68
2291  68
474  68
85056  68
46972  68
95167  68
164909  68
3176  68
3476  68
1608  68
31221  68
1101  68
3985  68
3984  68
1017  68
69844  68
231  67
293|5
1682  69
1673  68
344  68
1617  69
1097  69
294|20
416  65
3869  65
1064  65
2794  65
610  65
2133  65
1391  65
3868  65
1129  65
520  65
3387  65
355  65
2378  65
3693  65
785  65
2193  66
2367  65
2458  65
348  66
3501  65
295|9
1221  70
3198  68
1287  69
1213  70
4351  68
1198  70
858  70
318  71
2329  70
296|6
160848  80
2028  70
169034  80
4144  69
50  70
2324  69
297|15
832  68
543  68
1645  68
111  69
454  68
1089  69
6  68
1249  68
1047  68
1370  68
1488  68
150  69
170  68
1092  68
866  68
298|20
57640  62
95510  62
6811  62
8370  62
8807  62
63131  62
6881  62
3785  61
122900  62
103042  62
6294  61
2167  62
2005  62
6006  62
653  61
55995  61
3018  62
69757  62
103772  62
3825  61
299|5
3793  69
1387  69
188  68
1198  70
1214  69
300|32
318  83
356  83
527  83
593  83
1172  83
1704  83
2028  83
2324  83
2329  83
2571  83
2762  83
2858  83
2959  83
4848  83
4973  83
5995  83
6016  83
6711  83
7361  83
8950  83
48394  83
56174  83
63082  83
79132  83
81591  83
92259  83
99114  83
109487  83
112183  83
112290  83
112552  83
112556  83
301|20
21  68
357  68
2490  68
6711  69
589  70
8949  68
837  68
3948  68
364  70
527  70
5989  69
4963  69
608  70
292  68
3578  70
3897  69
4226  70
3753  68
1393  68
1792  68
302|7
480  69
14  69
3  68
25  69
648  69
707  68
110  70
303|11
5378  68
3703  69
1127  69
5544  68
1196  70
3471  69
1580  69
1394  69
2683  68
920  69
1358  69
304|20
314  69
2571  72
2433  69
10  69
1376  69
480  70
1373  69
1777  69
1270  71
1517  69
151  69
356  72
208  68
474  69
1214  70
1375  69
640  69
1722  69
185  68
2701  68
305|20
74624  78
140627  78
87869  71
919  72
1197  73
106100  71
138210  71
788  69
7482  71
80590  71
103075  71
903  72
6537  70
93840  71
54736  71
592  71
2288  71
58803  71
55276  71
1272  71
306|20
5784  68
68954  69
69644  68
6377  69
95543  68
81847  68
111743  68
85367  68
168418  68
167018  68
72998  68
122904  68
69406  68
85788  68
4963  69
115664  68
134368  68
112852  69
161634  68
133419  68
307|20
2190  54
4181  54
31424  54
49314  54
5010  64
7845  63
3392  63
1220  64
6793  63
6483  63
2332  63
56003  63
1991  63
3273  63
4876  63
3421  64
1409  63
413  63
4447  63
52867  54
308|20
2959  69
45517  67
96821  67
72998  67
318  69
2  67
904  68
589  68
8961  68
56152  67
56367  67
5618  68
36  68
410  67
79132  68
4993  68
8464  67
1221  68
2248  67
6  68
309|20
2202  69
1645  69
898  69
1682  69
296  71
1089  70
1269  69
7153  70
6947  69
8340  69
1104  69
7218  77
25886  69
1219  69
8154  69
971  69
1944  69
6365  69
1262  69
2762  70
310|13
6863  68
6947  68
1101  68
6503  68
2524  68
2457  68
5899  68
733  69
246  69
3254  68
1223  69
1080  69
2671  68
311|6
6561  45
5992  68
1517  68
6461  68
1407  68
2706  68
312|20
5816  69
1375  69
3499  69
589  70
2454  69
1358  69
4878  70
4103  69
3793  69
2028  71
1371  69
4121  69
2366  69
2747  69
4105  69
5446  69
2699  68
2529  69
1350  69
1356  69
313|20
4980  68
170  68
3917  68
2455  68
5544  68
541  70
2193  68
2000  69
6  69
1968  69
1089  70
1301  68
1240  69
3175  69
4865  68
2005  69
2167  68
1375  68
2087  68
2530  68
314|20
7  68
1042  68
44  67
165  68
457  69
293  69
597  68
329  68
442  68
26  68
830  68
728  68
618  61
107  68
536  68
10  68
1376  68
153  67
208  67
150  69
315|7
1262  69
2729  68
2529  69
2067  68
2553  68
909  68
902  69
316|11
1748  68
253  68
3968  68
158  68
5445  69
3751  68
7438  69
6874  69
48  68
3882  68
2572  68
317|20
133115  75
73321  69
91529  69
74545  69
7445  69
1213  70
48774  69
4262  69
1884  69
5989  70
3578  70
4011  70
68358  69
1208  70
72011  69
3897  69
3499  69
96829  69
116797  69
56782  69
318|20
26713  75
81191  75
90245  75
111817  75
127180  75
145080  75
150696  75
7445  70
1090  71
116799  70
82459  71
48385  70
2294  70
64839  71
88125  71
109487  71
4021  70
33794  71
54286  71
89753  70
319|7
115617  69
6377  69
356  71
136864  68
1221  70
122904  69
110  70
320|5
72998  68
71535  69
31184  68
59315  69
1013  68
321|12
587  68
356  71
160  68
592  68
597  68
780  68
339  68
355  68
410  68
3  68
500  68
457  70
322|20
2882  68
1968  69
2542  69
58559  70
2788  69
2146  68
2617  68
2918  69
778  69
2599  68
4027  69
4993  70
1230  69
51540  68
1  69
1617  69
1923  69
4010  68
11  69
1035  69
323|20
377  68
480  69
356  70
1094  68
161  68
115569  68
1198  69
29  68
551  68
22  68
318  71
112183  68
253  68
111659  68
3257  68
260  70
150  69
329  68
342  68
266  68
324|5
2764  68
3972  68
3864  68
3949  69
3897  69
325|20
2848  71
235  69
2986  68
262  69
1573  69
2596  69
1584  69
1217  69
1676  68
4714  69
3770  68
3261  69
2894  71
2155  69
1279  69
1614  68
3994  69
2268  69
2915  69
5008  69
326|20
8665  69
47610  69
20  69
2858  70
86882  69
5418  70
4973  70
133771  69
48774  69
2324  70
1293  69
2692  70
72605  69
70159  69
54286  69
5446  69
6591  69
4226  70
105844  69
31410  69
327|10
3301  69
150  69
858  70
1923  69
51255  69
48516  69
1304  69
765  68
6888  68
2706  69
328|20
2687  68
112852  68
70286  68
1196  70
457  69
364  69
80463  68
3489  68
318  71
595  68
5349  68
2542  68
1219  69
35836  68
3751  68
79091  68
7153  69
596  68
2398  68
1148  68
329|5
130482  52
136850  52
858  70
1884  68
750  69
330|20
5378  68
316  69
1639  69
2918  70
919  70
3949  70
3535  69
5349  69
380  69
1676  69
2502  70
3703  69
1682  70
2683  68
1206  70
1721  69
2791  70
2081  69
8874  70
592  69
331|20
8874  69
6157  68
88125  69
6539  69
3897  69
4446  69
7361  70
50872  69
4995  69
4306  69
6874  70
5502  69
3911  69
608  70
4447  68
593  71
3751  69
8665  69
4367  68
2959  71
332|20
47  70
1653  69
1258  70
316  69
8983  69
431  69
97757  72
2291  69
1835  69
356  71
5502  69
4308  69
1203  69
1682  69
1249  69
76251  69
2905  69
318  72
2294  69
32  70
333|5
3785  68
3752  68
3616  68
3615  68
3646  68
334|20
55820  69
1196  70
1580  68
1291  69
3996  69
589  70
30810  68
4027  69
1  69
64957  68
1625  69
50601  68
44195  69
27416  68
6867  68
2997  69
293  69
480  69
5378  68
51935  68
335|6
780  68
592  68
356  71
296  71
2699  68
2001  68
336|12
1267  69
1  70
38798  69
33660  69
1784  69
2001  69
2268  69
293  70
1625  69
4886  69
50  71
150  70
337|16
318  71
47  70
16  69
805  69
1393  69
266  69
667  69
168  69
784  68
65  68
110  70
708  69
25  69
1356  69
277  69
786  68
338|8
189111  64
190207  64
190215  64
190219  64
7153  69
593  70
187541  68
185029  68
339|20
72641  70
5445  71
84152  71
96079  71
106072  70
69122  71
5617  70
41285  70
56869  81
48322  70
65216  70
91630  70
86504  70
91529  71
83613  70
4993  72
3470  70
102407  70
2028  72
5952  72
340|28
10  83
110  83
150  83
153  83
161  83
165  83
185  83
208  83
253  83
288  83
292  83
296  83
316  83
318  83
329  83
344  83
349  83
356  83
454  83
457  83
480  83
589  83
590  83
592  83
595  83
648  83
780  83
1356  83
341|11
2335  68
3624  68
130087  68
1370  69
135137  68
117529  68
5459  68
45672  68
1  69
47099  69
4025  68
342|14
2683  68
2598  68
2881  68
2369  68
1268  68
2605  68
2599  68
1198  69
3157  68
3826  68
2428  68
2827  68
3863  68
1959  68
343|12
858  71
3000  69
48394  69
4226  70
4878  69
3993  69
2571  71
1617  69
31658  69
55363  69
55820  69
296  71
344|14
111362  69
380  69
316  68
2628  68
4226  70
2571  71
4014  69
2012  68
4034  69
260  70
2541  68
4973  70
5418  69
2712  69
345|13
1019  69
2539  68
926  69
5902  69
8810  68
344  68
5707  69
2366  69
56949  69
3649  68
6658  69
3489  69
412  69
346|20
3174  69
778  70
608  70
6711  69
6286  69
306  69
7323  69
307  69
3535  69
1212  69
357  69
3949  69
714  69
7937  69
7396  69
5878  69
1120  69
1131  69
3627  69
7115  69
347|9
434  68
590  69
39  68
150  69
454  69
380  69
587  68
317  68
457  69
348|11
318  72
2324  70
4368  69
1213  70
6016  70
2959  71
6893  69
4973  70
1221  70
1960  69
2019  69
349|8
10  69
161  69
589  70
381  68
349  69
231  68
588  69
509  68
350|8
852  68
7  68
637  68
648  68
733  69
12  68
858  70
661  68
351|20
88932  73
87222  69
73344  69
52579  69
2231  69
88744  69
43836  69
79132  70
597  69
58559  70
12  68
8914  69
8950  69
63082  69
6214  69
90376  69
84152  69
480  69
4878  69
1193  70
352|20
72998  69
71745  69
1801  69
34319  69
2600  69
65682  69
1080  70
79695  69
110730  69
38038  69
130490  69
97752  69
1214  70
94864  69
41566  69
56587  69
44191  70
114935  69
59315  70
47610  69
353|18
552  68
25  68
267  68
216  68
367  68
288  68
144  68
186  68
333  69
266  68
112  68
198  68
234  68
145  68
293  69
158  68
163  69
296  71
354|20
1610  70
4306  70
2692  70
3147  70
47  70
903  69
733  69
3977  68
1225  70
35836  69
648  69
44191  70
8665  69
1917  68
7147  69
1923  69
589  71
2959  71
4718  69
1196  71
355|6
316  68
1580  69
3035  69
3175  69
317  68
916  69
356|20
2248  70
52435  70
52975  70
7122  80
44889  80
1641  70
2706  70
4011  71
802  70
7323  70
2502  71
56367  70
1223  70
55118  70
3949  71
3996  70
1246  71
1466  70
223  70
7153  72
357|20
4354  79
8998  79
27329  79
2804  71
595  70
529  70
4663  70
4091  70
1224  70
1242  70
34  70
208  69
58559  72
6296  70
30793  70
1042  70
2100  70
551  70
471  70
2067  70
358|9
26095  65
605  68
5066  68
52328  68
2226  65
42728  68
7361  69
69844  68
36525  68
359|15
405  68
1092  68
1101  68
51412  68
648  68
296  71
1097  69
2396  69
2424  68
593  70
2701  68
2942  68
1682  69
2530  68
4995  69
360|5
1422  68
1620  68
1488  68
1711  68
1414  68
361|20
47099  68
1580  68
377  68
1552  68
49272  69
1263  68
53125  68
589  69
49822  68
8360  68
318  71
2529  68
5218  68
6188  68
2422  68
3082  68
1732  69
1370  68
46972  68
7458  68
362|20
1945  69
592  69
6539  70
51540  69
5989  70
637  69
70  69
7153  71
1252  70
44665  69
407  69
6874  70
2959  71
1196  71
1208  70
8961  70
48516  70
7438  70
356  72
1201  70
363|6
1552  68
1732  69
1517  68
296  71
653  68
318  71
364|5
858  70
9  68
783  68
376  68
1  69
365|20
59315  67
81229  67
128975  67
6874  67
90345  67
158872  67
129354  67
103075  67
135536  67
70286  67
112852  67
76077  67
112818  67
1777  67
6502  67
155820  67
541  68
95720  67
93270  67
135569  67
366|7
116797  69
59315  69
33794  69
91529  69
2028  70
122882  69
7438  69
367|20
926  69
3061  69
1270  70
1287  69
486  69
3536  69
3824  69
2384  69
3072  69
898  69
3618  69
3225  69
2248  69
3157  69
3969  69
3717  69
1259  70
4023  69
1196  71
1258  70
368|20
3753  66
2112  66
1944  66
2986  66
3869  66
1214  67
2947  67
415  66
3035  66
832  66
50  68
2819  66
1801  66
2490  66
1917  65
1391  66
2193  66
225  66
161  66
2881  66
369|20
1256  68
785  68
47  69
2706  68
839  68
377  68
52973  68
743  68
4214  68
5418  69
3863  68
1372  68
27904  68
60069  69
2857  68
1967  69
150  69
2011  68
1580  68
3174  68
370|19
4011  69
4878  69
8961  69
6377  69
2628  68
1748  69
2116  68
589  70
2329  70
7438  69
3977  68
1676  68
593  71
4973  70
4226  70
1240  69
1089  70
8636  69
2716  69
371|9
2571  71
112512  90
1258  69
4090  69
56715  69
3000  69
4226  70
4993  70
1748  69
372|20
335  67
924  69
318  72
1603  68
1479  68
589  70
81  68
387  68
616  68
337  68
1220  69
1201  69
165  68
1243  68
1258  69
377  68
1401  68
450  68
1206  69
1306  68
373|20
216  68
60  68
169  68
350  68
585  68
44  67
371  68
163  68
616  68
198  68
265  68
25  68
6  69
733  68
47  69
2  68
736  68
305  68
357  68
141  68
374|7
296  71
208  68
1219  69
480  69
592  68
1258  69
1339  68
375|7
344  68
1027  68
32  69
2628  68
3256  68
4226  70
500  68
376|20
91535  69
2002  69
1214  70
1101  69
2916  69
33794  70
1198  71
349  69
1371  69
376  69
1240  70
1375  69
4993  71
858  71
457  70
4226  71
5952  70
344  68
2763  69
2797  69
377|20
4942  78
2793  69
1262  69
2791  69
748  69
1345  69
5027  69
5113  69
27692  78
3421  69
6021  78
3364  69
2072  69
8641  69
2163  69
92760  78
2858  70
1503  69
2124  69
2015  69
378|10
33794  69
7153  70
48516  70
3114  69
858  70
68954  69
91529  69
71535  69
90600  69
364  70
379|8
318  71
377  69
19  68
292  68
480  69
367  68
597  68
344  68
380|20
60818  74
172875  74
172881  74
172887  74
355  69
6979  70
5476  70
2735  70
68194  70
63433  70
72356  70
105731  70
1833  70
551  71
6731  70
27831  70
1665  70
393  70
140956  70
2791  71
381|20
2085  69
1088  69
3253  69
185  68
317  68
27808  69
1240  70
19  68
3753  69
4321  69
72011  69
3082  69
333  69
2140  69
1385  69
2273  69
1208  70
457  70
104  69
2716  70
382|20
1204  69
142372  68
135532  68
1201  69
112171  68
1198  71
912  70
81847  69
4638  68
63540  68
1681  68
170289  70
103042  68
72737  69
2496  68
357  69
81537  68
59501  68
101362  68
4890  68
383|7
2436  68
2541  68
2496  68
1584  69
2558  68
1246  69
903  69
384|14
3527  68
1388  68
2683  68
2502  69
4333  68
3098  68
4396  68
457  69
358  68
968  68
2724  68
296  71
3991  68
1204  69
385|20
736  68
1080  69
249  68
1219  69
1036  69
1136  70
282  68
1073  69
1200  69
1228  69
1022  68
1007  68
1201  69
1246  69
344  68
589  70
1023  68
1287  69
594  68
1303  68
386|14
110  70
410  68
112  68
165  68
223  68
648  68
185  67
608  69
485  68
305  68
44  67
585  68
349  68
10  68
387|20
4393  65
5156  65
5780  65
7336  65
26124  65
40966  65
2712  67
5062  67
1247  68
5489  65
4195  67
7132  67
2946  67
1387  68
3000  68
51939  67
4995  68
912  69
7938  65
1783  67
388|6
6158  70
63239  70
33615  68
86298  68
62999  68
8360  69
389|7
17  69
140  69
628  69
762  68
743  68
95  68
32  70
390|17
6344  75
64957  69
4239  69
5220  68
1193  69
2571  70
9010  69
2291  69
5296  68
4226  70
7254  69
6377  69
63062  69
1206  69
2329  70
4014  69
1784  69
391|20
5575  75
500  69
3994  69
1213  71
516  69
199  69
4027  70
150  70
1408  70
4014  69
1527  70
1059  69
2916  70
4973  71
357  69
555  70
5026  69
4936  69
1210  72
3067  69
392|5
3004  68
2858  70
707  68
1198  70
1125  68
393|20
91658  69
102125  69
48394  69
36517  69
8636  69
110102  69
44199  69
5388  69
54259  69
4848  69
5669  69
1291  70
68848  69
86190  69
2571  71
1206  70
122892  69
106642  69
1625  69
106489  69
394|5
588  69
316  68
344  68
225  68
457  69
395|13
329  68
1025  68
296  70
160  68
208  68
173  68
485  68
355  68
520  68
595  69
126  68
48  68
367  68
396|6
1276  69
1597  68
1777  68
44  68
204  68
2081  68
397|5
4017  68
8645  68
1701  68
8228  68
6993  68
398|10
6408  84
1197  69
5971  69
7022  69
1198  70
60069  69
2455  69
1136  69
48516  69
82459  69
399|8
1198  70
110  70
5445  69
1196  70
593  71
480  69
1270  70
2194  69
400|9
608  70
356  71
2571  71
2959  71
7153  70
1221  70
3578  70
858  71
59615  68
401|15
5952  69
6297  68
55768  68
48982  68
166461  68
49274  68
50872  69
32031  68
79091  69
170939  71
38038  68
8360  69
3114  69
33615  68
1136  69
402|10
1084  69
597  69
52  68
329  68
296  71
586  68
315  68
1036  69
434  68
527  70
403|7
110  69
2427  68
3210  68
296  70
61465  68
1663  69
180  68
404|12
204  68
349  69
474  69
34  69
364  69
508  68
105  68
593  70
509  68
277  68
315  68
185  68
405|20
70708  80
293  70
7254  69
37731  69
2959  71
345  69
1213  70
7134  80
64614  69
6023  69
1241  69
2329  70
1247  70
3052  69
68237  69
1199  70
27592  69
27664  69
3418  69
1215  69
406|5
1586  68
135  68
56949  68
46972  68
724  68
407|5
7153  70
2959  70
6539  69
1240  69
54286  69
408|20
1198  71
122904  69
44840  69
165101  69
6618  69
1291  70
1210  71
89745  70
1278  70
7324  69
44  69
8641  69
115210  69
103596  69
68554  69
2571  71
109487  70
63131  69
80489  69
4649  69
409|20
2485  69
2490  69
2028  70
3812  69
1278  69
2997  70
296  71
1078  69
3016  69
1073  70
2683  69
2289  69
3846  69
912  70
2013  69
1911  68
2352  69
1230  69
2541  69
3174  69
410|20
389  81
3224  69
318  72
2302  69
4002  69
1060  69
4297  69
3263  69
1859  69
111  70
58  69
2145  69
3255  69
2321  69
3504  69
3948  69
11  69
4019  69
3  69
597  69
411|20
508  68
261  69
586  68
432  68
353  69
431  68
194  68
318  72
272  68
515  68
356  71
266  68
257  68
349  68
10  68
31  68
344  67
227  68
455  68
122  68
412|20
2828  69
2384  69
2915  69
903  69
608  70
2720  68
2858  70
1883  69
1307  69
1214  70
1784  69
2239  69
1  70
930  69
1136  70
2710  68
915  69
2398  69
17  69
1079  69
413|12
2706  69
1198  71
3753  69
2424  69
593  71
128360  69
4993  70
16  69
5574  69
3948  69
64957  69
2959  71
414|20
4458  68
4666  68
5285  68
5635  68
6033  68
6493  68
6563  68
6628  68
6797  68
48319  68
58879  68
169992  68
3802  68
3599  68
1600  68
8666  67
4975  68
7444  68
4081  68
177593  68
415|19
296  72
1213  70
4321  69
3507  69
4308  69
47  70
1021  68
111  70
2617  68
1276  70
3861  69
4369  69
99114  69
1221  70
63082  69
1234  69
45722  69
1197  70
175  69
416|11
5952  69
5951  68
531  68
1296  68
1199  69
1721  68
830  68
1206  69
7323  68
4848  68
3677  68
417|14
778  70
4995  70
4975  69
7254  69
1198  71
106782  69
27773  69
168250  69
1625  69
7153  70
74458  69
110102  69
48394  69
4878  70
418|19
356  71
296  71
63082  69
104374  69
1276  69
1136  70
117176  69
1573  68
137337  69
1682  69
5816  69
88125  69
74458  69
367  68
89745  69
45672  68
87869  69
7361  70
54001  69
419|20
4093  76
111  70
46976  69
27822  69
2858  70
319  69
6287  69
3578  70
1213  70
64969  69
47  70
79592  69
34319  69
89580  76
60756  69
27704  76
90943  76
2412  68
1240  69
52245  69
420|20
1161  69
4993  71
45499  69
923  69
26693  77
48385  69
1927  69
5608  69
2052  69
6934  68
7022  69
3979  68
59295  77
2329  70
54259  69
1131  69
2762  70
4973  70
5669  69
527  71
421|8
2858  70
909  69
5008  69
953  69
1178  69
2313  69
2478  68
1203  69
422|19
2539  68
2710  68
4947  68
4971  68
5039  68
4925  67
2581  68
4916  68
1265  69
2804  69
3053  68
2665  67
1283  68
4835  68
2908  68
3943  68
1213  69
2670  68
858  70
423|5
1653  69
110  70
2194  69
5349  69
1320  68
424|20
1193  70
141  69
2804  69
40278  69
608  70
108729  69
293  70
69122  69
1092  68
54503  69
58559  70
3186  69
66097  69
778  70
5679  68
3176  69
2288  69
2174  69
71668  69
112556  69
425|20
45517  69
377  69
2329  70
733  69
6  69
1645  69
8368  69
2081  69
4306  70
1680  69
1909  69
367  68
46723  69
1625  69
1036  70
4901  69
750  70
2353  69
1342  68
145  68
426|18
59784  68
150  69
471  68
337  69
54001  69
1197  70
6378  69
72641  68
4886  69
8644  68
37729  68
597  69
5444  69
91325  68
588  69
3247  68
4022  69
79091  69
427|17
4887  68
5463  68
5015  68
110  69
58  68
5528  68
6348  68
5312  68
2710  68
5696  68
4993  70
5266  68
2683  68
5400  68
5816  68
1208  69
5574  68
428|20
2471  66
2762  68
3827  66
1089  68
2953  66
2916  67
1380  66
1997  67
3440  66
4022  67
317  66
4255  66
1208  68
1391  66
6377  67
2581  66
260  69
3285  66
588  67
653  66
429|12
339  69
421  69
150  69
225  69
165  69
266  69
329  69
252  69
279  69
317  68
237  69
204  68
430|12
923  69
2987  69
3745  68
6287  68
2858  70
6365  68
2571  70
4447  68
4014  68
329  68
2076  69
4446  68
431|5
172  68
1625  68
1376  68
3948  68
802  68
432|20
1831  68
5630  69
6870  69
8640  69
6539  70
3916  69
5989  70
84189  73
110  70
35836  69
4886  70
2762  70
1206  70
49272  69
19  68
318  72
58559  70
69481  69
7158  69
33660  69
433|5
91529  69
1089  69
50  70
5299  68
110  70
434|20
1136  71
3147  71
1090  70
1265  71
5989  70
1101  69
1779  69
586  68
344  68
3863  69
1208  71
3160  70
589  71
780  69
6796  69
2791  70
4226  71
2194  70
8665  70
1291  71
435|9
2353  69
44191  69
485  68
3510  69
34405  69
2302  68
158  68
82459  69
48780  69
436|20
204  68
435  67
440  68
432  68
161  68
480  69
377  68
531  68
536  68
502  68
364  69
235  68
371  68
344  67
2  68
585  68
450  68
587  68
437  68
227  68
437|20
748  69
318  72
5  68
640  69
1299  69
1120  69
1396  69
1246  69
454  69
1171  69
1225  70
1183  69
1097  69
1307  69
1268  69
592  69
198  69
155  69
112  69
246  69
438|20
7154  68
2501  68
8966  68
27801  68
1527  69
6711  69
3898  68
1784  68
8644  68
6367  68
2424  68
3889  68
223  69
1517  68
7361  70
2641  68
5009  68
2617  67
3753  68
2393  68
439|5
356  71
4022  69
7153  70
78499  69
1240  69
440|7
8690  77
541  69
29  69
1653  69
1274  69
3174  68
1235  69
441|9
589  70
2683  68
2959  71
4306  70
260  71
296  71
51255  69
47  70
68358  69
442|5
2908  68
2881  68
1186  68
3752  68
4361  68
443|8
2329  70
79132  70
296  71
48394  69
106487  69
108190  68
7153  70
63082  69
444|9
356  71
592  68
208  68
21  68
111  69
110  70
235  69
296  71
344  68
445|16
2028  70
590  69
34405  69
47  70
116897  69
780  68
4011  70
899  69
593  71
33794  69
1080  69
45722  69
17  69
1230  69
306  69
2710  68
446|17
237  68
339  68
300  68
296  70
480  69
368  68
288  68
172  68
17  68
16  69
357  68
150  69
434  68
153  67
648  68
593  70
337  68
447|16
257  69
293  70
337  69
531  69
382  68
589  70
552  68
253  69
362  69
532  69
292  69
31  68
474  69
540  68
442  68
160  68
448|373
2368  57
3284  57
3933  57
6302  57
6476  57
7245  57
48262  57
49688  57
75803  57
75816  57
78116  57
79590  57
86593  57
92198  57
98908  57
100326  57
102819  57
104760  57
108715  57
109191  57
111680  57
113416  57
116207  57
116985  57
129657  57
130083  57
133377  57
136654  57
138546  57
142424  57
151777  57
152658  57
157130  57
158022  57
161290  57
164375  57
53996  63
136778  57
5418  64
288  63
88356  63
2580  64
155358  57
2889  63
4034  64
148888  63
81156  63
2713  63
103335  63
95441  63
34048  63
80126  63
3057  57
1057  63
2794  63
33830  63
8665  64
6059  63
110553  63
90374  63
151501  57
3764  63
6143  63
103819  63
4361  64
104913  63
3986  63
5528  63
1196  67
105351  63
83349  63
3276  57
1090  64
5349  64
587  63
106330  63
4677  63
95508  57
109895  63
110611  57
671  63
2289  64
152077  63
80693  63
111360  63
170  63
87444  63
94323  63
8493  63
3671  64
91653  63
4981  57
2991  64
78034  57
119145  64
5099  63
4299  63
2567  63
6996  63
109864  63
6582  63
73017  64
370  63
543  63
115617  64
590  65
154065  57
5553  63
41569  63
3286  63
6645  63
589  66
1920  63
2857  63
111663  63
78499  64
2657  63
6537  63
1148  64
46974  63
48516  65
80241  63
445  63
4262  64
3689  63
114935  63
6428  63
127194  57
109673  63
127096  63
89388  57
4156  57
3793  64
33679  63
2014  63
64285  63
3968  63
49530  64
3450  63
160563  63
5502  63
8169  63
6314  63
122490  57
3386  64
140725  63
4896  64
2642  63
127136  63
2763  64
2520  57
457  65
48783  63
3263  63
5400  63
5541  63
4011  65
58351  57
127132  57
152091  63
3698  63
435  62
4799  63
84152  64
3401  63
2858  66
3174  63
7076  63
106542  57
6218  63
2860  63
1283  64
3618  63
2616  63
90439  63
2404  63
4660  57
2530  63
26386  57
4327  63
3030  64
71464  63
32  66
91529  64
4158  63
99114  64
98585  63
93326  63
2268  64
80489  64
130576  63
105504  64
2791  64
50601  63
7007  63
4234  63
3623  62
80727  63
78467  63
8641  64
4128  64
106782  64
2537  63
112138  63
3247  63
112818  63
2027  63
3101  63
5779  57
82202  63
1704  65
98296  57
6863  63
89305  63
4203  63
1201  65
6212  63
637  63
84954  63
6814  57
94864  63
67695  63
159077  57
92439  63
6812  63
3156  63
802  63
118354  57
134130  64
138036  63
65135  57
52975  63
4368  63
90717  63
45722  64
79259  57
68157  65
4233  63
74458  64
3258  63
1262  64
3949  65
101025  63
69526  63
1831  62
1083  63
1884  64
1476  63
156609  63
3755  63
111659  63
4734  63
161  64
95201  57
135887  63
2598  63
87232  64
4634  63
5334  63
5459  63
146730  57
72694  57
157432  57
132488  57
4558  63
1375  63
6424  57
71518  63
2716  65
94780  63
3593  62
129354  63
158  62
1409  63
6514  57
2881  63
51662  64
90522  63
68554  63
2126  63
122932  57
93510  64
137857  63
125916  63
2953  63
2090  63
1760  63
480  65
58803  63
2109  63
50792  63
46062  63
85510  63
80864  57
112171  63
122900  64
2587  63
1527  64
117529  63
4993  66
92264  63
5247  63
533  63
912  65
26464  57
2249  63
4678  63
103772  63
114601  63
96861  63
420  62
59615  63
2349  63
109372  63
95207  63
348  64
19  62
136020  63
4502  63
91094  63
138208  63
3511  63
79428  63
2643  63
109183  57
2139  64
4212  57
5942  63
96417  63
112852  64
99728  63
89470  63
142448  63
64983  63
2640  64
2046  63
4881  64
3882  63
3744  63
1032  63
116799  63
5  63
4040  63
157407  57
2115  64
1617  65
4367  63
105254  63
3388  63
3760  63
2146  63
2968  64
6281  63
466  62
96448  63
86332  64
64969  64
115170  57
1036  65
3397  63
2474  63
1408  64
155743  57
106920  64
8542  63
120466  63
2051  63
7143  64
7150  63
89087  63
34150  63
2253  63
2973  64
449|8
1917  68
2502  69
4034  69
1222  69
2770  68
762  68
2011  68
2324  69
450|11
3977  68
589  70
110  70
3363  69
3535  69
3948  68
3409  68
1035  69
3568  80
358  68
1259  69
451|7
733  69
593  71
7  68
5  68
494  68
25  69
17  69
452|20
4025  70
2858  72
2617  70
5292  70
1206  72
1676  70
3219  70
47  72
3101  70
163  71
1092  70
1917  69
2126  70
1356  71
552  70
2628  69
1200  71
608  72
2707  70
3273  70
453|20
208  69
858  72
2335  70
4022  70
3618  70
1617  71
3452  70
1357  70
112  70
2671  70
1884  70
1894  69
2294  70
318  73
1614  69
3534  70
2959  72
798  69
5266  69
780  70
454|9
7361  69
2692  69
7116  68
55820  69
6016  69
27773  69
2160  69
2858  70
26131  68
455|12
272  68
432  68
367  68
590  69
253  69
364  70
555  69
252  68
110  70
225  68
588  69
597  68
456|9
1407  68
634  68
135  68
5  68
724  68
780  69
733  69
260  70
706  75
457|10
329  68
3593  68
2692  69
1356  69
223  69
2394  68
2701  67
3608  68
733  69
2094  68
458|12
597  69
185  68
10  69
380  69
95  68
454  69
300  69
595  69
153  68
587  69
150  69
552  68
459|6
79132  69
5618  69
8961  69
48780  69
50872  69
260  70
460|17
89039  84
4886  69
4703  69
3831  69
1441  69
4878  70
3483  69
8970  69
1  70
49272  69
40815  69
85414  69
68237  69
76093  69
47610  69
63082  69
2571  71
461|6
74458  69
2762  69
1036  69
91500  68
3578  69
539  68
462|20
26838  68
89090  68
164655  68
188189  68
1136  69
1219  69
158966  68
1248  68
508  68
1653  69
1674  68
8917  68
8620  68
3424  68
2146  68
7044  68
3814  68
1213  69
82857  68
26131  68
463|7
6377  69
2028  70
4310  68
3753  68
2006  68
1092  68
5995  69
464|20
1370  69
58025  69
63853  69
296  72
2019  69
3527  69
5254  69
7007  69
1101  69
1779  68
377  69
1653  69
55820  69
648  69
33493  69
1610  69
65088  69
74727  69
1617  70
62374  69
465|20
2941  69
2987  69
1200  70
3448  69
5060  69
1299  69
3703  69
3649  69
1625  69
292  69
904  70
3101  69
1754  69
750  70
1256  69
593  71
3732  69
3740  69
3334  69
377  69
466|20
5418  69
30793  68
79091  69
92259  69
5989  69
5459  68
318  72
63082  69
59784  69
5010  69
74458  69
6281  69
5952  70
8529  69
64716  69
68954  69
4993  70
45447  69
81845  69
55247  69
467|22
41  83
58  83
389  76
466  83
527  83
593  83
780  83
1183  83
1233  83
1357  83
1365  83
1408  83
1721  83
2028  83
2125  83
2324  83
2334  83
2384  83
2390  83
2393  83
2394  83
2493  76
468|7
592  68
349  69
1  69
317  68
296  71
32  69
165  69
469|20
3658  74
3832  74
3507  69
3032  69
2736  69
2132  69
1958  69
910  70
1090  70
1485  69
1388  69
2321  69
1234  70
2081  69
1193  71
36  70
2908  69
909  70
2023  69
3255  69
470|16
253  69
318  71
110  70
588  69
282  68
5  68
597  68
32  70
595  69
592  68
500  68
26  68
356  71
357  68
434  68
300  69
471|6
2571  70
8874  69
527  70
1  69
8360  69
7147  69
472|6
58559  69
3450  68
3298  69
2840  68
1221  69
858  70
473|8
4979  69
2959  70
60  68
7147  69
6281  68
3897  69
48322  68
2596  68
474|422
638  68
2179  68
2697  68
4046  68
5114  68
5311  68
5353  68
5455  68
5601  68
6201  68
6273  68
6382  68
6407  68
6592  68
6912  68
7702  68
7826  68
7832  68
7839  68
8057  68
8446  68
8458  68
8459  68
8611  68
8650  68
8774  68
8938  68
1466  68
6708  68
2940  68
2616  68
2334  68
7139  68
4218  68
371  68
750  70
2935  68
8645  68
5481  67
6370  68
25865  68
2553  68
912  70
2467  68
5548  68
7301  68
52967  68
5945  68
480  69
1983  68
3462  68
1068  68
8600  68
6650  68
8482  68
6791  68
4016  68
1784  69
3668  68
3977  67
8961  69
4160  68
30820  68
6984  68
2750  68
5034  68
7716  68
2612  68
4419  68
1300  68
4187  68
1187  68
6565  68
272  68
5440  68
25937  68
1099  68
3125  68
5826  68
5649  68
7256  68
4912  68
6016  69
1208  70
2083  68
3385  68
2310  68
3360  68
3163  68
1413  68
4081  68
1643  68
968  68
2116  68
26965  68
5954  68
1263  69
5116  68
3536  68
8778  68
63433  68
2952  68
318  72
3394  68
1200  69
3384  68
4356  68
932  68
7698  68
516  68
4873  68
48385  68
39869  68
1902  68
2641  68
7036  68
2181  68
4638  68
31116  68
2455  68
2146  68
628  68
3897  69
1030  68
4022  69
344  67
3196  68
92  68
237  68
6770  68
3259  68
3368  68
26151  68
1293  68
34072  68
3044  68
1639  68
5944  68
6539  69
477  68
7361  70
55687  68
58  68
4014  68
3467  68
8154  68
4191  68
2134  68
4644  68
4293  68
5013  68
1399  68
1196  71
2918  69
5899  68
4465  68
100  68
361  68
3341  68
8921  68
195  68
3789  68
4709  68
1588  68
3468  68
4678  68
2723  68
2118  68
1939  68
7019  68
3147  69
1792  68
33903  68
1682  69
41566  68
1693  68
1957  68
5021  68
2313  68
3870  68
948  68
47099  68
3447  68
6614  68
216  68
5619  68
3987  68
5060  69
3111  68
45950  68
32584  68
5525  68
2567  68
5956  68
7  68
1172  69
3217  68
8331  68
587  68
5238  68
1189  68
2416  68
832  68
3095  68
7386  68
1223  69
7058  68
5246  68
5418  69
27803  68
26  68
4002  68
1135  68
45  68
6945  68
2411  68
2520  68
7347  68
5375  68
5673  68
3039  68
7833  68
33781  68
720  69
2103  68
33154  68
608  70
1327  68
101  68
7061  68
5451  68
5682  68
5434  68
6609  68
31658  69
4578  68
2009  68
4704  68
7572  68
4929  68
3306  68
6334  68
5379  68
5437  68
42418  68
4128  68
7451  68
2786  68
2243  68
27846  68
6197  68
3264  68
3608  68
5603  68
6124  68
1222  69
1663  68
3566  68
3755  68
2628  67
4815  68
2089  68
7102  68
27706  68
7013  68
1348  68
45666  68
5755  68
4055  68
2058  68
4462  68
1544  67
2405  68
4998  68
273  68
1977  68
1732  69
7822  68
7073  68
41527  68
4787  68
1676  68
3708  68
6669  68
317  68
25940  68
971  68
7366  68
3115  68
7026  68
2710  67
50685  68
2114  68
3809  68
3516  68
2770  68
535  68
4878  69
5992  68
41997  68
1083  68
4487  68
7293  68
1016  68
2006  68
1007  68
4993  70
3412  68
5007  68
3929  68
6639  68
8712  68
1876  68
3546  68
34359  68
7579  68
7325  68
6837  68
2634  68
7753  68
8943  68
8385  68
4308  68
3246  68
3745  68
1148  69
42002  68
50740  68
3952  68
1927  68
7581  68
910  69
3948  68
54881  68
1284  68
4007  68
5341  68
3675  68
52975  68
6244  68
965  68
454  68
1247  69
7215  68
1282  69
8207  68
6242  68
6502  69
4509  68
3528  68
2391  68
4262  69
4039  68
42018  68
3271  68
976  68
48394  69
5384  68
5168  68
1358  68
6534  68
8773  68
2384  68
48780  69
1269  68
4600  68
2642  68
111  69
933  69
3578  69
5297  68
944  68
6020  68
2123  68
748  68
4896  69
5380  68
53953  68
3712  68
25996  68
1997  69
4464  68
4085  68
51540  68
2707  68
2069  68
6710  68
1488  68
6378  68
928  68
3038  68
7116  68
44511  68
594  68
1962  68
421  68
4316  68
2761  69
4823  68
892  68
1345  68
5294  68
1408  69
6579  68
3272  68
3421  69
3844  68
6787  68
37736  68
2249  68
1610  69
2468  68
3498  68
4902  68
6268  68
5225  68
5404  68
929  68
25999  68
7835  68
805  68
4126  68
475|20
6539  70
4993  71
87232  70
40815  70
5816  70
8644  70
81564  70
4701  70
81834  70
6564  69
68791  70
111759  70
7153  71
1527  70
71530  69
4896  70
106487  70
112852  70
3578  71
82461  70
476|14
594  69
34  69
380  69
158  68
153  68
586  68
440  69
364  70
378  68
357  69
224  69
165  69
296  71
11  69
477|20
34  70
913  70
3100  70
2105  70
1271  70
1207  71
70687  70
2174  70
45672  70
4571  70
3973  70
4226  72
1103  70
5291  70
348  70
3593  69
1  72
1274  70
6502  71
59615  69
478|5
1917  68
3114  69
594  68
1584  68
1101  68
479|20
5365  65
4488  68
524  68
1025  68
3707  68
1220  68
4010  68
3244  68
3526  68
4092  68
1968  69
4700  68
4003  68
3671  68
2671  68
341  65
2012  68
2542  69
454  68
2384  68
480|20
43914  65
2700  68
8533  67
2193  67
2797  68
3484  67
2571  71
1210  71
2596  67
8866  67
47610  68
6306  67
5379  67
2018  67
7153  70
3911  68
44191  68
38061  68
5673  68
380  68
481|7
1608  68
1687  68
1629  68
1729  68
1620  68
1597  68
1485  68
482|20
2068  68
8985  68
1036  69
474  68
1042  68
4389  68
780  68
27706  68
3211  68
1610  69
4367  68
1374  69
1220  69
1602  68
653  68
592  68
30812  68
4862  68
8361  68
8529  68
483|20
105325  72
783  69
2541  69
2959  73
109971  72
45722  70
1199  70
50872  70
2000  70
4306  71
69757  70
2683  69
2273  69
1588  69
109487  70
66934  70
1721  69
2328  69
68522  72
8972  69
484|20
93320  76
1438  69
6155  69
6944  69
2706  69
33166  70
6874  70
3697  69
1059  69
76293  69
919  70
2762  70
1821  69
837  69
5810  69
1753  69
3254  69
4718  69
2413  69
3646  69
485|5
588  69
161  69
253  69
292  68
231  68
486|12
653  68
47  70
110  70
153  68
474  69
95  68
288  68
329  68
161  69
318  72
292  69
6  69
487|12
27611  68
8961  69
318  71
1198  70
31658  68
1197  69
6539  69
5445  68
116797  68
4027  69
8874  69
86377  68
488|20
720  69
838  69
608  70
1223  69
26  69
5135  69
2109  69
7720  69
7303  69
4014  69
5995  69
457  70
105  69
1136  70
272  69
1269  69
3176  69
1278  69
1125  69
910  69
489|20
79536  61
86000  61
4848  67
736  66
8387  66
4700  66
45666  66
4720  67
2683  66
2021  66
2389  66
1619  66
950  66
58559  68
2236  66
2167  66
1616  66
247  67
376  66
2717  66
490|20
46578  69
89492  68
81591  68
91077  68
60074  68
5816  68
4144  68
54001  68
1  69
1784  68
7153  69
4993  69
89759  68
86320  68
60128  68
76251  68
8368  69
69122  68
2006  68
78499  69
491|13
106782  69
69757  69
7293  69
27808  69
4246  69
3948  69
104374  69
86833  69
140110  69
8529  69
180231  84
4306  69
88405  69
492|20
736  69
784  68
628  69
858  70
852  69
64  69
990  69
830  69
743  69
62  69
52  69
1499  68
66  69
1210  70
881  69
1474  69
1405  69
724  69
1047  69
65  68
493|13
2985  68
4444  68
2916  69
1275  69
2571  71
1527  69
2028  70
3793  69
2167  68
1215  69
4701  68
2924  68
260  70
494|5
1196  70
4498  68
3578  69
2028  70
1210  70
495|20
140523  80
115149  70
1259  70
1721  69
136562  70
80489  70
19  69
50872  70
231  69
102123  70
52319  70
7254  70
7360  70
8528  70
1645  70
46578  70
30810  70
2918  70
148626  70
56775  70
496|6
1221  69
99149  68
858  70
904  69
8865  68
114713  68
497|11
1193  69
112556  68
112290  68
1916  68
92259  69
2329  69
112552  69
1258  69
2762  69
5349  69
111362  68
498|7
344  68
231  68
648  69
10  69
300  69
356  71
316  68
499|6
1202  68
2337  68
38304  68
327  68
56286  68
1304  69
500|18
2599  68
2987  68
543  68
2700  68
2542  69
1265  69
2916  68
356  70
3301  68
1784  68
1914  68
595  69
2355  68
3536  68
1885  68
322  68
838  68
720  68
501|9
6  69
62  68
93  68
45  68
3  68
637  68
11  68
18  68
662  68
502|7
7236  68
1077  68
4412  68
3469  68
2001  68
2520  72
1777  68
503|19
7455  67
7361  69
4878  69
356  71
91500  68
593  70
527  70
858  70
4226  70
1259  69
1342  68
2877  68
92509  68
90866  68
500  68
441  69
48516  69
2858  70
48394  69
504|18
4995  69
5812  69
2321  69
1  70
3556  69
7153  70
6708  69
1288  69
6927  76
4033  69
4700  68
6565  69
342  69
3408  69
6879  69
4361  69
5952  70
5955  69
505|7
1241  69
4105  69
1029  68
74685  69
273  68
6502  69
54999  69
506|9
59258  68
54272  68
37741  68
56782  68
62293  68
51834  68
49286  68
112556  68
61024  68
507|5
165  69
266  68
253  68
377  69
593  70
508|5
2872  68
2011  68
1952  68
1175  68
898  68
509|20
26958  64
130073  64
2028  69
87232  68
33830  68
5313  67
48  67
2090  68
2080  68
6942  68
8907  67
6156  67
5816  68
39  67
3988  67
6807  68
7458  68
1196  69
45447  67
616  68
510|20
1882  67
7026  68
35836  68
494  68
1198  69
514  68
457  69
2935  68
858  70
2699  67
317  68
8949  68
2918  68
145  68
1262  68
6787  68
1208  69
372  68
1242  68
40819  68
511|11
2959  70
53953  69
115149  69
164179  69
6534  68
99114  69
92259  69
318  71
2324  69
1653  69
56757  69
512|10
480  69
150  69
349  69
47  70
350  68
442  68
457  70
50  70
317  68
593  71
513|7
5952  70
318  71
2174  68
235  69
1304  69
1220  69
1080  69
514|20
1335  66
5704  66
62586  66
168358  66
180263  66
1704  69
2005  68
2792  68
2013  68
1673  68
134130  68
76093  68
1333  68
58998  68
68157  69
2406  68
3210  68
54503  68
4855  68
1644  67
515|6
33794  69
2028  70
527  70
91529  69
58559  70
2959  70
516|26
260  83
457  83
480  83
647  83
708  83
1042  83
1090  83
1197  83
1198  83
1954  83
1958  83
2021  83
2259  83
2268  83
3052  83
3471  83
4027  83
4291  83
4306  83
4321  83
4322  83
4333  83
4337  76
4349  83
4361  83
4429  83
517|20
4306  66
53125  65
1265  66
165489  48
97938  65
88744  65
86880  65
4148  65
26761  48
3398  65
1293  65
3988  65
2858  66
4963  65
1204  65
1704  66
47629  65
7669  65
1206  66
46578  65
518|5
3101  68
2657  68
783  68
1876  68
6365  68
519|6
1704  69
356  70
140110  69
6378  69
7445  69
1968  69
520|20
7266  78
318  73
1049  69
59315  70
4995  70
32  70
2716  70
4333  69
1291  70
1732  70
4085  69
2723  69
3081  69
3994  69
33493  69
135  69
2393  69
60516  69
2406  69
1584  69
521|8
661  68
112  68
86  68
104  68
58  69
79  68
52  68
852  68
522|20
99114  69
81932  69
89492  69
63113  69
2959  71
1193  70
1375  69
4993  71
223  70
27611  69
76060  69
180  69
59315  70
1617  70
10  69
67255  69
2023  69
6187  69
318  72
127098  69
523|15
168252  69
8970  69
5989  70
318  72
91529  70
1721  69
293  70
65261  69
4270  69
3147  70
27731  69
134130  69
31696  69
527  71
101962  69
524|20
1356  69
150  69
552  68
748  68
344  68
442  68
253  69
1225  69
20  68
589  70
1242  69
544  68
173  68
1302  69
380  69
457  70
1020  68
788  67
193  68
466  68
525|20
120807  71
317  68
6863  69
8622  69
33004  69
7147  69
2396  69
40815  69
137337  69
1639  69
1968  69
91869  71
45880  69
2100  68
339  69
4886  70
50872  69
86332  69
8983  69
3996  69
526|12
593  70
55247  69
46578  69
176415  83
1295  69
90430  69
4014  69
2352  69
176413  83
215  69
81845  69
51255  69
527|20
2137  69
3114  70
3210  69
3016  69
2161  69
4571  69
2118  69
3421  70
455  69
2867  69
2450  69
1909  69
1214  70
4299  69
736  69
2477  69
588  70
4016  69
1259  70
2533  69
528|15
4886  69
2278  68
80906  68
4037  68
1240  69
64614  69
3821  68
150  69
1291  69
80463  69
593  70
99813  68
85342  68
48516  69
58559  70
529|5
653  68
135  68
65  68
62  68
733  69
530|6
292  68
500  68
300  69
586  68
593  71
11  69
531|5
593  70
590  69
919  69
480  69
1215  69
532|10
1721  69
4863  69
457  70
290  69
1245  69
1242  69
2023  69
2329  70
1304  69
517  69
533|8
1200  69
6502  69
79132  70
46578  69
93840  69
4973  70
2455  69
66934  69
534|20
116724  76
97913  70
94953  70
2003  70
2167  70
7569  70
153  69
1485  69
65514  70
104218  70
344  69
2571  72
5445  70
95875  70
112818  70
82461  70
96610  70
2987  70
138036  70
1566  70
535|6
2571  70
2581  68
2700  68
2688  68
2583  68
2882  68
536|8
232  68
272  68
356  71
335  65
225  68
150  69
434  68
589  70
537|10
80906  69
367  68
7153  70
53322  69
104218  69
97304  69
6539  69
318  71
89745  69
105504  69
538|8
595  69
3671  69
80549  69
4039  69
69757  69
5047  69
44889  89
66934  69
539|8
4306  69
6753  68
5218  69
50872  69
88  68
3301  68
4886  69
69122  69
540|9
2598  68
2959  71
1073  69
8874  69
1681  68
2183  69
2841  69
2747  68
1196  70
541|18
590  69
457  69
413  68
15  68
110  70
595  69
597  68
480  69
356  70
203  68
529  68
357  68
22  68
345  68
546  68
586  68
281  68
350  68
542|20
6539  69
30793  68
5299  68
2542  69
34319  68
33679  68
4963  69
5481  68
1997  69
4025  68
3623  68
924  69
4369  68
6378  69
2571  71
7254  69
41566  68
37733  68
7361  70
45517  68
543|16
73881  69
1702  69
595  69
3301  69
231  68
2378  69
2379  69
86882  69
6377  70
588  69
377  69
48385  69
2571  71
4526  69
4388  68
92259  69
544|22
1  83
3  83
14  83
32  83
40  83
62  83
68  83
95  83
116  83
619  83
626  76
648  83
650  83
694  83
736  83
780  83
839  83
1042  83
1047  83
1059  83
1105  83
1356  83
545|5
1438  68
1267  69
2763  68
1367  68
44  68
546|13
1270  69
3328  68
480  69
1970  68
2456  68
1976  68
589  69
2657  68
1673  69
3941  67
3959  68
3566  68
1977  68
547|5
1211  68
2859  68
2917  68
1394  69
1288  69
548|26
69  83
260  83
356  83
733  83
1196  83
1393  83
1477  76
1621  83
2571  83
2716  83
3263  83
3578  83
3916  83
4776  83
4899  83
5955  83
6874  83
7458  83
8531  83
49910  83
58559  83
74532  83
80862  83
122904  83
125916  83
168712  76
549|5
2571  70
2028  70
4226  69
1210  70
589  69
550|6
167296  85
102125  69
106782  69
116797  69
112852  69
122882  69
551|20
5010  69
34162  69
60069  69
1544  68
45186  69
103772  69
51935  69
4226  70
2353  69
7153  70
5989  69
135569  69
115149  69
88129  69
134130  69
6934  68
47  70
4701  69
2959  71
98809  69
552|20
2916  68
3317  68
1405  68
2953  67
2245  68
2944  68
2890  68
2125  68
508  68
3948  68
5349  68
2959  70
2857  68
173  67
2991  68
2871  68
2628  67
4308  68
4878  69
3101  68
553|17
55765  69
3481  69
1923  69
2571  71
4011  70
50  71
3949  70
1089  70
44199  69
5513  86
2231  69
2395  69
3052  69
61257  86
1221  70
33166  69
2959  71
554|18
1196  70
1022  69
2820  80
1207  69
1517  69
1282  69
1210  70
1760  69
2282  69
1225  69
907  69
1358  69
2096  69
1028  69
593  71
608  70
953  69
2324  69
555|20
790  69
3664  69
1  70
3111  68
3395  68
104  68
1334  68
2506  68
2072  68
4002  69
1266  69
2641  68
2256  68
2791  69
2701  67
1333  69
1320  68
337  69
1393  69
3526  69
556|7
162600  68
122890  68
3081  68
88125  69
588  69
72998  69
74789  68
557|6
648  69
231  68
1291  69
260  70
1210  70
150  69
558|12
5329  69
5064  69
4903  68
2297  69
2568  68
4993  70
4306  69
367  68
5283  68
1097  69
4164  69
5294  69
559|20
552  68
608  69
355  67
329  68
544  68
1527  69
173  67
377  68
745  69
174  68
529  68
350  68
349  68
533  68
836  68
1210  70
420  67
786  68
227  68
253  68
560|20
5839  71
91535  69
136018  69
67997  69
79132  70
3253  69
142558  71
2355  69
39435  69
1527  69
40414  69
64614  69
48744  69
56587  69
593  71
76251  69
84944  69
109313  71
5878  69
40819  69
561|20
168174  67
5308  68
78469  68
3703  69
60069  69
91535  68
2105  68
73017  69
5445  69
2000  68
83134  68
79132  70
79592  68
80463  69
89745  69
527  71
8972  68
353  69
33162  68
68157  69
562|20
27140  82
6870  70
6377  71
2580  70
1249  70
4776  70
36529  70
1259  70
1982  70
2268  70
2133  70
83134  70
3210  70
48394  70
30707  70
33836  69
2692  70
88163  70
99191  82
1240  70
563|20
61071  66
70932  66
80858  66
919  69
74450  68
588  69
5943  68
118997  68
86833  68
1197  69
128832  66
85397  68
45221  68
33499  68
7380  68
96821  68
81784  68
95307  68
65585  68
55250  68
564|20
50942  72
356  70
31685  68
131013  68
61024  69
79224  68
87869  69
500  68
108156  68
81784  68
93270  68
6188  69
106918  69
65230  68
67087  69
80693  68
94677  69
8984  68
73266  68
2671  69
565|6
590  69
231  68
19  68
21  68
50  70
539  68
566|15
648  69
10  69
231  68
329  68
342  68
141  68
203  68
345  68
39  68
497  69
265  68
588  69
708  68
353  69
2  68
567|20
8189  45
26743  45
92681  45
109897  45
152071  45
5690  65
136602  65
122888  45
6333  65
1274  65
122922  65
153070  45
151687  45
117877  45
108928  65
954  65
122924  65
27773  65
648  65
135887  65
568|23
50  83
147  83
296  83
356  83
480  83
593  83
765  83
1103  83
1104  83
1257  83
1298  83
1895  83
2313  83
2359  83
2863  83
3053  83
3148  83
3261  83
3363  83
8169  83
46723  83
63853  83
65088  83
569|5
231  68
50  70
380  69
588  69
592  68
570|20
208  67
8636  69
48516  70
1225  69
586  68
2683  68
457  70
1196  71
110  70
4993  70
7361  70
1198  70
1079  69
10  68
3793  69
1391  68
589  70
380  68
527  71
185  68
571|20
1331  51
2982  51
2366  68
1128  67
610  68
2902  67
1998  67
3696  68
1980  51
1987  51
70  68
1924  67
2279  67
1327  67
3732  68
1972  67
1278  68
1644  67
2327  68
1978  68
572|20
1961  70
2570  69
2788  70
2321  69
111  70
904  70
2987  70
2302  69
1834  69
2539  69
2917  69
1307  70
1  70
161  69
3421  70
838  69
1356  70
2006  69
3167  69
1953  70
573|20
89745  71
72998  71
3752  70
356  74
7293  70
6754  70
8665  71
32587  71
1073  71
88744  70
1127  71
68954  71
98809  71
2640  70
48516  72
71535  71
59369  70
60069  72
88140  70
1562  69
574|23
47  83
110  83
150  83
153  83
161  83
185  83
225  83
231  83
292  83
296  83
300  83
316  83
318  83
329  83
339  83
344  83
380  83
410  83
434  83
588  83
592  83
593  83
595  83
575|8
2566  68
2580  68
296  70
2581  68
2572  68
2542  69
2574  68
2598  68
576|5
849  68
1321  68
1373  68
1479  68
2289  68
577|20
2415  71
1183  69
1288  69
1129  68
2944  69
2194  69
733  69
1213  70
2076  69
2020  69
1262  69
1931  69
1391  68
2987  69
952  68
1909  68
260  71
919  69
2248  69
1270  70
578|6
6751  81
52668  68
45668  68
830  68
72407  68
75446  81
579|15
3174  69
2485  68
1022  69
2018  69
838  69
1917  68
1391  68
596  69
1573  69
2965  79
1653  69
2599  69
892  69
2687  69
595  69
580|20
5767  71
6583  71
480  70
8844  71
6989  69
3809  69
41569  69
3699  69
4041  69
33166  69
356  72
508  69
8376  69
3578  70
608  71
3785  68
3089  69
1320  68
54286  69
1201  70
581|8
7153  70
5995  69
4973  70
116797  69
3949  69
4306  69
109487  69
6377  70
582|12
91529  69
2959  70
116797  69
4993  70
5618  69
2571  70
76251  69
69844  69
104841  69
48516  70
97752  69
76093  69
583|12
8533  68
88405  68
2706  68
117590  68
317  68
60756  68
6942  68
595  69
46578  69
104  68
2694  68
7451  68
584|17
288  69
22  69
203  69
315  69
500  69
316  69
539  69
234  69
296  71
257  69
434  68
586  68
338  69
349  69
282  69
480  70
590  70
585|13
3173  69
1228  69
54503  69
2959  71
428  69
1405  69
7254  69
441  69
1805  69
296  71
27373  87
5325  69
79132  70
586|20
34332  70
4016  70
111659  70
106002  70
149406  70
167036  70
45499  70
136556  87
5445  70
117851  70
1291  71
71264  70
106489  70
135436  70
3753  70
2640  70
3147  71
122916  70
3793  70
101362  70
587|20
1234  70
628  69
2012  69
534  69
2002  69
1641  69
236  69
1376  69
2622  69
1541  69
3260  69
497  69
3082  69
445  69
3448  69
2574  69
765  69
691  69
329  69
3406  69
588|12
50  70
16  69
20  68
356  71
350  68
198  68
593  71
364  69
163  68
253  68
223  69
3  68
589|8
1092  68
318  72
590  69
373  69
586  68
587  68
527  70
337  69
590|20
924  69
8807  68
2371  68
38061  69
81834  68
40815  68
4890  68
903  69
5  67
3624  68
555  69
4047  68
51662  69
2085  68
419  68
595  69
329  68
2376  68
3635  68
2398  68
591|11
2908  68
2706  68
2712  68
2355  68
3615  68
3578  69
2394  68
3798  68
356  70
223  69
2724  68
592|19
514  68
2  69
153  68
415  68
110  70
177  68
420  68
380  69
44  68
788  68
588  69
163  69
204  68
610  69
39  68
419  68
253  69
432  68
240  68
593|20
1196  70
1073  69
1086  68
1617  69
4034  69
41566  68
1197  69
344  68
8368  69
339  68
2959  70
8961  69
5816  68
2797  69
4896  69
588  69
595  69
5952  70
377  68
141  68
594|20
7031  80
2671  69
7115  69
1616  69
5943  69
1188  69
2269  69
1733  69
4902  69
6996  69
780  69
1429  69
6140  69
7046  69
39  69
595  70
799  69
2028  71
8482  80
7169  69
595|5
265  68
50  70
1186  68
1199  69
1966  68
596|20
33649  70
43744  70
182793  70
129397  68
128908  70
1  70
142488  69
122922  69
4310  68
71838  68
4025  68
2501  69
110102  69
149406  68
2774  70
5502  68
8665  69
6537  68
2571  71
345  69
597|20
1799  70
490  70
3040  70
2529  71
2858  72
903  71
3039  71
2000  71
1291  72
357  70
1228  71
1845  70
2411  70
1580  71
1148  71
1198  73
2723  70
485  70
592  70
2692  71
598|5
56367  69
8360  69
593  70
114265  79
103543  68
599|496
26142  53
26567  53
26590  53
26676  53
26854  53
27595  53
34800  53
53450  53
60803  53
69131  53
74696  53
79895  53
84523  53
87960  53
92674  53
98799  53
102735  53
102852  53
104017  53
105020  53
122433  53
157865  53
158874  53
160978  53
161044  53
174727  53
179053  53
1801  60
6035  60
3387  60
33437  60
112  60
5995  61
167706  53
4394  53
836  60
7235  60
8809  60
102749  53
89087  60
42011  60
432  59
471  61
5628  60
1015  60
2  60
2269  60
69  61
3947  60
79091  61
104837  53
4037  61
7587  60
6881  60
1449  61
7225  61
81229  60
68952  61
4728  60
5081  60
33966  53
1779  60
3669  53
87197  53
170297  53
79057  60
95965  53
55207  53
4007  61
1220  61
80831  61
46723  60
71282  61
7757  60
3259  60
92309  60
1376  60
7192  60
4654  60
101423  53
53468  60
62662  53
3174  61
3698  60
2882  60
2359  61
1183  61
2792  60
1095  61
8387  60
53125  60
115713  61
2949  61
2471  60
3  60
1231  61
3861  60
240  60
1480  60
2301  61
1445  60
8045  53
586  59
2942  60
1185  61
4594  53
2474  61
3671  61
3196  61
64839  61
98697  53
2606  60
1777  60
5309  60
7022  61
4873  61
541  63
27311  61
43921  60
67734  60
4240  53
5026  61
168  60
33493  61
4125  60
7354  60
207  60
1094  60
742  60
1609  60
1042  60
3362  61
4553  61
4632  60
2278  61
468  60
122904  61
75416  53
42718  60
4285  60
79274  61
1794  53
45081  60
108192  53
3489  60
3503  61
89804  60
163809  53
577  60
3071  60
1204  62
3981  60
95771  53
45382  60
6548  60
59387  61
166528  61
168492  60
6691  53
605  60
424  60
2991  61
248  60
97950  53
3865  60
1216  60
342  60
35836  61
27772  60
176419  60
151781  53
277  60
6320  60
39381  61
5111  53
4090  60
2450  60
2676  60
2356  60
79702  61
1597  60
410  60
1721  60
3702  61
183301  53
1387  62
2072  60
26729  61
2393  60
4247  60
4591  60
1032  61
3087  60
1895  60
634  60
210  60
2074  61
51575  60
3505  61
5247  60
481  60
4215  60
1355  60
2657  60
2028  64
4011  62
420  59
552  60
1196  64
2395  61
5303  60
1752  60
3186  60
4310  60
1784  61
3200  61
7254  61
688  60
473  60
1079  62
1552  60
1148  62
1544  59
63113  61
2325  60
26649  60
6804  53
161  61
4109  60
34332  60
1653  62
4808  60
7707  53
3468  61
502  60
1221  63
1792  60
68319  60
6787  61
2119  60
3884  60
4254  60
3973  60
103609  53
8934  53
5377  61
42632  61
55290  61
4506  60
7840  60
5568  60
1689  60
7005  53
103228  61
59947  53
786  60
4351  60
172253  53
4679  60
1411  61
117630  53
1590  60
112623  61
3146  60
8984  60
1920  60
519  60
179817  61
3979  60
3741  61
44020  60
26630  53
7285  61
3030  61
1021  60
8638  61
87  60
7153  63
2877  60
2018  61
3173  60
5198  53
7101  60
7701  60
3213  61
26159  60
2339  53
33896  60
2000  61
4006  60
136562  60
37382  60
6645  61
171763  61
8528  61
27008  53
4017  61
4167  60
86142  61
1249  61
3255  61
736  60
2779  60
84414  61
27773  61
2083  61
98499  60
4034  61
119828  53
1993  60
94864  60
6631  60
2321  61
26242  60
3703  61
41566  60
2529  61
1968  62
8914  61
3257  60
159403  53
1036  62
76093  61
5103  60
6947  61
1952  61
2124  60
4084  60
6016  62
778  62
81  60
2171  60
1253  61
4275  60
7982  60
3723  61
849  60
2681  60
6565  61
39414  60
122916  61
6440  61
8917  60
72011  61
1605  60
1240  62
923  62
68157  62
5961  53
5053  53
3571  60
2403  61
3871  61
44238  53
72226  61
7004  60
2054  59
62970  60
5159  60
354  61
122924  60
48774  61
1394  62
3763  60
70286  61
1904  60
3969  61
81562  61
102590  53
233  61
4155  60
1031  61
76  60
459  60
1097  62
1178  61
60291  60
3328  61
1232  61
3036  60
5283  60
4327  61
610  61
2726  61
4732  60
5970  60
2396  61
594  61
1247  62
45499  60
3476  60
2399  60
137218  53
1997  61
3271  61
27801  61
6365  60
1799  60
580  60
122900  61
2803  60
80219  60
466  59
110882  60
3997  60
26176  53
2378  60
117895  60
26662  61
90603  61
119218  53
44  59
809  60
1960  61
4519  60
1959  61
414  60
1073  62
61236  60
1479  60
4019  61
1245  61
37857  61
161032  53
371  60
3020  61
88593  53
6774  61
2005  61
90405  60
26285  53
6793  60
627  60
1617  62
6734  60
108090  53
2427  60
51024  60
122922  61
3440  60
6874  62
4919  60
338  60
81591  61
1704  63
1499  59
357  61
62155  61
144  60
34148  60
53519  60
4504  53
2796  60
216  60
6827  60
1429  60
7445  61
1385  60
90471  60
8425  53
10  61
26542  60
7387  61
72998  61
89470  61
3629  61
1297  61
3424  61
1672  61
44761  61
196  60
70703  53
2383  60
180  61
4040  60
6333  61
4440  60
5291  61
88235  60
1639  61
4580  60
153236  53
86190  61
4477  60
103027  53
32291  60
34811  53
5171  60
122260  53
8784  61
5954  61
8798  61
707  60
880  60
314  61
61323  61
600|20
3269  65
1394  67
3785  65
2717  65
5569  66
4306  67
1206  67
56775  66
2015  66
7  66
2013  66
262  66
1210  68
1060  66
2431  66
2077  66
2423  66
4641  66
527  68
5076  66
601|20
141846  88
68157  70
1262  69
106782  69
60069  70
49272  70
5445  70
1193  70
1207  70
79132  70
904  70
166024  69
1917  69
7153  71
2324  70
170697  69
31658  69
5989  70
88810  69
2571  72
602|20
161  69
19  67
350  68
494  68
14  68
471  68
125  68
434  68
235  68
481  68
315  68
371  68
474  68
527  70
21  68
349  68
440  68
339  68
480  69
163  68
603|20
602  70
803  70
2008  70
2577  70
3459  70
4787  69
2912  69
1769  69
485  68
4420  70
920  69
1  70
2706  69
1844  69
3787  69
1222  70
190  69
2716  70
3983  69
101  69
604|20
220  70
292  68
151  68
329  68
410  68
426  68
435  68
316  68
22  68
235  68
181  68
332  68
273  68
637  68
285  70
173  68
588  69
23  68
553  69
1  69
605|20
35347  64
6787  68
1197  69
5667  64
42738  68
51662  68
7373  68
596  68
780  68
4571  68
2316  68
7454  68
150  69
60040  68
8977  68
3269  68
72982  64
1210  70
62376  68
60937  68
606|20
263  73
563  73
583  73
3808  73
4671  73
4840  73
5856  73
6111  73
6573  73
8685  73
32728  73
55805  73
3147  71
4392  70
2311  70
6308  70
50842  70
6591  70
8270  70
2025  70
607|20
891  69
1610  69
448  69
3147  70
1094  69
1307  69
592  69
204  69
1552  68
527  71
3476  69
296  72
2313  69
3440  69
423  69
1518  69
2118  69
2193  69
380  69
2028  71
608|20
52245  66
2997  68
3793  67
2763  67
174  66
2000  67
1214  68
919  67
2700  67
4161  66
5146  67
1639  67
541  69
473  66
2529  67
522  67
4343  66
1909  67
2431  66
1220  67
609|8
296  71
833  68
356  71
339  68
454  68
318  71
208  68
292  68
610|20
5953  74
58975  74
70206  74
78626  74
82765  74
97988  74
107447  74
107462  74
110591  74
110746  74
118082  74
139655  74
160341  74
86644  70
56801  70
61024  71
77561  70
4816  71
62434  71
3972  71
