1|20
260  87
1927  87
804  87
3  87
1009  87
2406  87
1587  87
3671  87
2617  87
3053  87
2571  87
1222  87
2137  87
1377  87
2395  87
2761  87
2641  87
2872  87
1258  87
2700  87
2|6
333  78
122882  78
71535  78
46970  78
58559  78
80489  78
3|8
5764  42
647  42
6835  42
5919  42
2851  42
2288  42
5048  42
4518  42
4|20
106  71
1291  71
3408  71
265  71
52  71
4347  71
2467  71
908  71
345  71
1304  71
1923  71
2959  71
368  71
1219  71
4765  71
1199  71
4166  71
1732  71
21  71
2858  71
5|9
515  73
1  73
364  73
608  73
290  73
261  73
34  73
318  73
21  73
6|20
349  70
318  70
775  70
141  70
348  70
104  70
327  70
410  70
165  70
87  70
366  70
17  70
1084  70
222  70
16  70
416  70
277  70
460  70
867  70
316  70
7|20
8528  65
3623  65
8636  65
8360  65
1517  65
466  65
8373  65
1220  65
7155  65
8808  65
6863  65
31878  65
1610  65
1219  65
4700  65
45668  65
8970  65
27741  65
6333  65
8865  65
8|10
356  71
47  71
231  71
318  71
454  71
292  71
32  71
141  71
380  71
252  71
9|10
5451  65
923  65
5890  65
2901  65
922  65
6044  65
1987  65
5378  65
3735  65
5447  65
10|20
597  66
33679  66
8533  66
8969  66
72720  66
88810  66
136020  66
6377  66
5943  66
109374  66
113394  66
61250  66
82167  66
140110  66
5377  66
77841  66
6942  66
1028  66
72330  66
66203  66
11|13
733  74
1584  74
1210  74
170  74
1438  74
648  74
1918  74
493  74
10  74
457  74
1693  74
150  74
1923  74
12|7
2717  87
2100  87
838  87
2072  87
1876  87
2581  87
6942  87
13|7
3717  75
3624  75
3798  75
2174  75
47  75
3893  75
305  75
14|10
344  69
477  69
110  69
540  69
597  69
153  69
592  69
4  69
539  69
105  69
15|20
91529  69
7438  69
111759  69
2329  69
1  69
1909  69
1240  69
115713  69
1200  69
293  69
2571  69
3949  69
120466  69
1198  69
2028  69
2011  69
158  69
160980  69
4306  69
4022  69
16|20
1230  73
78499  73
913  73
1136  73
1299  73
1617  73
1203  73
3429  73
2858  73
608  73
3683  73
4002  73
1199  73
912  73
2707  73
5782  73
1260  73
319  73
27773  73
2109  73
17|20
260  84
64839  84
296  84
5952  84
527  84
1193  84
3681  84
1240  84
2717  84
2858  84
1093  84
81932  84
5618  84
50  84
5971  84
2959  84
1201  84
541  84
82459  84
1  84
18|20
8117  75
65596  75
88094  75
145283  75
157110  75
166015  75
171023  75
103253  75
60684  75
44199  75
2  75
86628  75
59784  75
2918  75
109374  75
4226  75
53129  75
139385  75
47  75
1291  75
19|20
3692  52
3662  52
54  52
2733  52
1702  52
1240  52
1270  52
3712  52
1881  52
216  52
3  52
1834  52
2184  52
3017  52
2044  52
2354  52
2005  52
3146  52
3387  52
2694  52
20|20
1566  72
5419  72
4014  72
2140  72
586  72
661  72
3189  72
5014  72
1333  72
4161  72
3784  72
1030  72
5313  72
2804  72
2054  72
34  72
1097  72
6358  72
4519  72
1722  72
21|20
107013  65
117922  65
140301  65
57640  65
2985  65
2990  65
2717  65
5418  65
31433  65
112175  65
7153  65
30793  65
4446  65
52973  65
45186  65
2023  65
79185  65
1721  65
102125  65
5459  65
22|20
8961  52
2723  52
60950  52
64575  52
1193  52
70286  52
4993  52
2160  52
39183  52
7147  52
3996  52
3481  52
55765  52
48780  52
7361  52
51540  52
6711  52
2968  52
3949  52
48394  52
23|20
6234  73
3996  73
293  73
1206  73
1136  73
1960  73
7587  73
3424  73
3181  73
2467  73
1248  73
1617  73
6807  73
1952  73
6440  73
1258  73
1243  73
1080  73
8228  73
1711  73
24|20
1784  71
2617  71
111759  71
134853  71
58998  71
1265  71
1198  71
3147  71
1197  71
1220  71
2424  71
5418  71
72011  71
54286  71
27773  71
64957  71
356  71
44191  71
1682  71
68358  71
25|6
58559  96
60069  96
74458  96
79132  96
527  96
260  96
26|21
10  83
34  83
47  83
150  83
153  83
165  83
185  83
208  83
225  83
288  83
296  83
300  83
344  83
349  83
356  83
380  83
434  83
454  83
457  83
592  83
593  83
27|20
1196  71
2478  71
2640  71
3508  71
3555  71
1201  71
3519  71
969  71
2080  71
673  71
2886  71
2529  71
1387  71
1101  71
1947  71
1250  71
1276  71
3114  71
1083  71
3809  71
28|20
27450  60
60943  60
61011  60
63033  60
5617  60
59369  60
60046  60
507  60
3300  60
55094  60
59018  60
26695  60
2951  60
3006  60
2231  60
5418  60
26812  60
2058  60
353  60
61167  60
29|17
98961  82
7379  82
1250  82
1201  82
111362  82
48516  82
1100  82
26554  82
3441  82
4327  82
2872  82
2301  82
1617  82
3681  82
55820  82
4223  82
99114  82
30|7
5952  96
108932  96
1200  96
91529  96
116823  96
112852  96
1198  96
31|10
1198  76
1200  76
648  76
1363  76
1073  76
1036  76
1197  76
377  76
1246  76
1270  76
32|20
236  74
314  74
1356  74
357  74
224  74
627  74
1079  74
1084  74
318  74
761  74
1197  74
849  74
912  74
880  74
1198  74
58  74
203  74
608  74
497  74
410  74
33|20
110  75
17  75
2396  75
2272  75
448  75
428  75
265  75
1280  75
1177  75
1617  75
50  75
261  75
11  75
452  75
345  75
608  75
150  75
1188  75
800  75
2690  75
34|18
780  68
2273  68
3717  68
26606  68
45499  68
3996  68
4310  68
3624  68
31685  68
1721  68
5146  68
7090  68
70  68
2006  68
3000  68
4306  68
27728  68
3997  68
35|5
11  81
185  81
595  81
21  81
300  81
36|12
5171  51
3066  51
552  51
4025  51
1262  51
2735  51
2359  51
1372  51
1278  51
2194  51
3347  51
1704  51
37|5
344  85
356  85
661  85
329  85
457  85
38|16
434  63
39  63
223  63
161  63
246  63
168  63
273  63
480  63
356  63
457  63
364  63
50  63
500  63
300  63
551  63
21  63
39|20
2571  81
2391  81
1921  81
1862  81
1219  81
1907  81
2081  81
2459  81
924  81
2529  81
1729  81
47  81
260  81
2080  81
592  81
296  81
3213  81
610  81
589  81
596  81
40|20
440  76
454  76
588  76
339  76
158  76
432  76
431  76
186  76
616  76
514  76
21  76
592  76
1  76
223  76
585  76
216  76
104  76
371  76
111  76
267  76
41|20
96829  65
64839  65
122882  65
6287  65
1569  65
106920  65
86781  65
3160  65
1721  65
2028  65
6763  65
5418  65
53519  65
122904  65
55247  65
924  65
4011  65
2324  65
35836  65
5995  65
42|20
3869  72
4654  72
1021  72
2423  72
3248  72
4477  72
2500  72
1431  72
195  72
3326  72
2407  72
1090  72
2735  72
3693  72
1020  72
4545  72
4132  72
2263  72
3535  72
2805  72
43|20
225  91
296  91
596  91
588  91
587  91
420  91
158  91
631  91
5  91
597  91
168  91
355  91
47  91
367  91
519  91
594  91
236  91
1  91
60  91
259  91
44|10
36  66
663  66
12  66
661  66
94  66
1  66
104  66
112  66
494  66
889  66
45|20
2718  77
1036  77
2028  77
1653  77
1682  77
2396  77
3249  77
261  77
4308  77
329  77
1367  77
2890  77
593  77
1127  77
2431  77
6377  77
569  77
1197  77
1060  77
2858  77
46|9
590  80
588  80
315  80
208  80
1  80
432  80
225  80
434  80
339  80
47|20
508  62
68932  62
72395  62
2420  62
597  62
148626  62
5989  62
96588  62
69122  62
6155  62
4975  62
30749  62
106100  62
45950  62
2028  62
4018  62
1259  62
6373  62
33166  62
2407  62
48|7
4886  81
1320  81
1527  81
1193  81
3793  81
48  81
1653  81
49|5
2028  85
1214  85
139385  85
318  85
527  85
50|20
8143  56
114335  56
136564  56
142074  56
171759  56
175693  56
179073  56
175707  56
71264  56
82848  56
1377  56
44555  56
8157  56
6807  56
95543  56
8253  56
96610  56
924  56
32875  56
4896  56
51|20
7040  76
5620  76
2613  76
4437  76
2023  76
1500  76
522  76
858  76
4508  76
2951  76
1014  76
1407  76
2282  76
2420  76
3388  76
260  76
3186  76
3994  76
3501  76
2371  76
52|20
152081  89
51255  89
74458  89
1923  89
7438  89
40583  89
59784  89
55765  89
112852  89
86892  89
55363  89
112138  89
49272  89
52245  89
69481  89
50794  89
1704  89
54736  89
44665  89
47200  89
53|5
481  100
1100  100
249  100
1125  100
916  100
54|7
296  60
593  60
639  60
1  60
205  60
161  60
500  60
55|5
2407  54
673  54
3275  54
2890  54
4011  54
56|10
786  78
253  78
165  78
110  78
589  78
370  78
434  78
410  78
69  78
185  78
57|20
2140  68
942  68
920  68
3175  68
1784  68
3429  68
933  68
1193  68
3446  68
160  68
1499  68
2640  68
892  68
11  68
2947  68
6  68
2478  68
2291  68
1688  68
2301  68
58|20
588  78
282  78
185  78
419  78
367  78
277  78
48  78
280  78
337  78
345  78
3  78
357  78
527  78
587  78
218  78
500  78
508  78
368  78
364  78
353  78
59|20
1696  86
6460  86
3489  86
1188  86
1222  86
2076  86
3448  86
1263  86
1247  86
527  86
1244  86
904  86
903  86
965  86
2616  86
1953  86
608  86
105  86
912  86
3471  86
60|5
832  73
58559  73
805  73
455  73
858  73
61|8
266  84
1101  84
7438  84
173  84
555  84
2012  84
4878  84
3949  84
62|20
99114  82
176371  82
3793  82
56757  82
73017  82
30793  82
179819  82
68554  82
185135  82
168248  82
5903  82
4878  82
2028  82
5502  82
6058  82
344  82
1721  82
45499  82
41566  82
78105  82
63|20
5669  72
4246  72
48780  72
500  72
6016  72
31658  72
2858  72
64285  72
85414  72
1221  72
106696  72
4963  72
50  72
1097  72
260  72
110  72
1222  72
4979  72
5952  72
77561  72
64|20
5878  75
3101  75
2640  75
2959  75
8784  75
2054  75
4239  75
4025  75
5026  75
40819  75
266  75
2699  75
27266  75
3969  75
1805  75
6296  75
4776  75
3148  75
4262  75
356  75
65|7
1246  80
33660  80
7458  80
2329  80
4993  80
91542  80
3147  80
66|20
593  80
47  80
5418  80
922  80
2139  80
2956  80
3745  80
1956  80
4581  80
5349  80
1210  80
1094  80
2001  80
380  80
6539  80
671  80
1  80
6378  80
7766  80
296  80
67|8
99114  81
4306  81
27193  81
79132  81
60069  81
2012  81
4886  81
4993  81
68|20
47978  65
95218  65
6534  65
48696  65
67267  65
30825  65
1799  65
3556  65
8622  65
4351  65
63113  65
58295  65
7151  65
2413  65
6287  65
653  65
41566  65
5541  65
260  65
48043  65
69|10
4370  88
4848  88
3671  88
2476  88
1193  88
356  88
553  88
4022  88
260  88
3994  88
70|13
1193  86
1097  86
1914  86
1269  86
4995  86
318  86
8949  86
1968  86
1210  86
89492  86
1250  86
1235  86
2366  86
71|7
494  71
647  71
736  71
95  71
733  71
589  71
7  71
72|9
1047  82
150  82
858  82
2490  82
1357  82
260  82
50  82
1198  82
1196  82
73|20
1193  74
45720  74
105037  74
6333  74
59315  74
76293  74
138204  74
2706  74
152081  74
45221  74
68135  74
150  74
8376  74
93510  74
59784  74
116823  74
106072  74
1682  74
52245  74
35836  74
74|20
31522  85
2594  85
2908  85
30749  85
6870  85
3006  85
52281  85
49772  85
55118  85
2997  85
6305  85
608  85
4546  85
41863  85
27773  85
6001  85
1251  85
6552  85
46976  85
44555  85
75|14
5445  66
1240  66
5952  66
2193  66
6870  66
2529  66
168  66
541  66
3176  66
1962  66
2078  66
1889  66
1266  66
1374  66
76|20
48877  61
5956  61
2918  61
58803  61
1247  61
74458  61
7669  61
79132  61
8957  61
858  61
55820  61
1258  61
63436  61
1201  61
1208  61
48  61
288  61
34405  61
1  61
1196  61
77|6
3996  80
4973  80
7361  80
8636  80
3578  80
33794  80
78|13
296  66
165  66
3809  66
589  66
546  66
27904  66
260  66
590  66
480  66
68791  66
344  66
44974  66
380  66
79|13
3266  86
3029  86
589  86
1916  86
307  86
4005  86
260  86
1189  86
1345  86
2000  86
1374  86
2659  86
2076  86
80|20
7445  85
96691  85
84189  85
91630  85
49530  85
8950  85
6539  85
4223  85
5630  85
3527  85
76251  85
80363  85
52604  85
6502  85
34048  85
1221  85
60684  85
6952  85
5989  85
77561  85
81|26
10  83
32  83
47  83
110  83
150  83
153  83
161  83
165  83
208  83
231  83
288  83
296  83
316  83
318  83
329  83
344  83
356  83
364  83
367  83
377  83
380  83
457  83
480  83
588  83
589  83
592  83
82|20
6886  67
2381  67
2378  67
6566  67
368  67
6536  67
3253  67
4310  67
1608  67
1372  67
145  67
356  67
6708  67
1485  67
4369  67
6564  67
6888  67
5803  67
4015  67
364  67
83|20
56367  66
7143  66
7323  66
6539  66
161  66
586  66
2115  66
1270  66
6874  66
2324  66
1537  66
7153  66
68954  66
48774  66
30749  66
8014  66
1222  66
3753  66
1223  66
64983  66
84|20
55  74
987  74
912  74
1096  74
420  74
1227  74
113  74
580  74
5060  74
1293  74
900  74
1097  74
62  74
368  74
1305  74
1247  74
1296  74
11  74
1073  74
1094  74
85|7
1519  76
1624  76
1140  76
1694  76
1643  76
1747  76
1635  76
86|14
4993  79
4310  79
6947  79
2411  79
457  79
5418  79
3996  79
4901  79
1835  79
33794  79
1196  79
3555  79
1097  79
2687  79
87|5
4023  79
2009  79
3504  79
671  79
2139  79
88|12
7312  81
74795  81
4993  81
68157  81
5952  81
1193  81
223  81
8665  81
4262  81
56782  81
8677  81
58559  81
89|104
26645  69
32060  69
44851  69
53280  69
53578  69
67888  69
69211  69
81087  69
84246  69
103602  69
108078  69
109596  69
118894  69
121007  69
128089  69
128944  69
131098  69
131439  69
134847  69
140481  69
146684  69
148632  69
150554  69
164226  69
30793  69
169912  69
87869  69
1923  69
4015  69
950  69
173253  69
2324  69
27826  69
92259  69
11  69
3977  69
86298  69
8154  69
77688  69
2997  69
170837  69
49274  69
157775  69
1  69
142196  69
99117  69
62008  69
72624  69
108156  69
3752  69
2059  69
128520  69
3175  69
133879  69
48649  69
126088  69
5529  69
65588  69
99130  69
40962  69
1732  69
68659  69
91666  69
2683  69
3751  69
750  69
6650  69
149508  69
2395  69
51575  69
65230  69
171751  69
85881  69
139157  69
6863  69
4246  69
108949  69
1230  69
160567  69
73319  69
177185  69
130520  69
5220  69
121338  69
153386  69
50872  69
149566  69
145491  69
4890  69
129354  69
32243  69
84944  69
6402  69
1288  69
140133  69
119141  69
947  69
176621  69
4973  69
158398  69
69469  69
54503  69
141928  69
102481  69
90|11
1137  81
1144  81
581  81
81  81
892  81
1073  81
116  81
896  81
17  81
7  81
613  81
91|20
3013  68
6395  68
8147  68
7153  68
3360  68
2791  68
3897  68
1080  68
4850  68
3429  68
7000  68
2060  68
2916  68
1391  68
2100  68
318  68
2146  68
1225  68
1246  68
8501  68
92|5
2572  79
2114  79
1015  79
2454  79
1801  79
93|20
736  85
1917  85
552  85
1721  85
539  85
480  85
1372  85
368  85
2355  85
1923  85
2193  85
2006  85
339  85
1097  85
1591  85
260  85
2968  85
1676  85
593  85
558  85
94|12
231  60
377  60
367  60
364  60
288  60
19  60
10  60
586  60
590  60
380  60
589  60
318  60
95|20
18  82
4878  82
6979  82
4732  82
3019  82
5246  82
32  82
2952  82
1247  82
1198  82
5283  82
3361  82
1513  82
2009  82
539  82
122  82
1584  82
1240  82
4262  82
5349  82
96|16
527  77
1094  77
272  77
3819  77
150  77
2021  77
2571  77
1214  77
2058  77
1220  77
733  77
2340  77
1721  77
2396  77
367  77
1291  77
97|8
4701  83
4306  83
3578  83
4993  83
4963  83
4299  83
3981  83
4161  83
98|19
81845  80
8961  80
122912  80
5299  80
63992  80
187541  80
56152  80
134853  80
69644  80
6863  80
5618  80
56801  80
3499  80
134130  80
74789  80
82461  80
1258  80
88810  80
79132  80
99|11
318  78
161  78
420  78
592  78
196  78
122  78
145  78
150  78
316  78
236  78
588  78
100|20
497  79
296  79
1393  79
95  79
592  79
605  79
6059  79
28  79
2245  79
62  79
4308  79
1777  79
838  79
2125  79
1288  79
234  79
1197  79
2005  79
4014  79
4623  79
101|13
2580  72
3285  72
2723  72
2700  72
2908  72
2390  72
3175  72
2395  72
358  72
2702  72
3394  72
2997  72
2502  72
102|12
158  66
588  66
150  66
592  66
253  66
480  66
344  66
539  66
553  66
593  66
586  66
223  66
103|20
86014  78
1954  78
60040  78
1968  78
77206  78
2161  78
1732  78
81834  78
608  78
2384  78
4254  78
104  78
139642  78
56782  78
2096  78
101  78
6534  78
374  78
60069  78
30793  78
104|20
4740  70
743  70
5218  70
8643  70
1288  70
47997  70
468  70
76251  70
8533  70
4018  70
38038  70
1566  70
7361  70
6060  70
3034  70
1641  70
4641  70
108190  70
616  70
7034  70
105|20
4788  82
69685  82
95311  82
95313  82
110586  82
141816  82
141818  82
170597  82
172587  82
172793  82
173351  82
173535  82
6433  82
4974  82
70286  82
108981  82
95175  82
69122  82
1243  82
3916  82
106|7
69844  89
72998  89
59501  89
86880  89
5349  89
53125  89
59784  89
107|7
231  79
253  79
590  79
165  79
434  79
208  79
318  79
108|16
800  79
6022  79
4995  79
2585  79
5316  79
4975  79
3978  79
5349  79
2926  79
4246  79
4878  79
4994  79
1968  79
1684  79
497  79
5380  79
109|20
380  64
1033  64
231  64
364  64
589  64
480  64
62  64
31  64
587  64
1032  64
586  64
778  64
540  64
256  64
163  64
252  64
223  64
553  64
537  64
168  64
110|11
26171  74
2468  74
1198  74
1089  74
1222  74
1208  74
4881  74
47  74
527  74
1193  74
2428  74
111|20
100194  67
162602  67
171251  67
2145  67
96588  67
65088  67
66203  67
84772  67
2081  67
91529  67
6365  67
45666  67
3255  67
1282  67
6539  67
86833  67
122882  67
59143  67
86911  67
5283  67
112|13
788  75
161  75
1917  75
16  75
21  75
208  75
434  75
39  75
3717  75
19  75
110  75
32  75
70286  75
113|20
4083  72
39  72
3168  72
932  72
2331  72
3359  72
1086  72
3504  72
1339  72
904  72
3546  72
4063  72
4062  72
1077  72
1589  72
2475  72
3831  72
46  72
1733  72
4007  72
114|7
141718  67
54001  67
2291  67
167732  67
122886  67
8961  67
3147  67
115|20
1580  76
2804  76
1387  76
2792  76
3146  76
3273  76
3052  76
2841  76
2719  76
595  76
2700  76
383  76
2027  76
2148  76
2770  76
3785  76
2916  76
3175  76
588  76
1377  76
116|18
2716  68
858  68
1299  68
62383  68
1339  68
1276  68
597  68
1029  68
1101  68
2797  68
2657  68
1961  68
1407  68
5995  68
1704  68
165  68
2115  68
8360  68
117|20
708  67
587  67
589  67
151  67
36  67
1036  67
595  67
288  67
596  67
48  67
315  67
454  67
353  67
474  67
10  67
60  67
805  67
491  67
616  67
485  67
118|5
1221  75
1625  75
153  75
1961  75
1810  75
119|20
95441  83
117176  83
1092  83
91529  83
74458  83
4387  83
79132  83
168252  83
44022  83
78499  83
122904  83
106782  83
442  83
4993  83
31685  83
6365  83
141004  83
4148  83
88744  83
8644  83
120|5
260  67
32  67
5  67
631  67
52  67
121|12
497  66
440  66
161  66
527  66
292  66
344  66
186  66
316  66
1  66
19  66
163  66
337  66
122|20
27660  91
69784  91
7022  91
148652  91
4816  91
56174  91
94959  91
81591  91
71535  91
30810  91
2997  91
1732  91
108932  91
780  91
1090  91
3253  91
106782  91
72226  91
1200  91
1214  91
123|12
68554  80
115569  80
79132  80
109487  80
1196  80
4226  80
296  80
7153  80
143458  80
47  80
96829  80
2858  80
124|10
56145  80
2161  80
260  80
175  80
1358  80
6377  80
4226  80
3147  80
608  80
1223  80
125|20
5088  77
86721  77
110330  77
54503  77
72011  77
162578  77
119145  77
176371  77
55247  77
1240  77
86332  77
68157  77
112623  77
4082  77
160567  77
3342  77
109487  77
88140  77
98607  77
81562  77
126|8
364  67
349  67
231  67
380  67
410  67
300  67
253  67
457  67
127|5
2915  59
903  59
55276  59
5060  59
272  59
128|7
904  86
965  86
926  86
1066  86
1721  86
1080  86
1198  86
129|20
4370  78
480  78
3698  78
2692  78
2138  78
1968  78
8368  78
653  78
7143  78
316  78
6874  78
239  78
2916  78
733  78
4896  78
2028  78
3977  78
3000  78
1907  78
31658  78
130|6
208  69
316  69
292  69
110  69
590  69
296  69
131|14
2273  71
6947  71
58559  71
908  71
4878  71
89745  71
7256  71
68237  71
2722  71
2028  71
48516  71
3178  71
64614  71
969  71
132|20
6251  61
3275  61
4995  61
2987  61
7444  61
3262  61
4168  61
31658  61
44191  61
1089  61
3967  61
5502  61
50  61
58559  61
5992  61
2108  61
1844  61
2657  61
47  61
2470  61
133|7
454  60
356  60
589  60
150  60
153  60
380  60
527  60
134|7
442  71
595  71
349  71
380  71
367  71
509  71
296  71
135|20
592  72
4084  72
893  72
3994  72
2004  72
608  72
1358  72
3852  72
3489  72
1614  72
1198  72
4128  72
1883  72
2302  72
1291  72
410  72
1261  72
4022  72
4881  72
1077  72
136|20
161  67
193  67
585  67
338  67
277  67
380  67
181  67
337  67
437  67
165  67
611  67
151  67
340  67
252  67
432  67
552  67
350  67
280  67
273  67
150  67
137|20
6787  80
2716  80
1198  80
750  80
919  80
1270  80
318  80
150  80
2997  80
1200  80
6986  80
7153  80
1242  80
110  80
33493  80
1197  80
2959  80
1237  80
903  80
7762  80
138|5
2707  71
1960  71
1959  71
849  71
3996  71
139|20
4025  43
7445  43
60684  43
4865  43
68319  43
7090  43
5502  43
260  43
8371  43
53953  43
58025  43
106782  43
6957  43
7163  43
3827  43
3624  43
52722  43
54259  43
4367  43
115617  43
140|20
5699  70
5299  70
1393  70
356  70
609  70
32596  70
4795  70
34072  70
1617  70
5256  70
5943  70
1084  70
4337  70
3108  70
43396  70
4719  70
1005  70
4321  70
5812  70
4259  70
141|20
5418  71
54503  71
4963  71
2478  71
71535  71
317  71
68954  71
54286  71
6365  71
54272  71
4447  71
5502  71
6377  71
6373  71
1265  71
91529  71
2502  71
441  71
1517  71
48516  71
142|8
434  75
384  75
588  75
50  75
527  75
356  75
337  75
377  75
143|15
1721  67
61250  67
6942  67
7169  67
8533  67
106696  67
3421  67
87232  67
78316  67
69069  67
59421  67
2144  67
96821  67
7173  67
500  67
144|20
589  74
541  74
8368  74
597  74
590  74
410  74
1246  74
527  74
356  74
500  74
19  74
2700  74
434  74
733  74
780  74
1036  74
5377  74
552  74
586  74
2081  74
145|5
344  69
339  69
380  69
318  69
588  69
146|7
7293  60
3257  60
32  60
1367  60
3686  60
410  60
47610  60
147|5
1234  68
168  68
552  68
555  68
2395  68
148|10
88125  75
5618  75
108932  75
81847  75
72998  75
5816  75
8368  75
7153  75
81834  75
4993  75
149|12
1097  53
1374  53
1831  53
1527  53
260  53
173  53
1206  53
1200  53
2021  53
1580  53
1391  53
1375  53
150|6
3  72
1356  72
5  72
95  72
733  72
1073  72
151|12
786  71
562  71
780  71
837  71
747  71
1265  71
828  71
1073  71
1  71
648  71
1393  71
1359  71
152|13
50  80
2959  80
116897  80
89492  80
1193  80
69481  80
85774  80
115713  80
111  80
92259  80
1234  80
79132  80
318  80
153|20
134853  44
1732  44
8533  44
4014  44
81456  44
106782  44
8528  44
6863  44
87194  44
2617  44
1246  44
106100  44
1954  44
7458  44
4226  44
89904  44
72998  44
133780  44
586  44
36535  44
154|7
114662  87
119145  87
81834  87
122904  87
106072  87
76093  87
77561  87
155|10
153  73
3286  73
1200  73
260  73
141  73
2355  73
2384  73
2948  73
432  73
2959  73
156|20
26313  74
31038  74
1230  74
1711  74
3341  74
6296  74
762  74
2361  74
2076  74
4784  74
661  74
2926  74
8571  74
47  74
3176  74
58  74
848  74
866  74
1485  74
923  74
157|5
785  69
3617  69
2720  69
2770  69
527  69
158|6
1093  70
2605  70
2872  70
2723  70
2428  70
66320  70
159|20
2959  66
60069  66
45720  66
597  66
4022  66
89864  66
49286  66
140110  66
84954  66
4447  66
1197  66
68954  66
6942  66
1961  66
106696  66
480  66
539  66
166643  66
40819  66
63082  66
160|20
126  54
1371  54
1198  54
196  54
3408  54
5349  54
3213  54
2408  54
839  54
3593  54
2748  54
533  54
1975  54
1676  54
3745  54
2011  54
733  54
3826  54
778  54
2840  54
161|8
4980  75
7247  75
47610  75
1223  75
38038  75
3429  75
2144  75
2336  75
162|8
150  87
225  87
168  87
50  87
300  87
266  87
31  87
62  87
163|5
1608  60
1810  60
1747  60
1777  60
1837  60
164|8
1036  84
2916  84
110  84
589  84
3527  84
1101  84
1201  84
2167  84
165|13
2353  72
3624  72
110  72
5505  72
5527  72
3256  72
5956  72
5418  72
5530  72
5450  72
1127  72
3409  72
5881  72
166|20
33794  82
1721  82
4011  82
5378  82
3481  82
49530  82
2353  82
47644  82
54272  82
8961  82
1198  82
2542  82
1036  82
608  82
434  82
5219  82
5418  82
2396  82
349  82
2324  82
167|20
33493  69
4886  69
778  69
3052  69
7147  69
6857  69
45501  69
6480  69
1682  69
2231  69
784  69
33794  69
2083  69
2413  69
6333  69
8961  69
2139  69
150  69
6773  69
35836  69
168|19
3730  89
1248  89
1201  89
1089  89
296  89
923  89
1222  89
5291  89
3543  89
1302  89
3362  89
1148  89
3101  89
57669  89
2076  89
1729  89
908  89
85354  89
80463  89
169|20
3536  85
2028  85
364  85
953  85
4886  85
5400  85
8644  85
524  85
2795  85
1022  85
3114  85
3967  85
1517  85
1035  85
8641  85
6365  85
661  85
457  85
3287  85
1416  85
170|10
318  66
296  66
586  66
377  66
34  66
592  66
277  66
500  66
266  66
588  66
171|17
485  92
1220  92
1025  92
801  92
1259  92
1079  92
828  92
317  92
869  92
380  92
1136  92
1225  92
661  92
318  92
47  92
1198  92
1208  92
172|6
3087  74
3578  74
7438  74
2072  74
3793  74
2762  74
173|5
10  71
329  71
586  71
597  71
588  71
174|14
553  73
520  73
224  73
648  73
161  73
317  73
158  73
780  73
315  73
485  73
282  73
440  73
350  73
10  73
175|5
531  71
8911  71
43904  71
38388  71
8362  71
176|8
165  80
434  80
39  80
368  80
380  80
780  80
47  80
471  80
177|20
42002  68
91542  68
6332  68
3668  68
45672  68
783  68
27706  68
2657  68
114662  68
1206  68
83132  68
5218  68
508  68
3114  68
1321  68
2176  68
8798  68
88140  68
2012  68
339  68
178|16
7361  81
527  81
2329  81
5995  81
6502  81
4235  81
1198  81
208  81
6539  81
296  81
349  81
10  81
4226  81
1240  81
2579  81
318  81
179|14
367  75
589  75
161  75
231  75
288  75
743  75
1061  75
317  75
786  75
592  75
671  75
296  75
434  75
364  75
180|5
1261  72
260  72
1748  72
1242  72
2140  72
181|20
157  59
593  59
596  59
353  59
539  59
516  59
132  59
169  59
25  59
31  59
542  59
6  59
707  59
185  59
464  59
502  59
415  59
480  59
592  59
344  59
182|20
4879  70
6969  70
3911  70
2728  70
4313  70
8042  70
1291  70
3113  70
3578  70
1590  70
161  70
4452  70
224  70
4980  70
4262  70
2353  70
2890  70
1127  70
541  70
6041  70
183|12
480  76
380  76
1196  76
2951  76
2534  76
4085  76
1287  76
2194  76
3247  76
1233  76
2662  76
1408  76
184|20
158035  74
181413  74
193565  74
97304  74
74754  74
168250  74
191005  74
106072  74
166291  74
127152  74
86332  74
80463  74
5816  74
122898  74
81845  74
5810  74
170813  74
174479  74
112852  74
148626  74
185|10
1685  69
2396  69
5377  69
1721  69
5952  69
1393  69
595  69
2085  69
4995  69
899  69
186|20
2605  82
1214  82
1291  82
3745  82
1269  82
2527  82
2532  82
4361  82
1307  82
2968  82
4306  82
2541  82
1702  82
480  82
1097  82
3977  82
919  82
3527  82
593  82
1196  82
187|20
26122  76
3949  76
49272  76
231  76
1206  76
6874  76
1729  76
1209  76
48394  76
6502  76
2701  76
4027  76
288  76
2542  76
7153  76
39427  76
6890  76
1222  76
8949  76
1748  76
188|10
2346  89
1212  89
594  89
1282  89
3469  89
2396  89
1091  89
3341  89
1264  89
2206  89
189|5
48516  81
4993  81
79132  81
2959  81
58559  81
190|14
6711  78
4776  78
8784  78
4995  78
5630  78
4306  78
30749  78
1221  78
4975  78
8961  78
858  78
8464  78
69844  78
7438  78
191|17
496  74
21  74
72  74
175  74
494  74
417  74
17  74
6  74
85  74
292  74
314  74
58  74
235  74
213  74
161  74
160  74
162  74
192|5
356  80
288  80
316  80
349  80
432  80
193|7
44555  74
55442  74
4878  74
6016  74
307  74
1270  74
5618  74
194|5
163  69
1396  69
1500  69
1288  69
5060  69
195|20
3424  72
2770  72
1041  72
1653  72
1923  72
3160  72
4723  72
1863  72
2336  72
2166  72
4308  72
1909  72
260  72
2028  72
3252  72
2908  72
1392  72
1365  72
70  72
190  72
196|7
70286  77
3578  77
59315  77
58559  77
364  77
1214  77
110  77
197|7
1513  81
1240  81
1882  81
786  81
2167  81
153  81
1784  81
198|20
3894  70
3499  70
920  70
1213  70
3949  70
1994  70
1485  70
2572  70
4019  70
1089  70
110  70
593  70
4128  70
1270  70
4886  70
1079  70
2117  70
912  70
1573  70
1682  70
199|20
5464  68
2165  68
2280  68
736  68
5673  68
349  68
5502  68
482  68
8532  68
1172  68
300  68
50068  68
4881  68
3175  68
7445  68
2973  68
34338  68
41997  68
1956  68
377  68
200|20
3809  77
7022  77
50802  77
3968  77
2485  77
500  77
5610  77
590  77
1029  77
53996  77
2572  77
4993  77
4041  77
57640  77
1302  77
1784  77
6383  77
1653  77
1569  77
1517  77
201|20
1748  82
1527  82
1584  82
2858  82
339  82
589  82
2717  82
994  82
788  82
1196  82
2797  82
733  82
1259  82
2174  82
1198  82
2455  82
1569  82
1213  82
160  82
24  82
202|20
3329  76
924  76
29  76
2289  76
1197  76
1196  76
2966  76
161  76
608  76
1209  76
1296  76
3194  76
1784  76
469  76
923  76
2000  76
1587  76
1719  76
3147  76
32  76
203|9
56174  77
8665  77
2407  77
5952  77
590  77
49272  77
40815  77
333  77
296  77
204|17
1136  80
3949  80
33794  80
48394  80
27075  80
1080  80
79008  80
6104  80
8874  80
81591  80
4878  80
91658  80
711  80
2313  80
86320  80
55820  80
5218  80
205|6
912  79
99114  79
91542  79
5816  79
95167  79
96079  79
206|5
36  80
608  80
733  80
140  80
141  80
207|5
2991  53
2428  53
2707  53
3740  53
100  53
208|6
1210  66
2628  66
380  66
2353  66
2278  66
2762  66
209|7
60684  85
1291  85
68157  85
74458  85
185029  85
122886  85
88125  85
210|20
123553  83
34405  83
166203  83
3147  83
31696  83
7649  83
58559  83
2105  83
6365  83
34397  83
4625  83
84772  83
122926  83
76093  83
62836  83
33493  83
1584  83
47610  83
108932  83
122918  83
211|18
58559  78
63113  78
90405  78
57669  78
60684  78
7153  78
73017  78
2105  78
4367  78
356  78
2642  78
1556  78
318  78
44665  78
85414  78
1198  78
1136  78
260  78
212|20
170697  72
122920  72
122892  72
2571  72
5218  72
48394  72
3578  72
1196  72
135143  72
74795  72
179401  72
79132  72
77800  72
108932  72
110102  72
96821  72
8874  72
65261  72
59784  72
2291  72
213|17
3285  78
87520  78
80363  78
76251  78
8957  78
2860  78
1234  78
5419  78
51935  78
69844  78
39446  78
4132  78
858  78
69526  78
4558  78
49530  78
58559  78
214|5
83  56
628  56
743  56
1363  56
802  56
215|20
1172  77
4973  77
63082  77
1291  77
2028  77
3252  77
3210  77
1968  77
1247  77
49272  77
1089  77
72407  77
5650  77
318  77
1208  77
2000  77
1197  77
1196  77
1297  77
4019  77
216|20
104  74
21  74
3996  74
3946  74
2946  74
3993  74
3897  74
2599  74
34  74
3994  74
4034  74
3363  74
1965  74
3422  74
3555  74
3253  74
2087  74
3986  74
2018  74
1923  74
217|20
1867  55
3434  55
1275  55
2468  55
3197  55
1912  55
2302  55
1876  55
380  55
1221  55
2471  55
1918  55
1385  55
3165  55
1590  55
1562  55
1703  55
2056  55
1831  55
160  55
218|6
2657  68
2692  68
1380  68
1198  68
6934  68
5349  68
219|20
60072  63
2115  63
59315  63
6539  63
442  63
30707  63
1704  63
180  63
1219  63
1005  63
27773  63
56156  63
6188  63
6721  63
30825  63
2997  63
1552  63
1500  63
2890  63
1921  63
220|20
3996  80
733  80
1198  80
3994  80
6539  80
1258  80
1917  80
4545  80
33794  80
165  80
71264  80
4623  80
53464  80
5218  80
6365  80
3751  80
32  80
1036  80
5502  80
1591  80
221|20
4338  82
7013  82
8529  82
1080  82
3246  82
2871  82
1208  82
7063  82
2702  82
4029  82
5954  82
2352  82
922  82
2997  82
1278  82
2858  82
1212  82
1959  82
1961  82
3671  82
222|20
81831  63
100498  63
48516  63
1249  63
99813  63
91529  63
59900  63
93287  63
1721  63
2706  63
3273  63
2411  63
64622  63
7143  63
87869  63
778  63
30825  63
42011  63
673  63
64839  63
223|15
55854  65
6711  65
1  65
736  65
1961  65
457  65
2716  65
48394  65
608  65
8784  65
48516  65
3863  65
4306  65
260  65
2683  65
224|11
3496  82
3044  82
356  82
2915  82
289  82
3668  82
1270  82
2797  82
1721  82
2716  82
1259  82
225|15
2423  73
1285  73
588  73
1717  73
2791  73
1321  73
1136  73
1197  73
1753  73
2004  73
2371  73
1407  73
785  73
1060  73
3024  73
226|20
6938  69
32666  69
3552  69
542  69
1240  69
3098  69
2804  69
3668  69
3653  69
2231  69
145  69
2253  69
3052  69
2628  69
762  69
53129  69
4816  69
16  69
2144  69
46948  69
227|19
46976  84
52319  84
81845  84
109487  84
134130  84
215  84
48738  84
47099  84
1196  84
32587  84
912  84
55721  84
1682  84
750  84
778  84
40629  84
97913  84
70286  84
150  84
228|5
2571  75
1373  75
362  75
318  75
3113  75
229|13
34  75
589  75
377  75
45  75
587  75
5  75
475  75
442  75
597  75
364  75
213  75
110  75
527  75
230|20
34330  59
52715  59
47  59
7438  59
527  59
3147  59
45499  59
6537  59
2291  59
1387  59
6863  59
1485  59
595  59
4022  59
2096  59
588  59
4034  59
1676  59
8644  59
2641  59
231|5
92259  79
858  79
593  79
1198  79
109487  79
232|20
31867  65
41769  65
57526  65
70336  65
8644  65
1586  65
44972  65
4019  65
43928  65
30883  65
65802  65
8376  65
39292  65
1035  65
66198  65
66097  65
32011  65
6564  65
7451  65
33164  65
233|20
48394  66
3751  66
48516  66
1721  66
356  66
106100  66
162600  66
608  66
7153  66
134214  66
57669  66
122920  66
2329  66
4239  66
7371  66
3977  66
3147  66
3948  66
49272  66
5418  66
234|20
2616  69
2140  69
172  69
126  69
1562  69
4519  69
153  69
2710  69
3624  69
3483  69
1391  69
438  69
1460  69
2987  69
65  69
260  69
1359  69
3175  69
588  69
2080  69
235|13
480  71
736  71
500  71
454  71
592  71
235  71
595  71
32  71
527  71
648  71
223  71
588  71
377  71
236|30
1214  83
1278  83
1345  83
1350  83
1387  83
1388  83
1982  83
1997  83
1998  83
2447  83
2459  83
2490  83
2496  83
2502  83
2505  83
2542  83
2572  83
2580  83
2596  83
2598  83
2606  83
2657  83
2683  83
2694  83
2718  83
2770  83
2806  83
2858  83
3024  83
3052  83
237|10
32  66
4254  66
94959  66
293  66
1371  66
1193  66
7361  66
7980  66
43936  66
1374  66
238|9
4954  74
3528  74
4265  74
4901  74
4238  74
593  74
4499  74
4957  74
1193  74
239|20
58559  81
5459  81
4085  81
380  81
95  81
7445  81
608  81
7147  81
6378  81
2115  81
4896  81
36529  81
3994  81
33679  81
47  81
590  81
4022  81
208  81
733  81
51662  81
240|20
368  77
543  77
480  77
367  77
810  77
500  77
546  77
110  77
173  77
1  77
542  77
104  77
34  77
174  77
204  77
225  77
383  77
262  77
434  77
420  77
241|16
81786  79
71899  79
527  79
1206  79
1193  79
99114  79
100714  79
8981  79
53123  79
116897  79
56367  79
3910  79
106782  79
115569  79
4235  79
48780  79
242|7
39  72
380  72
231  72
457  72
592  72
454  72
111  72
243|8
112  84
353  84
62  84
588  84
193  84
586  84
181  84
376  84
244|19
3090  75
1049  75
110  75
257  75
165  75
151  75
1090  75
3755  75
2278  75
648  75
1580  75
1957  75
1610  75
1196  75
3256  75
1573  75
1242  75
3753  75
2243  75
245|5
3196  52
2739  52
3114  52
3274  52
1361  52
246|20
1304  85
616  85
1680  85
6016  85
3081  85
44191  85
60684  85
4973  85
1732  85
1298  85
53125  85
2291  85
2692  85
293  85
4011  85
5013  85
60069  85
48082  85
82202  85
95167  85
247|20
48516  75
593  75
2858  75
49272  75
1961  75
44191  75
527  75
116797  75
68358  75
122886  75
480  75
223  75
1265  75
2078  75
1198  75
1682  75
6377  75
1089  75
953  75
919  75
248|11
4886  76
1198  76
166528  76
176371  76
316  76
147374  76
102903  76
189333  76
122912  76
58559  76
5218  76
249|20
110350  74
102903  74
2167  74
94959  74
84601  74
2395  74
97306  74
3408  74
89047  74
91500  74
91542  74
40815  74
69844  74
904  74
46723  74
3826  74
68791  74
88812  74
67695  74
50  74
250|6
1282  82
2407  82
318  82
1597  82
1246  82
8880  82
251|5
142115  97
293  97
356  97
318  97
1089  97
252|8
164179  84
89745  84
6377  84
164909  84
1682  84
166643  84
143355  84
78499  84
253|10
44555  88
916  88
608  88
2300  88
7099  88
4217  88
26366  88
1192  88
4642  88
3363  88
254|20
46578  80
44195  80
207  80
49278  80
6333  80
780  80
110  80
1210  80
49272  80
27846  80
32587  80
2571  80
44929  80
47  80
293  80
1580  80
5995  80
32  80
592  80
48394  80
255|9
1270  53
4467  53
2023  53
3501  53
1663  53
1394  53
3392  53
2542  53
2915  53
256|20
3247  79
88744  79
377  79
4973  79
53972  79
118696  79
95441  79
104841  79
71535  79
2953  79
81229  79
53121  79
30707  79
2571  79
68791  79
170  79
6942  79
90405  79
6537  79
33493  79
257|5
1500  67
594  67
2502  67
494  67
2406  67
258|5
4995  84
7147  84
72641  84
76093  84
47099  84
259|6
508  61
5945  61
1784  61
4886  61
1356  61
1584  61
260|20
7361  75
3556  75
162  75
903  75
5690  75
6337  75
4878  75
5617  75
342  75
5219  75
2997  75
8011  75
1206  75
3317  75
6709  75
8874  75
2348  75
3822  75
2959  75
8645  75
261|11
3897  76
16  76
2060  76
296  76
2723  76
1682  76
4085  76
2194  76
7361  76
4238  76
58559  76
262|12
708  63
539  63
457  63
322  63
339  63
85  63
26  63
17  63
213  63
273  63
593  63
728  63
263|20
223  74
150  74
500  74
2987  74
2953  74
110  74
4226  74
8370  74
1197  74
7458  74
708  74
1111  74
2125  74
6942  74
5013  74
163  74
457  74
8636  74
1967  74
2085  74
264|12
7841  73
1376  73
151  73
5816  73
1907  73
1320  73
1917  73
150  73
3578  73
1090  73
253  73
1876  73
265|20
3807  66
316  66
253  66
1302  66
724  66
1240  66
3504  66
230  66
3831  66
1956  66
3098  66
529  66
1270  66
3791  66
1177  66
2322  66
1488  66
2474  66
1198  66
1962  66
266|20
476  71
2812  71
2700  71
2278  71
24  71
2770  71
2702  71
64  71
1405  71
2580  71
1527  71
2167  71
457  71
1580  71
2300  71
1923  71
2094  71
132  71
2571  71
2097  71
267|12
2858  84
593  84
1175  84
3006  84
1302  84
3999  84
3113  84
1093  84
589  84
2571  84
923  84
3996  84
268|20
1641  66
587  66
1125  66
1911  66
2802  66
1036  66
1370  66
50  66
2064  66
1784  66
1912  66
1966  66
454  66
1234  66
2247  66
1394  66
2829  66
802  66
260  66
2858  66
269|6
724  72
743  72
95  72
1  72
63  72
648  72
270|8
661  61
62  61
79  61
628  61
14  61
1356  61
141  61
25  61
271|9
3897  62
32  62
2791  62
969  62
6787  62
2858  62
55765  62
1320  62
2288  62
272|7
177765  73
1240  73
51662  73
122922  73
49272  73
158238  73
6365  73
273|11
440  80
593  80
500  80
608  80
223  80
111  80
150  80
21  80
466  80
235  80
520  80
274|20
50147  65
2947  65
3037  65
1645  65
4951  65
2036  65
1359  65
35957  65
553  65
76293  65
3918  65
1503  65
45431  65
4816  65
54999  65
5667  65
4876  65
56805  65
1921  65
54004  65
275|20
1784  82
2289  82
5884  82
1171  82
357  82
1912  82
2539  82
235  82
4886  82
2572  82
2355  82
3253  82
1192  82
926  82
111  82
2100  82
3089  82
1393  82
1719  82
1392  82
276|9
673  88
356  88
466  88
104  88
631  88
648  88
2  88
1367  88
344  88
277|6
637  71
736  71
656  71
1  71
780  71
260  71
278|5
2371  80
1347  80
4002  80
318  80
2369  80
279|20
134130  73
1101  73
166528  73
90405  73
61132  73
79132  73
56782  73
97913  73
1608  73
4226  73
59315  73
88129  73
54286  73
1258  73
8665  73
58559  73
4993  73
8376  73
107406  73
1200  73
280|20
92535  78
344  78
262  78
3146  78
4239  78
4447  78
8638  78
919  78
72641  78
86817  78
8368  78
49530  78
6863  78
35836  78
55052  78
54503  78
4246  78
48516  78
1911  78
3916  78
281|5
46578  62
8361  62
35836  62
3897  62
3861  62
282|20
5995  82
3977  82
3263  82
25  82
6708  82
2683  82
4718  82
6711  82
5481  82
6863  82
5669  82
3752  82
588  82
80463  82
1921  82
1193  82
4369  82
48322  82
1194  82
784  82
283|7
1580  66
39  66
1704  66
356  66
586  66
2082  66
805  66
284|18
474  74
173  74
2  74
296  74
15  74
348  74
248  74
318  74
47  74
353  74
275  74
44  74
339  74
367  74
276  74
165  74
637  74
235  74
285|8
1193  79
949  79
1247  79
6978  79
113207  79
4447  79
441  79
296  79
286|20
454  74
778  74
5989  74
1333  74
165  74
500  74
7438  74
2294  74
4993  74
4995  74
7361  74
70  74
4980  74
1258  74
4963  74
1097  74
4848  74
539  74
377  74
110  74
287|20
3160  53
3578  53
223  53
2633  53
1059  53
586  53
3005  53
532  53
1193  53
2599  53
2028  53
1485  53
3826  53
2081  53
8949  53
2012  53
101  53
4034  53
2422  53
2115  53
288|20
4473  63
4966  63
1008  63
2867  63
42015  63
141  63
2571  63
13  63
53519  63
2407  63
5418  63
3916  63
2347  63
2528  63
30810  63
575  63
32587  63
587  63
2517  63
8361  63
289|24
3  83
16  83
235  83
266  83
594  83
708  83
750  83
1080  83
1101  83
1208  83
1220  83
1258  83
1917  83
2012  83
2174  83
2710  83
2797  83
4322  83
6125  76
6327  83
6453  76
7025  83
7028  83
26704  83
290|20
1228  83
1299  83
2494  83
2739  83
608  83
2130  83
908  83
341  83
1447  83
342  83
1056  83
1719  83
953  83
928  83
1394  83
2648  83
475  83
2731  83
1357  83
2385  83
291|7
40815  88
122892  88
106489  88
134853  88
7153  88
88125  88
1  88
292|20
520  66
103339  66
122900  66
4896  66
2291  66
474  66
85056  66
46972  66
95167  66
164909  66
3176  66
3476  66
1608  66
31221  66
1101  66
3985  66
3984  66
1017  66
69844  66
231  66
293|5
1682  50
1673  50
344  50
1617  50
1097  50
294|20
416  52
3869  52
1064  52
2794  52
610  52
2133  52
1391  52
3868  52
1129  52
520  52
3387  52
355  52
2378  52
3693  52
785  52
2193  52
2367  52
2458  52
348  52
3501  52
295|9
1221  74
3198  74
1287  74
1213  74
4351  74
1198  74
858  74
318  74
2329  74
296|6
160848  80
2028  80
169034  80
4144  80
50  80
2324  80
297|15
832  49
543  49
1645  49
111  49
454  49
1089  49
6  49
1249  49
1047  49
1370  49
1488  49
150  49
170  49
1092  49
866  49
298|20
57640  47
95510  47
6811  47
8370  47
8807  47
63131  47
6881  47
3785  47
122900  47
103042  47
6294  47
2167  47
2005  47
6006  47
653  47
55995  47
3018  47
69757  47
103772  47
3825  47
299|5
3793  74
1387  74
188  74
1198  74
1214  74
300|32
318  83
356  83
527  83
593  83
1172  83
1704  83
2028  83
2324  83
2329  83
2571  83
2762  83
2858  83
2959  83
4848  83
4973  83
5995  83
6016  83
6711  83
7361  83
8950  83
48394  83
56174  83
63082  83
79132  83
81591  83
92259  83
99114  83
109487  83
112183  83
112290  83
112552  83
112556  83
301|20
21  68
357  68
2490  68
6711  68
589  68
8949  68
837  68
3948  68
364  68
527  68
5989  68
4963  68
608  68
292  68
3578  68
3897  68
4226  68
3753  68
1393  68
1792  68
302|7
480  80
14  80
3  80
25  80
648  80
707  80
110  80
303|11
5378  77
3703  77
1127  77
5544  77
1196  77
3471  77
1580  77
1394  77
2683  77
920  77
1358  77
304|20
314  77
2571  77
2433  77
10  77
1376  77
480  77
1373  77
1777  77
1270  77
1517  77
151  77
356  77
208  77
474  77
1214  77
1375  77
640  77
1722  77
185  77
2701  77
305|20
74624  78
140627  78
87869  78
919  78
1197  78
106100  78
138210  78
788  78
7482  78
80590  78
103075  78
903  78
6537  78
93840  78
54736  78
592  78
2288  78
58803  78
55276  78
1272  78
306|20
5784  65
68954  65
69644  65
6377  65
95543  65
81847  65
111743  65
85367  65
168418  65
167018  65
72998  65
122904  65
69406  65
85788  65
4963  65
115664  65
134368  65
112852  65
161634  65
133419  65
307|20
2190  54
4181  54
31424  54
49314  54
5010  54
7845  54
3392  54
1220  54
6793  54
6483  54
2332  54
56003  54
1991  54
3273  54
4876  54
3421  54
1409  54
413  54
4447  54
52867  54
308|20
2959  48
45517  48
96821  48
72998  48
318  48
2  48
904  48
589  48
8961  48
56152  48
56367  48
5618  48
36  48
410  48
79132  48
4993  48
8464  48
1221  48
2248  48
6  48
309|20
2202  77
1645  77
898  77
1682  77
296  77
1089  77
1269  77
7153  77
6947  77
8340  77
1104  77
7218  77
25886  77
1219  77
8154  77
971  77
1944  77
6365  77
1262  77
2762  77
310|13
6863  72
6947  72
1101  72
6503  72
2524  72
2457  72
5899  72
733  72
246  72
3254  72
1223  72
1080  72
2671  72
311|6
6561  45
5992  45
1517  45
6461  45
1407  45
2706  45
312|20
5816  74
1375  74
3499  74
589  74
2454  74
1358  74
4878  74
4103  74
3793  74
2028  74
1371  74
4121  74
2366  74
2747  74
4105  74
5446  74
2699  74
2529  74
1350  74
1356  74
313|20
4980  68
170  68
3917  68
2455  68
5544  68
541  68
2193  68
2000  68
6  68
1968  68
1089  68
1301  68
1240  68
3175  68
4865  68
2005  68
2167  68
1375  68
2087  68
2530  68
314|20
7  61
1042  61
44  61
165  61
457  61
293  61
597  61
329  61
442  61
26  61
830  61
728  61
618  61
107  61
536  61
10  61
1376  61
153  61
208  61
150  61
315|7
1262  66
2729  66
2529  66
2067  66
2553  66
909  66
902  66
316|11
1748  60
253  60
3968  60
158  60
5445  60
3751  60
7438  60
6874  60
48  60
3882  60
2572  60
317|20
133115  75
73321  75
91529  75
74545  75
7445  75
1213  75
48774  75
4262  75
1884  75
5989  75
3578  75
4011  75
68358  75
1208  75
72011  75
3897  75
3499  75
96829  75
116797  75
56782  75
318|20
26713  75
81191  75
90245  75
111817  75
127180  75
145080  75
150696  75
7445  75
1090  75
116799  75
82459  75
48385  75
2294  75
64839  75
88125  75
109487  75
4021  75
33794  75
54286  75
89753  75
319|7
115617  90
6377  90
356  90
136864  90
1221  90
122904  90
110  90
320|5
72998  68
71535  68
31184  68
59315  68
1013  68
321|12
587  72
356  72
160  72
592  72
597  72
780  72
339  72
355  72
410  72
3  72
500  72
457  72
322|20
2882  69
1968  69
2542  69
58559  69
2788  69
2146  69
2617  69
2918  69
778  69
2599  69
4027  69
4993  69
1230  69
51540  69
1  69
1617  69
1923  69
4010  69
11  69
1035  69
323|20
377  61
480  61
356  61
1094  61
161  61
115569  61
1198  61
29  61
551  61
22  61
318  61
112183  61
253  61
111659  61
3257  61
260  61
150  61
329  61
342  61
266  61
324|5
2764  59
3972  59
3864  59
3949  59
3897  59
325|20
2848  71
235  71
2986  71
262  71
1573  71
2596  71
1584  71
1217  71
1676  71
4714  71
3770  71
3261  71
2894  71
2155  71
1279  71
1614  71
3994  71
2268  71
2915  71
5008  71
326|20
8665  80
47610  80
20  80
2858  80
86882  80
5418  80
4973  80
133771  80
48774  80
2324  80
1293  80
2692  80
72605  80
70159  80
54286  80
5446  80
6591  80
4226  80
105844  80
31410  80
327|10
3301  82
150  82
858  82
1923  82
51255  82
48516  82
1304  82
765  82
6888  82
2706  82
328|20
2687  64
112852  64
70286  64
1196  64
457  64
364  64
80463  64
3489  64
318  64
595  64
5349  64
2542  64
1219  64
35836  64
3751  64
79091  64
7153  64
596  64
2398  64
1148  64
329|5
130482  52
136850  52
858  52
1884  52
750  52
330|20
5378  73
316  73
1639  73
2918  73
919  73
3949  73
3535  73
5349  73
380  73
1676  73
2502  73
3703  73
1682  73
2683  73
1206  73
1721  73
2791  73
2081  73
8874  73
592  73
331|20
8874  73
6157  73
88125  73
6539  73
3897  73
4446  73
7361  73
50872  73
4995  73
4306  73
6874  73
5502  73
3911  73
608  73
4447  73
593  73
3751  73
8665  73
4367  73
2959  73
332|20
47  72
1653  72
1258  72
316  72
8983  72
431  72
97757  72
2291  72
1835  72
356  72
5502  72
4308  72
1203  72
1682  72
1249  72
76251  72
2905  72
318  72
2294  72
32  72
333|5
3785  54
3752  54
3616  54
3615  54
3646  54
334|20
55820  68
1196  68
1580  68
1291  68
3996  68
589  68
30810  68
4027  68
1  68
64957  68
1625  68
50601  68
44195  68
27416  68
6867  68
2997  68
293  68
480  68
5378  68
51935  68
335|6
780  72
592  72
356  72
296  72
2699  72
2001  72
336|12
1267  87
1  87
38798  87
33660  87
1784  87
2001  87
2268  87
293  87
1625  87
4886  87
50  87
150  87
337|16
318  84
47  84
16  84
805  84
1393  84
266  84
667  84
168  84
784  84
65  84
110  84
708  84
25  84
1356  84
277  84
786  84
338|8
189111  64
190207  64
190215  64
190219  64
7153  64
593  64
187541  64
185029  64
339|20
72641  81
5445  81
84152  81
96079  81
106072  81
69122  81
5617  81
41285  81
56869  81
48322  81
65216  81
91630  81
86504  81
91529  81
83613  81
4993  81
3470  81
102407  81
2028  81
5952  81
340|28
10  83
110  83
150  83
153  83
161  83
165  83
185  83
208  83
253  83
288  83
292  83
296  83
316  83
318  83
329  83
344  83
349  83
356  83
454  83
457  83
480  83
589  83
590  83
592  83
595  83
648  83
780  83
1356  83
341|11
2335  75
3624  75
130087  75
1370  75
135137  75
117529  75
5459  75
45672  75
1  75
47099  75
4025  75
342|14
2683  58
2598  58
2881  58
2369  58
1268  58
2605  58
2599  58
1198  58
3157  58
3826  58
2428  58
2827  58
3863  58
1959  58
343|12
858  82
3000  82
48394  82
4226  82
4878  82
3993  82
2571  82
1617  82
31658  82
55363  82
55820  82
296  82
344|14
111362  75
380  75
316  75
2628  75
4226  75
2571  75
4014  75
2012  75
4034  75
260  75
2541  75
4973  75
5418  75
2712  75
345|13
1019  78
2539  78
926  78
5902  78
8810  78
344  78
5707  78
2366  78
56949  78
3649  78
6658  78
3489  78
412  78
346|20
3174  74
778  74
608  74
6711  74
6286  74
306  74
7323  74
307  74
3535  74
1212  74
357  74
3949  74
714  74
7937  74
7396  74
5878  74
1120  74
1131  74
3627  74
7115  74
347|9
434  71
590  71
39  71
150  71
454  71
380  71
587  71
317  71
457  71
348|11
318  93
2324  93
4368  93
1213  93
6016  93
2959  93
6893  93
4973  93
1221  93
1960  93
2019  93
349|8
10  75
161  75
589  75
381  75
349  75
231  75
588  75
509  75
350|8
852  66
7  66
637  66
648  66
733  66
12  66
858  66
661  66
351|20
88932  73
87222  73
73344  73
52579  73
2231  73
88744  73
43836  73
79132  73
597  73
58559  73
12  73
8914  73
8950  73
63082  73
6214  73
90376  73
84152  73
480  73
4878  73
1193  73
352|20
72998  76
71745  76
1801  76
34319  76
2600  76
65682  76
1080  76
79695  76
110730  76
38038  76
130490  76
97752  76
1214  76
94864  76
41566  76
56587  76
44191  76
114935  76
59315  76
47610  76
353|18
552  69
25  69
267  69
216  69
367  69
288  69
144  69
186  69
333  69
266  69
112  69
198  69
234  69
145  69
293  69
158  69
163  69
296  69
354|20
1610  74
4306  74
2692  74
3147  74
47  74
903  74
733  74
3977  74
1225  74
35836  74
648  74
44191  74
8665  74
1917  74
7147  74
1923  74
589  74
2959  74
4718  74
1196  74
355|6
316  79
1580  79
3035  79
3175  79
317  79
916  79
356|20
2248  80
52435  80
52975  80
7122  80
44889  80
1641  80
2706  80
4011  80
802  80
7323  80
2502  80
56367  80
1223  80
55118  80
3949  80
3996  80
1246  80
1466  80
223  80
7153  80
357|20
4354  79
8998  79
27329  79
2804  79
595  79
529  79
4663  79
4091  79
1224  79
1242  79
34  79
208  79
58559  79
6296  79
30793  79
1042  79
2100  79
551  79
471  79
2067  79
358|9
26095  65
605  65
5066  65
52328  65
2226  65
42728  65
7361  65
69844  65
36525  65
359|15
405  68
1092  68
1101  68
51412  68
648  68
296  68
1097  68
2396  68
2424  68
593  68
2701  68
2942  68
1682  68
2530  68
4995  68
360|5
1422  65
1620  65
1488  65
1711  65
1414  65
361|20
47099  63
1580  63
377  63
1552  63
49272  63
1263  63
53125  63
589  63
49822  63
8360  63
318  63
2529  63
5218  63
6188  63
2422  63
3082  63
1732  63
1370  63
46972  63
7458  63
362|20
1945  85
592  85
6539  85
51540  85
5989  85
637  85
70  85
7153  85
1252  85
44665  85
407  85
6874  85
2959  85
1196  85
1208  85
8961  85
48516  85
7438  85
356  85
1201  85
363|6
1552  64
1732  64
1517  64
296  64
653  64
318  64
364|5
858  84
9  84
783  84
376  84
1  84
365|20
59315  55
81229  55
128975  55
6874  55
90345  55
158872  55
129354  55
103075  55
135536  55
70286  55
112852  55
76077  55
112818  55
1777  55
6502  55
155820  55
541  55
95720  55
93270  55
135569  55
366|7
116797  80
59315  80
33794  80
91529  80
2028  80
122882  80
7438  80
367|20
926  78
3061  78
1270  78
1287  78
486  78
3536  78
3824  78
2384  78
3072  78
898  78
3618  78
3225  78
2248  78
3157  78
3969  78
3717  78
1259  78
4023  78
1196  78
1258  78
368|20
3753  57
2112  57
1944  57
2986  57
3869  57
1214  57
2947  57
415  57
3035  57
832  57
50  57
2819  57
1801  57
2490  57
1917  57
1391  57
2193  57
225  57
161  57
2881  57
369|20
1256  68
785  68
47  68
2706  68
839  68
377  68
52973  68
743  68
4214  68
5418  68
3863  68
1372  68
27904  68
60069  68
2857  68
1967  68
150  68
2011  68
1580  68
3174  68
370|19
4011  72
4878  72
8961  72
6377  72
2628  72
1748  72
2116  72
589  72
2329  72
7438  72
3977  72
1676  72
593  72
4973  72
4226  72
1240  72
1089  72
8636  72
2716  72
371|9
2571  90
112512  90
1258  90
4090  90
56715  90
3000  90
4226  90
4993  90
1748  90
372|20
335  67
924  67
318  67
1603  67
1479  67
589  67
81  67
387  67
616  67
337  67
1220  67
1201  67
165  67
1243  67
1258  67
377  67
1401  67
450  67
1206  67
1306  67
373|20
216  63
60  63
169  63
350  63
585  63
44  63
371  63
163  63
616  63
198  63
265  63
25  63
6  63
733  63
47  63
2  63
736  63
305  63
357  63
141  63
374|7
296  73
208  73
1219  73
480  73
592  73
1258  73
1339  73
375|7
344  77
1027  77
32  77
2628  77
3256  77
4226  77
500  77
376|20
91535  82
2002  82
1214  82
1101  82
2916  82
33794  82
1198  82
349  82
1371  82
376  82
1240  82
1375  82
4993  82
858  82
457  82
4226  82
5952  82
344  82
2763  82
2797  82
377|20
4942  78
2793  78
1262  78
2791  78
748  78
1345  78
5027  78
5113  78
27692  78
3421  78
6021  78
3364  78
2072  78
8641  78
2163  78
92760  78
2858  78
1503  78
2124  78
2015  78
378|10
33794  80
7153  80
48516  80
3114  80
858  80
68954  80
91529  80
71535  80
90600  80
364  80
379|8
318  71
377  71
19  71
292  71
480  71
367  71
597  71
344  71
380|20
60818  74
172875  74
172881  74
172887  74
355  74
6979  74
5476  74
2735  74
68194  74
63433  74
72356  74
105731  74
1833  74
551  74
6731  74
27831  74
1665  74
393  74
140956  74
2791  74
381|20
2085  71
1088  71
3253  71
185  71
317  71
27808  71
1240  71
19  71
3753  71
4321  71
72011  71
3082  71
333  71
2140  71
1385  71
2273  71
1208  71
457  71
104  71
2716  71
382|20
1204  70
142372  70
135532  70
1201  70
112171  70
1198  70
912  70
81847  70
4638  70
63540  70
1681  70
170289  70
103042  70
72737  70
2496  70
357  70
81537  70
59501  70
101362  70
4890  70
383|7
2436  75
2541  75
2496  75
1584  75
2558  75
1246  75
903  75
384|14
3527  62
1388  62
2683  62
2502  62
4333  62
3098  62
4396  62
457  62
358  62
968  62
2724  62
296  62
3991  62
1204  62
385|20
736  68
1080  68
249  68
1219  68
1036  68
1136  68
282  68
1073  68
1200  68
1228  68
1022  68
1007  68
1201  68
1246  68
344  68
589  68
1023  68
1287  68
594  68
1303  68
386|14
110  55
410  55
112  55
165  55
223  55
648  55
185  55
608  55
485  55
305  55
44  55
585  55
349  55
10  55
387|20
4393  65
5156  65
5780  65
7336  65
26124  65
40966  65
2712  65
5062  65
1247  65
5489  65
4195  65
7132  65
2946  65
1387  65
3000  65
51939  65
4995  65
912  65
7938  65
1783  65
388|6
6158  70
63239  70
33615  70
86298  70
62999  70
8360  70
389|7
17  84
140  84
628  84
762  84
743  84
95  84
32  84
390|17
6344  75
64957  75
4239  75
5220  75
1193  75
2571  75
9010  75
2291  75
5296  75
4226  75
7254  75
6377  75
63062  75
1206  75
2329  75
4014  75
1784  75
391|20
5575  75
500  75
3994  75
1213  75
516  75
199  75
4027  75
150  75
1408  75
4014  75
1527  75
1059  75
2916  75
4973  75
357  75
555  75
5026  75
4936  75
1210  75
3067  75
392|5
3004  67
2858  67
707  67
1198  67
1125  67
393|20
91658  75
102125  75
48394  75
36517  75
8636  75
110102  75
44199  75
5388  75
54259  75
4848  75
5669  75
1291  75
68848  75
86190  75
2571  75
1206  75
122892  75
106642  75
1625  75
106489  75
394|5
588  60
316  60
344  60
225  60
457  60
395|13
329  60
1025  60
296  60
160  60
208  60
173  60
485  60
355  60
520  60
595  60
126  60
48  60
367  60
396|6
1276  67
1597  67
1777  67
44  67
204  67
2081  67
397|5
4017  78
8645  78
1701  78
8228  78
6993  78
398|10
6408  84
1197  84
5971  84
7022  84
1198  84
60069  84
2455  84
1136  84
48516  84
82459  84
399|8
1198  79
110  79
5445  79
1196  79
593  79
480  79
1270  79
2194  79
400|9
608  91
356  91
2571  91
2959  91
7153  91
1221  91
3578  91
858  91
59615  91
401|15
5952  71
6297  71
55768  71
48982  71
166461  71
49274  71
50872  71
32031  71
79091  71
170939  71
38038  71
8360  71
3114  71
33615  71
1136  71
402|10
1084  75
597  75
52  75
329  75
296  75
586  75
315  75
1036  75
434  75
527  75
403|7
110  73
2427  73
3210  73
296  73
61465  73
1663  73
180  73
404|12
204  68
349  68
474  68
34  68
364  68
508  68
105  68
593  68
509  68
277  68
315  68
185  68
405|20
70708  80
293  80
7254  80
37731  80
2959  80
345  80
1213  80
7134  80
64614  80
6023  80
1241  80
2329  80
1247  80
3052  80
68237  80
1199  80
27592  80
27664  80
3418  80
1215  80
406|5
1586  61
135  61
56949  61
46972  61
724  61
407|5
7153  82
2959  82
6539  82
1240  82
54286  82
408|20
1198  82
122904  82
44840  82
165101  82
6618  82
1291  82
1210  82
89745  82
1278  82
7324  82
44  82
8641  82
115210  82
103596  82
68554  82
2571  82
109487  82
63131  82
80489  82
4649  82
409|20
2485  78
2490  78
2028  78
3812  78
1278  78
2997  78
296  78
1078  78
3016  78
1073  78
2683  78
2289  78
3846  78
912  78
2013  78
1911  78
2352  78
1230  78
2541  78
3174  78
410|20
389  81
3224  81
318  81
2302  81
4002  81
1060  81
4297  81
3263  81
1859  81
111  81
58  81
2145  81
3255  81
2321  81
3504  81
3948  81
11  81
4019  81
3  81
597  81
411|20
508  66
261  66
586  66
432  66
353  66
431  66
194  66
318  66
272  66
515  66
356  66
266  66
257  66
349  66
10  66
31  66
344  66
227  66
455  66
122  66
412|20
2828  79
2384  79
2915  79
903  79
608  79
2720  79
2858  79
1883  79
1307  79
1214  79
1784  79
2239  79
1  79
930  79
1136  79
2710  79
915  79
2398  79
17  79
1079  79
413|12
2706  90
1198  90
3753  90
2424  90
593  90
128360  90
4993  90
16  90
5574  90
3948  90
64957  90
2959  90
414|20
4458  68
4666  68
5285  68
5635  68
6033  68
6493  68
6563  68
6628  68
6797  68
48319  68
58879  68
169992  68
3802  68
3599  68
1600  68
8666  68
4975  68
7444  68
4081  68
177593  68
415|19
296  82
1213  82
4321  82
3507  82
4308  82
47  82
1021  82
111  82
2617  82
1276  82
3861  82
4369  82
99114  82
1221  82
63082  82
1234  82
45722  82
1197  82
175  82
416|11
5952  60
5951  60
531  60
1296  60
1199  60
1721  60
830  60
1206  60
7323  60
4848  60
3677  60
417|14
778  89
4995  89
4975  89
7254  89
1198  89
106782  89
27773  89
168250  89
1625  89
7153  89
74458  89
110102  89
48394  89
4878  89
418|19
356  74
296  74
63082  74
104374  74
1276  74
1136  74
117176  74
1573  74
137337  74
1682  74
5816  74
88125  74
74458  74
367  74
89745  74
45672  74
87869  74
7361  74
54001  74
419|20
4093  76
111  76
46976  76
27822  76
2858  76
319  76
6287  76
3578  76
1213  76
64969  76
47  76
79592  76
34319  76
89580  76
60756  76
27704  76
90943  76
2412  76
1240  76
52245  76
420|20
1161  77
4993  77
45499  77
923  77
26693  77
48385  77
1927  77
5608  77
2052  77
6934  77
7022  77
3979  77
59295  77
2329  77
54259  77
1131  77
2762  77
4973  77
5669  77
527  77
421|8
2858  80
909  80
5008  80
953  80
1178  80
2313  80
2478  80
1203  80
422|19
2539  67
2710  67
4947  67
4971  67
5039  67
4925  67
2581  67
4916  67
1265  67
2804  67
3053  67
2665  67
1283  67
4835  67
2908  67
3943  67
1213  67
2670  67
858  67
423|5
1653  77
110  77
2194  77
5349  77
1320  77
424|20
1193  74
141  74
2804  74
40278  74
608  74
108729  74
293  74
69122  74
1092  74
54503  74
58559  74
3186  74
66097  74
778  74
5679  74
3176  74
2288  74
2174  74
71668  74
112556  74
425|20
45517  71
377  71
2329  71
733  71
6  71
1645  71
8368  71
2081  71
4306  71
1680  71
1909  71
367  71
46723  71
1625  71
1036  71
4901  71
750  71
2353  71
1342  71
145  71
426|18
59784  72
150  72
471  72
337  72
54001  72
1197  72
6378  72
72641  72
4886  72
8644  72
37729  72
597  72
5444  72
91325  72
588  72
3247  72
4022  72
79091  72
427|17
4887  63
5463  63
5015  63
110  63
58  63
5528  63
6348  63
5312  63
2710  63
5696  63
4993  63
5266  63
2683  63
5400  63
5816  63
1208  63
5574  63
428|20
2471  54
2762  54
3827  54
1089  54
2953  54
2916  54
1380  54
1997  54
3440  54
4022  54
317  54
4255  54
1208  54
1391  54
6377  54
2581  54
260  54
3285  54
588  54
653  54
429|12
339  79
421  79
150  79
225  79
165  79
266  79
329  79
252  79
279  79
317  79
237  79
204  79
430|12
923  74
2987  74
3745  74
6287  74
2858  74
6365  74
2571  74
4447  74
4014  74
329  74
2076  74
4446  74
431|5
172  55
1625  55
1376  55
3948  55
802  55
432|20
1831  73
5630  73
6870  73
8640  73
6539  73
3916  73
5989  73
84189  73
110  73
35836  73
4886  73
2762  73
1206  73
49272  73
19  73
318  73
58559  73
69481  73
7158  73
33660  73
433|5
91529  72
1089  72
50  72
5299  72
110  72
434|20
1136  76
3147  76
1090  76
1265  76
5989  76
1101  76
1779  76
586  76
344  76
3863  76
1208  76
3160  76
589  76
780  76
6796  76
2791  76
4226  76
2194  76
8665  76
1291  76
435|9
2353  87
44191  87
485  87
3510  87
34405  87
2302  87
158  87
82459  87
48780  87
436|20
204  63
435  63
440  63
432  63
161  63
480  63
377  63
531  63
536  63
502  63
364  63
235  63
371  63
344  63
2  63
585  63
450  63
587  63
437  63
227  63
437|20
748  77
318  77
5  77
640  77
1299  77
1120  77
1396  77
1246  77
454  77
1171  77
1225  77
1183  77
1097  77
1307  77
1268  77
592  77
198  77
155  77
112  77
246  77
438|20
7154  67
2501  67
8966  67
27801  67
1527  67
6711  67
3898  67
1784  67
8644  67
6367  67
2424  67
3889  67
223  67
1517  67
7361  67
2641  67
5009  67
2617  67
3753  67
2393  67
439|5
356  80
4022  80
7153  80
78499  80
1240  80
440|7
8690  77
541  77
29  77
1653  77
1274  77
3174  77
1235  77
441|9
589  89
2683  89
2959  89
4306  89
260  89
296  89
51255  89
47  89
68358  89
442|5
2908  23
2881  23
1186  23
3752  23
4361  23
443|8
2329  83
79132  83
296  83
48394  83
106487  83
108190  83
7153  83
63082  83
444|9
356  75
592  75
208  75
21  75
111  75
110  75
235  75
296  75
344  75
445|16
2028  78
590  78
34405  78
47  78
116897  78
780  78
4011  78
899  78
593  78
33794  78
1080  78
45722  78
17  78
1230  78
306  78
2710  78
446|17
237  63
339  63
300  63
296  63
480  63
368  63
288  63
172  63
17  63
16  63
357  63
150  63
434  63
153  63
648  63
593  63
337  63
447|16
257  77
293  77
337  77
531  77
382  77
589  77
552  77
253  77
362  77
532  77
292  77
31  77
474  77
540  77
442  77
160  77
448|373
2368  57
3284  57
3933  57
6302  57
6476  57
7245  57
48262  57
49688  57
75803  57
75816  57
78116  57
79590  57
86593  57
92198  57
98908  57
100326  57
102819  57
104760  57
108715  57
109191  57
111680  57
113416  57
116207  57
116985  57
129657  57
130083  57
133377  57
136654  57
138546  57
142424  57
151777  57
152658  57
157130  57
158022  57
161290  57
164375  57
53996  57
136778  57
5418  57
288  57
88356  57
2580  57
155358  57
2889  57
4034  57
148888  57
81156  57
2713  57
103335  57
95441  57
34048  57
80126  57
3057  57
1057  57
2794  57
33830  57
8665  57
6059  57
110553  57
90374  57
151501  57
3764  57
6143  57
103819  57
4361  57
104913  57
3986  57
5528  57
1196  57
105351  57
83349  57
3276  57
1090  57
5349  57
587  57
106330  57
4677  57
95508  57
109895  57
110611  57
671  57
2289  57
152077  57
80693  57
111360  57
170  57
87444  57
94323  57
8493  57
3671  57
91653  57
4981  57
2991  57
78034  57
119145  57
5099  57
4299  57
2567  57
6996  57
109864  57
6582  57
73017  57
370  57
543  57
115617  57
590  57
154065  57
5553  57
41569  57
3286  57
6645  57
589  57
1920  57
2857  57
111663  57
78499  57
2657  57
6537  57
1148  57
46974  57
48516  57
80241  57
445  57
4262  57
3689  57
114935  57
6428  57
127194  57
109673  57
127096  57
89388  57
4156  57
3793  57
33679  57
2014  57
64285  57
3968  57
49530  57
3450  57
160563  57
5502  57
8169  57
6314  57
122490  57
3386  57
140725  57
4896  57
2642  57
127136  57
2763  57
2520  57
457  57
48783  57
3263  57
5400  57
5541  57
4011  57
58351  57
127132  57
152091  57
3698  57
435  57
4799  57
84152  57
3401  57
2858  57
3174  57
7076  57
106542  57
6218  57
2860  57
1283  57
3618  57
2616  57
90439  57
2404  57
4660  57
2530  57
26386  57
4327  57
3030  57
71464  57
32  57
91529  57
4158  57
99114  57
98585  57
93326  57
2268  57
80489  57
130576  57
105504  57
2791  57
50601  57
7007  57
4234  57
3623  57
80727  57
78467  57
8641  57
4128  57
106782  57
2537  57
112138  57
3247  57
112818  57
2027  57
3101  57
5779  57
82202  57
1704  57
98296  57
6863  57
89305  57
4203  57
1201  57
6212  57
637  57
84954  57
6814  57
94864  57
67695  57
159077  57
92439  57
6812  57
3156  57
802  57
118354  57
134130  57
138036  57
65135  57
52975  57
4368  57
90717  57
45722  57
79259  57
68157  57
4233  57
74458  57
3258  57
1262  57
3949  57
101025  57
69526  57
1831  57
1083  57
1884  57
1476  57
156609  57
3755  57
111659  57
4734  57
161  57
95201  57
135887  57
2598  57
87232  57
4634  57
5334  57
5459  57
146730  57
72694  57
157432  57
132488  57
4558  57
1375  57
6424  57
71518  57
2716  57
94780  57
3593  57
129354  57
158  57
1409  57
6514  57
2881  57
51662  57
90522  57
68554  57
2126  57
122932  57
93510  57
137857  57
125916  57
2953  57
2090  57
1760  57
480  57
58803  57
2109  57
50792  57
46062  57
85510  57
80864  57
112171  57
122900  57
2587  57
1527  57
117529  57
4993  57
92264  57
5247  57
533  57
912  57
26464  57
2249  57
4678  57
103772  57
114601  57
96861  57
420  57
59615  57
2349  57
109372  57
95207  57
348  57
19  57
136020  57
4502  57
91094  57
138208  57
3511  57
79428  57
2643  57
109183  57
2139  57
4212  57
5942  57
96417  57
112852  57
99728  57
89470  57
142448  57
64983  57
2640  57
2046  57
4881  57
3882  57
3744  57
1032  57
116799  57
5  57
4040  57
157407  57
2115  57
1617  57
4367  57
105254  57
3388  57
3760  57
2146  57
2968  57
6281  57
466  57
96448  57
86332  57
64969  57
115170  57
1036  57
3397  57
2474  57
1408  57
155743  57
106920  57
8542  57
120466  57
2051  57
7143  57
7150  57
89087  57
34150  57
2253  57
2973  57
449|8
1917  68
2502  68
4034  68
1222  68
2770  68
762  68
2011  68
2324  68
450|11
3977  80
589  80
110  80
3363  80
3535  80
3948  80
3409  80
1035  80
3568  80
358  80
1259  80
451|7
733  76
593  76
7  76
5  76
494  76
25  76
17  76
452|20
4025  91
2858  91
2617  91
5292  91
1206  91
1676  91
3219  91
47  91
3101  91
163  91
1092  91
1917  91
2126  91
1356  91
552  91
2628  91
1200  91
608  91
2707  91
3273  91
453|20
208  79
858  79
2335  79
4022  79
3618  79
1617  79
3452  79
1357  79
112  79
2671  79
1884  79
1894  79
2294  79
318  79
1614  79
3534  79
2959  79
798  79
5266  79
780  79
454|9
7361  75
2692  75
7116  75
55820  75
6016  75
27773  75
2160  75
2858  75
26131  75
455|12
272  70
432  70
367  70
590  70
253  70
364  70
555  70
252  70
110  70
225  70
588  70
597  70
456|9
1407  75
634  75
135  75
5  75
724  75
780  75
733  75
260  75
706  75
457|10
329  70
3593  70
2692  70
1356  70
223  70
2394  70
2701  70
3608  70
733  70
2094  70
458|12
597  82
185  82
10  82
380  82
95  82
454  82
300  82
595  82
153  82
587  82
150  82
552  82
459|6
79132  86
5618  86
8961  86
48780  86
50872  86
260  86
460|17
89039  84
4886  84
4703  84
3831  84
1441  84
4878  84
3483  84
8970  84
1  84
49272  84
40815  84
85414  84
68237  84
76093  84
47610  84
63082  84
2571  84
461|6
74458  63
2762  63
1036  63
91500  63
3578  63
539  63
462|20
26838  68
89090  68
164655  68
188189  68
1136  68
1219  68
158966  68
1248  68
508  68
1653  68
1674  68
8917  68
8620  68
3424  68
2146  68
7044  68
3814  68
1213  68
82857  68
26131  68
463|7
6377  78
2028  78
4310  78
3753  78
2006  78
1092  78
5995  78
464|20
1370  75
58025  75
63853  75
296  75
2019  75
3527  75
5254  75
7007  75
1101  75
1779  75
377  75
1653  75
55820  75
648  75
33493  75
1610  75
65088  75
74727  75
1617  75
62374  75
465|20
2941  83
2987  83
1200  83
3448  83
5060  83
1299  83
3703  83
3649  83
1625  83
292  83
904  83
3101  83
1754  83
750  83
1256  83
593  83
3732  83
3740  83
3334  83
377  83
466|20
5418  79
30793  79
79091  79
92259  79
5989  79
5459  79
318  79
63082  79
59784  79
5010  79
74458  79
6281  79
5952  79
8529  79
64716  79
68954  79
4993  79
45447  79
81845  79
55247  79
467|22
41  83
58  83
389  76
466  83
527  83
593  83
780  83
1183  83
1233  83
1357  83
1365  83
1408  83
1721  83
2028  83
2125  83
2324  83
2334  83
2384  83
2390  83
2393  83
2394  83
2493  76
468|7
592  69
349  69
1  69
317  69
296  69
32  69
165  69
469|20
3658  74
3832  74
3507  74
3032  74
2736  74
2132  74
1958  74
910  74
1090  74
1485  74
1388  74
2321  74
1234  74
2081  74
1193  74
36  74
2908  74
909  74
2023  74
3255  74
470|16
253  70
318  70
110  70
588  70
282  70
5  70
597  70
32  70
595  70
592  70
500  70
26  70
356  70
357  70
434  70
300  70
471|6
2571  78
8874  78
527  78
1  78
8360  78
7147  78
472|6
58559  80
3450  80
3298  80
2840  80
1221  80
858  80
473|8
4979  67
2959  67
60  67
7147  67
6281  67
3897  67
48322  67
2596  67
474|422
638  68
2179  68
2697  68
4046  68
5114  68
5311  68
5353  68
5455  68
5601  68
6201  68
6273  68
6382  68
6407  68
6592  68
6912  68
7702  68
7826  68
7832  68
7839  68
8057  68
8446  68
8458  68
8459  68
8611  68
8650  68
8774  68
8938  68
1466  68
6708  68
2940  68
2616  68
2334  68
7139  68
4218  68
371  68
750  68
2935  68
8645  68
5481  68
6370  68
25865  68
2553  68
912  68
2467  68
5548  68
7301  68
52967  68
5945  68
480  68
1983  68
3462  68
1068  68
8600  68
6650  68
8482  68
6791  68
4016  68
1784  68
3668  68
3977  68
8961  68
4160  68
30820  68
6984  68
2750  68
5034  68
7716  68
2612  68
4419  68
1300  68
4187  68
1187  68
6565  68
272  68
5440  68
25937  68
1099  68
3125  68
5826  68
5649  68
7256  68
4912  68
6016  68
1208  68
2083  68
3385  68
2310  68
3360  68
3163  68
1413  68
4081  68
1643  68
968  68
2116  68
26965  68
5954  68
1263  68
5116  68
3536  68
8778  68
63433  68
2952  68
318  68
3394  68
1200  68
3384  68
4356  68
932  68
7698  68
516  68
4873  68
48385  68
39869  68
1902  68
2641  68
7036  68
2181  68
4638  68
31116  68
2455  68
2146  68
628  68
3897  68
1030  68
4022  68
344  68
3196  68
92  68
237  68
6770  68
3259  68
3368  68
26151  68
1293  68
34072  68
3044  68
1639  68
5944  68
6539  68
477  68
7361  68
55687  68
58  68
4014  68
3467  68
8154  68
4191  68
2134  68
4644  68
4293  68
5013  68
1399  68
1196  68
2918  68
5899  68
4465  68
100  68
361  68
3341  68
8921  68
195  68
3789  68
4709  68
1588  68
3468  68
4678  68
2723  68
2118  68
1939  68
7019  68
3147  68
1792  68
33903  68
1682  68
41566  68
1693  68
1957  68
5021  68
2313  68
3870  68
948  68
47099  68
3447  68
6614  68
216  68
5619  68
3987  68
5060  68
3111  68
45950  68
32584  68
5525  68
2567  68
5956  68
7  68
1172  68
3217  68
8331  68
587  68
5238  68
1189  68
2416  68
832  68
3095  68
7386  68
1223  68
7058  68
5246  68
5418  68
27803  68
26  68
4002  68
1135  68
45  68
6945  68
2411  68
2520  68
7347  68
5375  68
5673  68
3039  68
7833  68
33781  68
720  68
2103  68
33154  68
608  68
1327  68
101  68
7061  68
5451  68
5682  68
5434  68
6609  68
31658  68
4578  68
2009  68
4704  68
7572  68
4929  68
3306  68
6334  68
5379  68
5437  68
42418  68
4128  68
7451  68
2786  68
2243  68
27846  68
6197  68
3264  68
3608  68
5603  68
6124  68
1222  68
1663  68
3566  68
3755  68
2628  68
4815  68
2089  68
7102  68
27706  68
7013  68
1348  68
45666  68
5755  68
4055  68
2058  68
4462  68
1544  68
2405  68
4998  68
273  68
1977  68
1732  68
7822  68
7073  68
41527  68
4787  68
1676  68
3708  68
6669  68
317  68
25940  68
971  68
7366  68
3115  68
7026  68
2710  68
50685  68
2114  68
3809  68
3516  68
2770  68
535  68
4878  68
5992  68
41997  68
1083  68
4487  68
7293  68
1016  68
2006  68
1007  68
4993  68
3412  68
5007  68
3929  68
6639  68
8712  68
1876  68
3546  68
34359  68
7579  68
7325  68
6837  68
2634  68
7753  68
8943  68
8385  68
4308  68
3246  68
3745  68
1148  68
42002  68
50740  68
3952  68
1927  68
7581  68
910  68
3948  68
54881  68
1284  68
4007  68
5341  68
3675  68
52975  68
6244  68
965  68
454  68
1247  68
7215  68
1282  68
8207  68
6242  68
6502  68
4509  68
3528  68
2391  68
4262  68
4039  68
42018  68
3271  68
976  68
48394  68
5384  68
5168  68
1358  68
6534  68
8773  68
2384  68
48780  68
1269  68
4600  68
2642  68
111  68
933  68
3578  68
5297  68
944  68
6020  68
2123  68
748  68
4896  68
5380  68
53953  68
3712  68
25996  68
1997  68
4464  68
4085  68
51540  68
2707  68
2069  68
6710  68
1488  68
6378  68
928  68
3038  68
7116  68
44511  68
594  68
1962  68
421  68
4316  68
2761  68
4823  68
892  68
1345  68
5294  68
1408  68
6579  68
3272  68
3421  68
3844  68
6787  68
37736  68
2249  68
1610  68
2468  68
3498  68
4902  68
6268  68
5225  68
5404  68
929  68
25999  68
7835  68
805  68
4126  68
475|20
6539  88
4993  88
87232  88
40815  88
5816  88
8644  88
81564  88
4701  88
81834  88
6564  88
68791  88
111759  88
7153  88
1527  88
71530  88
4896  88
106487  88
112852  88
3578  88
82461  88
476|14
594  75
34  75
380  75
158  75
153  75
586  75
440  75
364  75
378  75
357  75
224  75
165  75
296  75
11  75
477|20
34  75
913  75
3100  75
2105  75
1271  75
1207  75
70687  75
2174  75
45672  75
4571  75
3973  75
4226  75
1103  75
5291  75
348  75
3593  75
1  75
1274  75
6502  75
59615  75
478|5
1917  56
3114  56
594  56
1584  56
1101  56
479|20
5365  65
4488  65
524  65
1025  65
3707  65
1220  65
4010  65
3244  65
3526  65
4092  65
1968  65
4700  65
4003  65
3671  65
2671  65
341  65
2012  65
2542  65
454  65
2384  65
480|20
43914  65
2700  65
8533  65
2193  65
2797  65
3484  65
2571  65
1210  65
2596  65
8866  65
47610  65
6306  65
5379  65
2018  65
7153  65
3911  65
44191  65
38061  65
5673  65
380  65
481|7
1608  54
1687  54
1629  54
1729  54
1620  54
1597  54
1485  54
482|20
2068  68
8985  68
1036  68
474  68
1042  68
4389  68
780  68
27706  68
3211  68
1610  68
4367  68
1374  68
1220  68
1602  68
653  68
592  68
30812  68
4862  68
8361  68
8529  68
483|20
105325  72
783  72
2541  72
2959  72
109971  72
45722  72
1199  72
50872  72
2000  72
4306  72
69757  72
2683  72
2273  72
1588  72
109487  72
66934  72
1721  72
2328  72
68522  72
8972  72
484|20
93320  76
1438  76
6155  76
6944  76
2706  76
33166  76
6874  76
3697  76
1059  76
76293  76
919  76
2762  76
1821  76
837  76
5810  76
1753  76
3254  76
4718  76
2413  76
3646  76
485|5
588  81
161  81
253  81
292  81
231  81
486|12
653  80
47  80
110  80
153  80
474  80
95  80
288  80
329  80
161  80
318  80
292  80
6  80
487|12
27611  62
8961  62
318  62
1198  62
31658  62
1197  62
6539  62
5445  62
116797  62
4027  62
8874  62
86377  62
488|20
720  77
838  77
608  77
1223  77
26  77
5135  77
2109  77
7720  77
7303  77
4014  77
5995  77
457  77
105  77
1136  77
272  77
1269  77
3176  77
1278  77
1125  77
910  77
489|20
79536  61
86000  61
4848  61
736  61
8387  61
4700  61
45666  61
4720  61
2683  61
2021  61
2389  61
1619  61
950  61
58559  61
2236  61
2167  61
1616  61
247  61
376  61
2717  61
490|20
46578  63
89492  63
81591  63
91077  63
60074  63
5816  63
4144  63
54001  63
1  63
1784  63
7153  63
4993  63
89759  63
86320  63
60128  63
76251  63
8368  63
69122  63
2006  63
78499  63
491|13
106782  84
69757  84
7293  84
27808  84
4246  84
3948  84
104374  84
86833  84
140110  84
8529  84
180231  84
4306  84
88405  84
492|20
736  78
784  78
628  78
858  78
852  78
64  78
990  78
830  78
743  78
62  78
52  78
1499  78
66  78
1210  78
881  78
1474  78
1405  78
724  78
1047  78
65  78
493|13
2985  72
4444  72
2916  72
1275  72
2571  72
1527  72
2028  72
3793  72
2167  72
1215  72
4701  72
2924  72
260  72
494|5
1196  84
4498  84
3578  84
2028  84
1210  84
495|20
140523  80
115149  80
1259  80
1721  80
136562  80
80489  80
19  80
50872  80
231  80
102123  80
52319  80
7254  80
7360  80
8528  80
1645  80
46578  80
30810  80
2918  80
148626  80
56775  80
496|6
1221  66
99149  66
858  66
904  66
8865  66
114713  66
497|11
1193  70
112556  70
112290  70
1916  70
92259  70
2329  70
112552  70
1258  70
2762  70
5349  70
111362  70
498|7
344  83
231  83
648  83
10  83
300  83
356  83
316  83
499|6
1202  78
2337  78
38304  78
327  78
56286  78
1304  78
500|18
2599  62
2987  62
543  62
2700  62
2542  62
1265  62
2916  62
356  62
3301  62
1784  62
1914  62
595  62
2355  62
3536  62
1885  62
322  62
838  62
720  62
501|9
6  63
62  63
93  63
45  63
3  63
637  63
11  63
18  63
662  63
502|7
7236  72
1077  72
4412  72
3469  72
2001  72
2520  72
1777  72
503|19
7455  67
7361  67
4878  67
356  67
91500  67
593  67
527  67
858  67
4226  67
1259  67
1342  67
2877  67
92509  67
90866  67
500  67
441  67
48516  67
2858  67
48394  67
504|18
4995  76
5812  76
2321  76
1  76
3556  76
7153  76
6708  76
1288  76
6927  76
4033  76
4700  76
6565  76
342  76
3408  76
6879  76
4361  76
5952  76
5955  76
505|7
1241  84
4105  84
1029  84
74685  84
273  84
6502  84
54999  84
506|9
59258  67
54272  67
37741  67
56782  67
62293  67
51834  67
49286  67
112556  67
61024  67
507|5
165  68
266  68
253  68
377  68
593  68
508|5
2872  43
2011  43
1952  43
1175  43
898  43
509|20
26958  64
130073  64
2028  64
87232  64
33830  64
5313  64
48  64
2090  64
2080  64
6942  64
8907  64
6156  64
5816  64
39  64
3988  64
6807  64
7458  64
1196  64
45447  64
616  64
510|20
1882  57
7026  57
35836  57
494  57
1198  57
514  57
457  57
2935  57
858  57
2699  57
317  57
8949  57
2918  57
145  57
1262  57
6787  57
1208  57
372  57
1242  57
40819  57
511|11
2959  82
53953  82
115149  82
164179  82
6534  82
99114  82
92259  82
318  82
2324  82
1653  82
56757  82
512|10
480  74
150  74
349  74
47  74
350  74
442  74
457  74
50  74
317  74
593  74
513|7
5952  78
318  78
2174  78
235  78
1304  78
1220  78
1080  78
514|20
1335  66
5704  66
62586  66
168358  66
180263  66
1704  66
2005  66
2792  66
2013  66
1673  66
134130  66
76093  66
1333  66
58998  66
68157  66
2406  66
3210  66
54503  66
4855  66
1644  66
515|6
33794  96
2028  96
527  96
91529  96
58559  96
2959  96
516|26
260  83
457  83
480  83
647  83
708  83
1042  83
1090  83
1197  83
1198  83
1954  83
1958  83
2021  83
2259  83
2268  83
3052  83
3471  83
4027  83
4291  83
4306  83
4321  83
4322  83
4333  83
4337  76
4349  83
4361  83
4429  83
517|20
4306  48
53125  48
1265  48
165489  48
97938  48
88744  48
86880  48
4148  48
26761  48
3398  48
1293  48
3988  48
2858  48
4963  48
1204  48
1704  48
47629  48
7669  48
1206  48
46578  48
518|5
3101  69
2657  69
783  69
1876  69
6365  69
519|6
1704  86
356  86
140110  86
6378  86
7445  86
1968  86
520|20
7266  78
318  78
1049  78
59315  78
4995  78
32  78
2716  78
4333  78
1291  78
1732  78
4085  78
2723  78
3081  78
3994  78
33493  78
135  78
2393  78
60516  78
2406  78
1584  78
521|8
661  72
112  72
86  72
104  72
58  72
79  72
52  72
852  72
522|20
99114  76
81932  76
89492  76
63113  76
2959  76
1193  76
1375  76
4993  76
223  76
27611  76
76060  76
180  76
59315  76
1617  76
10  76
67255  76
2023  76
6187  76
318  76
127098  76
523|15
168252  94
8970  94
5989  94
318  94
91529  94
1721  94
293  94
65261  94
4270  94
3147  94
27731  94
134130  94
31696  94
527  94
101962  94
524|20
1356  69
150  69
552  69
748  69
344  69
442  69
253  69
1225  69
20  69
589  69
1242  69
544  69
173  69
1302  69
380  69
457  69
1020  69
788  69
193  69
466  69
525|20
120807  71
317  71
6863  71
8622  71
33004  71
7147  71
2396  71
40815  71
137337  71
1639  71
1968  71
91869  71
45880  71
2100  71
339  71
4886  71
50872  71
86332  71
8983  71
3996  71
526|12
593  83
55247  83
46578  83
176415  83
1295  83
90430  83
4014  83
2352  83
176413  83
215  83
81845  83
51255  83
527|20
2137  81
3114  81
3210  81
3016  81
2161  81
4571  81
2118  81
3421  81
455  81
2867  81
2450  81
1909  81
1214  81
4299  81
736  81
2477  81
588  81
4016  81
1259  81
2533  81
528|15
4886  67
2278  67
80906  67
4037  67
1240  67
64614  67
3821  67
150  67
1291  67
80463  67
593  67
99813  67
85342  67
48516  67
58559  67
529|5
653  63
135  63
65  63
62  63
733  63
530|6
292  77
500  77
300  77
586  77
593  77
11  77
531|5
593  78
590  78
919  78
480  78
1215  78
532|10
1721  87
4863  87
457  87
290  87
1245  87
1242  87
2023  87
2329  87
1304  87
517  87
533|8
1200  90
6502  90
79132  90
46578  90
93840  90
4973  90
2455  90
66934  90
534|20
116724  76
97913  76
94953  76
2003  76
2167  76
7569  76
153  76
1485  76
65514  76
104218  76
344  76
2571  76
5445  76
95875  76
112818  76
82461  76
96610  76
2987  76
138036  76
1566  76
535|6
2571  53
2581  53
2700  53
2688  53
2583  53
2882  53
536|8
232  65
272  65
356  65
335  65
225  65
150  65
434  65
589  65
537|10
80906  81
367  81
7153  81
53322  81
104218  81
97304  81
6539  81
318  81
89745  81
105504  81
538|8
595  89
3671  89
80549  89
4039  89
69757  89
5047  89
44889  89
66934  89
539|8
4306  73
6753  73
5218  73
50872  73
88  73
3301  73
4886  73
69122  73
540|9
2598  82
2959  82
1073  82
8874  82
1681  82
2183  82
2841  82
2747  82
1196  82
541|18
590  68
457  68
413  68
15  68
110  68
595  68
597  68
480  68
356  68
203  68
529  68
357  68
22  68
345  68
546  68
586  68
281  68
350  68
542|20
6539  71
30793  71
5299  71
2542  71
34319  71
33679  71
4963  71
5481  71
1997  71
4025  71
3623  71
924  71
4369  71
6378  71
2571  71
7254  71
41566  71
37733  71
7361  71
45517  71
543|16
73881  86
1702  86
595  86
3301  86
231  86
2378  86
2379  86
86882  86
6377  86
588  86
377  86
48385  86
2571  86
4526  86
4388  86
92259  86
544|22
1  83
3  83
14  83
32  83
40  83
62  83
68  83
95  83
116  83
619  83
626  76
648  83
650  83
694  83
736  83
780  83
839  83
1042  83
1047  83
1059  83
1105  83
1356  83
545|5
1438  65
1267  65
2763  65
1367  65
44  65
546|13
1270  67
3328  67
480  67
1970  67
2456  67
1976  67
589  67
2657  67
1673  67
3941  67
3959  67
3566  67
1977  67
547|5
1211  81
2859  81
2917  81
1394  81
1288  81
548|26
69  83
260  83
356  83
733  83
1196  83
1393  83
1477  76
1621  83
2571  83
2716  83
3263  83
3578  83
3916  83
4776  83
4899  83
5955  83
6874  83
7458  83
8531  83
49910  83
58559  83
74532  83
80862  83
122904  83
125916  83
168712  76
549|5
2571  71
2028  71
4226  71
1210  71
589  71
550|6
167296  85
102125  85
106782  85
116797  85
112852  85
122882  85
551|20
5010  74
34162  74
60069  74
1544  74
45186  74
103772  74
51935  74
4226  74
2353  74
7153  74
5989  74
135569  74
115149  74
88129  74
134130  74
6934  74
47  74
4701  74
2959  74
98809  74
552|20
2916  62
3317  62
1405  62
2953  62
2245  62
2944  62
2890  62
2125  62
508  62
3948  62
5349  62
2959  62
2857  62
173  62
2991  62
2871  62
2628  62
4308  62
4878  62
3101  62
553|17
55765  86
3481  86
1923  86
2571  86
4011  86
50  86
3949  86
1089  86
44199  86
5513  86
2231  86
2395  86
3052  86
61257  86
1221  86
33166  86
2959  86
554|18
1196  80
1022  80
2820  80
1207  80
1517  80
1282  80
1210  80
1760  80
2282  80
1225  80
907  80
1358  80
2096  80
1028  80
593  80
608  80
953  80
2324  80
555|20
790  69
3664  69
1  69
3111  69
3395  69
104  69
1334  69
2506  69
2072  69
4002  69
1266  69
2641  69
2256  69
2791  69
2701  69
1333  69
1320  69
337  69
1393  69
3526  69
556|7
162600  81
122890  81
3081  81
88125  81
588  81
72998  81
74789  81
557|6
648  77
231  77
1291  77
260  77
1210  77
150  77
558|12
5329  78
5064  78
4903  78
2297  78
2568  78
4993  78
4306  78
367  78
5283  78
1097  78
4164  78
5294  78
559|20
552  65
608  65
355  65
329  65
544  65
1527  65
173  65
377  65
745  65
174  65
529  65
350  65
349  65
533  65
836  65
1210  65
420  65
786  65
227  65
253  65
560|20
5839  71
91535  71
136018  71
67997  71
79132  71
3253  71
142558  71
2355  71
39435  71
1527  71
40414  71
64614  71
48744  71
56587  71
593  71
76251  71
84944  71
109313  71
5878  71
40819  71
561|20
168174  67
5308  67
78469  67
3703  67
60069  67
91535  67
2105  67
73017  67
5445  67
2000  67
83134  67
79132  67
79592  67
80463  67
89745  67
527  67
8972  67
353  67
33162  67
68157  67
562|20
27140  82
6870  82
6377  82
2580  82
1249  82
4776  82
36529  82
1259  82
1982  82
2268  82
2133  82
83134  82
3210  82
48394  82
30707  82
33836  82
2692  82
88163  82
99191  82
1240  82
563|20
61071  66
70932  66
80858  66
919  66
74450  66
588  66
5943  66
118997  66
86833  66
1197  66
128832  66
85397  66
45221  66
33499  66
7380  66
96821  66
81784  66
95307  66
65585  66
55250  66
564|20
50942  72
356  72
31685  72
131013  72
61024  72
79224  72
87869  72
500  72
108156  72
81784  72
93270  72
6188  72
106918  72
65230  72
67087  72
80693  72
94677  72
8984  72
73266  72
2671  72
565|6
590  73
231  73
19  73
21  73
50  73
539  73
566|15
648  71
10  71
231  71
329  71
342  71
141  71
203  71
345  71
39  71
497  71
265  71
588  71
708  71
353  71
2  71
567|20
8189  45
26743  45
92681  45
109897  45
152071  45
5690  45
136602  45
122888  45
6333  45
1274  45
122922  45
153070  45
151687  45
117877  45
108928  45
954  45
122924  45
27773  45
648  45
135887  45
568|23
50  83
147  83
296  83
356  83
480  83
593  83
765  83
1103  83
1104  83
1257  83
1298  83
1895  83
2313  83
2359  83
2863  83
3053  83
3148  83
3261  83
3363  83
8169  83
46723  83
63853  83
65088  83
569|5
231  85
50  85
380  85
588  85
592  85
570|20
208  68
8636  68
48516  68
1225  68
586  68
2683  68
457  68
1196  68
110  68
4993  68
7361  68
1198  68
1079  68
10  68
3793  68
1391  68
589  68
380  68
527  68
185  68
571|20
1331  51
2982  51
2366  51
1128  51
610  51
2902  51
1998  51
3696  51
1980  51
1987  51
70  51
1924  51
2279  51
1327  51
3732  51
1972  51
1278  51
1644  51
2327  51
1978  51
572|20
1961  83
2570  83
2788  83
2321  83
111  83
904  83
2987  83
2302  83
1834  83
2539  83
2917  83
1307  83
1  83
161  83
3421  83
838  83
1356  83
2006  83
3167  83
1953  83
573|20
89745  85
72998  85
3752  85
356  85
7293  85
6754  85
8665  85
32587  85
1073  85
88744  85
1127  85
68954  85
98809  85
2640  85
48516  85
71535  85
59369  85
60069  85
88140  85
1562  85
574|23
47  83
110  83
150  83
153  83
161  83
185  83
225  83
231  83
292  83
296  83
300  83
316  83
318  83
329  83
339  83
344  83
380  83
410  83
434  83
588  83
592  83
593  83
595  83
575|8
2566  61
2580  61
296  61
2581  61
2572  61
2542  61
2574  61
2598  61
576|5
849  61
1321  61
1373  61
1479  61
2289  61
577|20
2415  71
1183  71
1288  71
1129  71
2944  71
2194  71
733  71
1213  71
2076  71
2020  71
1262  71
1931  71
1391  71
2987  71
952  71
1909  71
260  71
919  71
2248  71
1270  71
578|6
6751  81
52668  81
45668  81
830  81
72407  81
75446  81
579|15
3174  79
2485  79
1022  79
2018  79
838  79
1917  79
1391  79
596  79
1573  79
2965  79
1653  79
2599  79
892  79
2687  79
595  79
580|20
5767  71
6583  71
480  71
8844  71
6989  71
3809  71
41569  71
3699  71
4041  71
33166  71
356  71
508  71
8376  71
3578  71
608  71
3785  71
3089  71
1320  71
54286  71
1201  71
581|8
7153  88
5995  88
4973  88
116797  88
3949  88
4306  88
109487  88
6377  88
582|12
91529  81
2959  81
116797  81
4993  81
5618  81
2571  81
76251  81
69844  81
104841  81
48516  81
97752  81
76093  81
583|12
8533  67
88405  67
2706  67
117590  67
317  67
60756  67
6942  67
595  67
46578  67
104  67
2694  67
7451  67
584|17
288  82
22  82
203  82
315  82
500  82
316  82
539  82
234  82
296  82
257  82
434  82
586  82
338  82
349  82
282  82
480  82
590  82
585|13
3173  87
1228  87
54503  87
2959  87
428  87
1405  87
7254  87
441  87
1805  87
296  87
27373  87
5325  87
79132  87
586|20
34332  87
4016  87
111659  87
106002  87
149406  87
167036  87
45499  87
136556  87
5445  87
117851  87
1291  87
71264  87
106489  87
135436  87
3753  87
2640  87
3147  87
122916  87
3793  87
101362  87
587|20
1234  80
628  80
2012  80
534  80
2002  80
1641  80
236  80
1376  80
2622  80
1541  80
3260  80
497  80
3082  80
445  80
3448  80
2574  80
765  80
691  80
329  80
3406  80
588|12
50  64
16  64
20  64
356  64
350  64
198  64
593  64
364  64
163  64
253  64
223  64
3  64
589|8
1092  79
318  79
590  79
373  79
586  79
587  79
527  79
337  79
590|20
924  67
8807  67
2371  67
38061  67
81834  67
40815  67
4890  67
903  67
5  67
3624  67
555  67
4047  67
51662  67
2085  67
419  67
595  67
329  67
2376  67
3635  67
2398  67
591|11
2908  65
2706  65
2712  65
2355  65
3615  65
3578  65
2394  65
3798  65
356  65
223  65
2724  65
592|19
514  73
2  73
153  73
415  73
110  73
177  73
420  73
380  73
44  73
788  73
588  73
163  73
204  73
610  73
39  73
419  73
253  73
432  73
240  73
593|20
1196  66
1073  66
1086  66
1617  66
4034  66
41566  66
1197  66
344  66
8368  66
339  66
2959  66
8961  66
5816  66
2797  66
4896  66
588  66
595  66
5952  66
377  66
141  66
594|20
7031  80
2671  80
7115  80
1616  80
5943  80
1188  80
2269  80
1733  80
4902  80
6996  80
780  80
1429  80
6140  80
7046  80
39  80
595  80
799  80
2028  80
8482  80
7169  80
595|5
265  81
50  81
1186  81
1199  81
1966  81
596|20
33649  70
43744  70
182793  70
129397  70
128908  70
1  70
142488  70
122922  70
4310  70
71838  70
4025  70
2501  70
110102  70
149406  70
2774  70
5502  70
8665  70
6537  70
2571  70
345  70
597|20
1799  80
490  80
3040  80
2529  80
2858  80
903  80
3039  80
2000  80
1291  80
357  80
1228  80
1845  80
2411  80
1580  80
1148  80
1198  80
2723  80
485  80
592  80
2692  80
598|5
56367  79
8360  79
593  79
114265  79
103543  79
599|496
26142  53
26567  53
26590  53
26676  53
26854  53
27595  53
34800  53
53450  53
60803  53
69131  53
74696  53
79895  53
84523  53
87960  53
92674  53
98799  53
102735  53
102852  53
104017  53
105020  53
122433  53
157865  53
158874  53
160978  53
161044  53
174727  53
179053  53
1801  53
6035  53
3387  53
33437  53
112  53
5995  53
167706  53
4394  53
836  53
7235  53
8809  53
102749  53
89087  53
42011  53
432  53
471  53
5628  53
1015  53
2  53
2269  53
69  53
3947  53
79091  53
104837  53
4037  53
7587  53
6881  53
1449  53
7225  53
81229  53
68952  53
4728  53
5081  53
33966  53
1779  53
3669  53
87197  53
170297  53
79057  53
95965  53
55207  53
4007  53
1220  53
80831  53
46723  53
71282  53
7757  53
3259  53
92309  53
1376  53
7192  53
4654  53
101423  53
53468  53
62662  53
3174  53
3698  53
2882  53
2359  53
1183  53
2792  53
1095  53
8387  53
53125  53
115713  53
2949  53
2471  53
3  53
1231  53
3861  53
240  53
1480  53
2301  53
1445  53
8045  53
586  53
2942  53
1185  53
4594  53
2474  53
3671  53
3196  53
64839  53
98697  53
2606  53
1777  53
5309  53
7022  53
4873  53
541  53
27311  53
43921  53
67734  53
4240  53
5026  53
168  53
33493  53
4125  53
7354  53
207  53
1094  53
742  53
1609  53
1042  53
3362  53
4553  53
4632  53
2278  53
468  53
122904  53
75416  53
42718  53
4285  53
79274  53
1794  53
45081  53
108192  53
3489  53
3503  53
89804  53
163809  53
577  53
3071  53
1204  53
3981  53
95771  53
45382  53
6548  53
59387  53
166528  53
168492  53
6691  53
605  53
424  53
2991  53
248  53
97950  53
3865  53
1216  53
342  53
35836  53
27772  53
176419  53
151781  53
277  53
6320  53
39381  53
5111  53
4090  53
2450  53
2676  53
2356  53
79702  53
1597  53
410  53
1721  53
3702  53
183301  53
1387  53
2072  53
26729  53
2393  53
4247  53
4591  53
1032  53
3087  53
1895  53
634  53
210  53
2074  53
51575  53
3505  53
5247  53
481  53
4215  53
1355  53
2657  53
2028  53
4011  53
420  53
552  53
1196  53
2395  53
5303  53
1752  53
3186  53
4310  53
1784  53
3200  53
7254  53
688  53
473  53
1079  53
1552  53
1148  53
1544  53
63113  53
2325  53
26649  53
6804  53
161  53
4109  53
34332  53
1653  53
4808  53
7707  53
3468  53
502  53
1221  53
1792  53
68319  53
6787  53
2119  53
3884  53
4254  53
3973  53
103609  53
8934  53
5377  53
42632  53
55290  53
4506  53
7840  53
5568  53
1689  53
7005  53
103228  53
59947  53
786  53
4351  53
172253  53
4679  53
1411  53
117630  53
1590  53
112623  53
3146  53
8984  53
1920  53
519  53
179817  53
3979  53
3741  53
44020  53
26630  53
7285  53
3030  53
1021  53
8638  53
87  53
7153  53
2877  53
2018  53
3173  53
5198  53
7101  53
7701  53
3213  53
26159  53
2339  53
33896  53
2000  53
4006  53
136562  53
37382  53
6645  53
171763  53
8528  53
27008  53
4017  53
4167  53
86142  53
1249  53
3255  53
736  53
2779  53
84414  53
27773  53
2083  53
98499  53
4034  53
119828  53
1993  53
94864  53
6631  53
2321  53
26242  53
3703  53
41566  53
2529  53
1968  53
8914  53
3257  53
159403  53
1036  53
76093  53
5103  53
6947  53
1952  53
2124  53
4084  53
6016  53
778  53
81  53
2171  53
1253  53
4275  53
7982  53
3723  53
849  53
2681  53
6565  53
39414  53
122916  53
6440  53
8917  53
72011  53
1605  53
1240  53
923  53
68157  53
5961  53
5053  53
3571  53
2403  53
3871  53
44238  53
72226  53
7004  53
2054  53
62970  53
5159  53
354  53
122924  53
48774  53
1394  53
3763  53
70286  53
1904  53
3969  53
81562  53
102590  53
233  53
4155  53
1031  53
76  53
459  53
1097  53
1178  53
60291  53
3328  53
1232  53
3036  53
5283  53
4327  53
610  53
2726  53
4732  53
5970  53
2396  53
594  53
1247  53
45499  53
3476  53
2399  53
137218  53
1997  53
3271  53
27801  53
6365  53
1799  53
580  53
122900  53
2803  53
80219  53
466  53
110882  53
3997  53
26176  53
2378  53
117895  53
26662  53
90603  53
119218  53
44  53
809  53
1960  53
4519  53
1959  53
414  53
1073  53
61236  53
1479  53
4019  53
1245  53
37857  53
161032  53
371  53
3020  53
88593  53
6774  53
2005  53
90405  53
26285  53
6793  53
627  53
1617  53
6734  53
108090  53
2427  53
51024  53
122922  53
3440  53
6874  53
4919  53
338  53
81591  53
1704  53
1499  53
357  53
62155  53
144  53
34148  53
53519  53
4504  53
2796  53
216  53
6827  53
1429  53
7445  53
1385  53
90471  53
8425  53
10  53
26542  53
7387  53
72998  53
89470  53
3629  53
1297  53
3424  53
1672  53
44761  53
196  53
70703  53
2383  53
180  53
4040  53
6333  53
4440  53
5291  53
88235  53
1639  53
4580  53
153236  53
86190  53
4477  53
103027  53
32291  53
34811  53
5171  53
122260  53
8784  53
5954  53
8798  53
707  53
880  53
314  53
61323  53
600|20
3269  60
1394  60
3785  60
2717  60
5569  60
4306  60
1206  60
56775  60
2015  60
7  60
2013  60
262  60
1210  60
1060  60
2431  60
2077  60
2423  60
4641  60
527  60
5076  60
601|20
141846  88
68157  88
1262  88
106782  88
60069  88
49272  88
5445  88
1193  88
1207  88
79132  88
904  88
166024  88
1917  88
7153  88
2324  88
170697  88
31658  88
5989  88
88810  88
2571  88
602|20
161  67
19  67
350  67
494  67
14  67
471  67
125  67
434  67
235  67
481  67
315  67
371  67
474  67
527  67
21  67
349  67
440  67
339  67
480  67
163  67
603|20
602  70
803  70
2008  70
2577  70
3459  70
4787  70
2912  70
1769  70
485  70
4420  70
920  70
1  70
2706  70
1844  70
3787  70
1222  70
190  70
2716  70
3983  70
101  70
604|20
220  70
292  70
151  70
329  70
410  70
426  70
435  70
316  70
22  70
235  70
181  70
332  70
273  70
637  70
285  70
173  70
588  70
23  70
553  70
1  70
605|20
35347  64
6787  64
1197  64
5667  64
42738  64
51662  64
7373  64
596  64
780  64
4571  64
2316  64
7454  64
150  64
60040  64
8977  64
3269  64
72982  64
1210  64
62376  64
60937  64
606|20
263  73
563  73
583  73
3808  73
4671  73
4840  73
5856  73
6111  73
6573  73
8685  73
32728  73
55805  73
3147  73
4392  73
2311  73
6308  73
50842  73
6591  73
8270  73
2025  73
607|20
891  75
1610  75
448  75
3147  75
1094  75
1307  75
592  75
204  75
1552  75
527  75
3476  75
296  75
2313  75
3440  75
423  75
1518  75
2118  75
2193  75
380  75
2028  75
608|20
52245  63
2997  63
3793  63
2763  63
174  63
2000  63
1214  63
919  63
2700  63
4161  63
5146  63
1639  63
541  63
473  63
2529  63
522  63
4343  63
1909  63
2431  63
1220  63
609|8
296  65
833  65
356  65
339  65
454  65
318  65
208  65
292  65
610|20
5953  74
58975  74
70206  74
78626  74
82765  74
97988  74
107447  74
107462  74
110591  74
110746  74
118082  74
139655  74
160341  74
86644  74
56801  74
61024  74
77561  74
4816  74
62434  74
3972  74
