1|20
260  100
1927  90
804  63
3  78
1009  90
2406  86
1587  82
3671  93
2617  83
3053  100
2571  100
1222  100
2137  84
1377  78
2395  75
2761  100
2641  84
2872  100
1258  97
2700  98
2|6
333  64
122882  71
71535  93
46970  68
58559  84
80489  84
3|8
5764  42
647  45
6835  42
5919  80
2851  19
2288  41
5048  39
4518  67
4|20
106  71
1291  75
3408  67
265  69
52  59
4347  83
2467  68
908  85
345  73
1304  82
1923  74
2959  88
368  80
1219  83
4765  80
1199  88
4166  43
1732  79
21  76
2858  88
5|9
515  61
1  81
364  84
608  82
290  78
261  75
34  87
318  89
21  70
6|20
349  68
318  91
775  70
141  71
348  34
104  78
327  60
410  63
165  73
87  56
366  73
17  77
1084  74
222  81
16  75
416  36
277  73
460  67
867  10
316  64
7|20
8528  73
3623  52
8636  67
8360  66
1517  66
466  40
8373  47
1220  78
7155  10
8808  28
6863  70
31878  79
1610  70
1219  73
4700  59
45668  52
8970  74
27741  80
6333  70
8865  47
8|10
356  87
47  75
231  44
318  98
454  80
292  68
32  81
141  78
380  70
252  69
9|10
5451  71
923  74
5890  100
2901  59
922  86
6044  65
1987  65
5378  57
3735  75
5447  60
10|20
597  77
33679  63
8533  67
8969  60
72720  80
88810  78
136020  77
6377  82
5943  75
109374  72
113394  66
61250  51
82167  50
140110  69
5377  64
77841  66
6942  83
1028  77
72330  66
66203  38
11|13
733  77
1584  97
1210  97
170  65
1438  52
648  83
1918  57
493  75
10  72
457  85
1693  68
150  83
1923  73
12|7
2717  62
2100  58
838  88
2072  58
1876  54
2581  82
6942  100
13|7
3717  72
3624  80
3798  82
2174  62
47  99
3893  70
305  55
14|10
344  53
477  69
110  89
540  65
597  63
153  65
592  62
4  44
539  70
105  72
15|20
91529  78
7438  62
111759  71
2329  76
1  75
1909  57
1240  72
115713  85
1200  71
293  76
2571  79
3949  69
120466  61
1198  75
2028  79
2011  84
158  55
160980  62
4306  68
4022  68
16|20
1230  77
78499  75
913  84
1136  77
1299  80
1617  82
1203  82
3429  84
2858  77
608  83
3683  80
4002  76
1199  70
912  80
2707  66
5782  77
1260  74
319  70
27773  78
2109  67
17|20
260  91
64839  100
296  98
5952  91
527  91
1193  91
3681  82
1240  72
2717  79
2858  88
1093  67
81932  49
5618  94
50  97
5971  90
2959  100
1201  81
541  84
82459  73
1  95
18|20
8117  75
65596  75
88094  75
145283  75
157110  75
166015  75
171023  75
103253  70
60684  83
44199  75
2  68
86628  80
59784  77
2918  78
109374  86
4226  90
53129  100
139385  77
47  86
1291  89
19|20
3692  52
3662  43
54  10
2733  37
1702  39
1240  62
1270  60
3712  44
1881  60
216  47
3  45
1834  69
2184  70
3017  57
2044  24
2354  33
2005  56
3146  39
3387  44
2694  58
20|20
1566  74
5419  69
4014  78
2140  81
586  64
661  77
3189  76
5014  74
1333  75
4161  68
3784  70
1030  58
5313  62
2804  81
2054  57
34  78
1097  82
6358  72
4519  60
1722  70
21|20
107013  65
117922  65
140301  65
57640  73
2985  68
2990  82
2717  59
5418  75
31433  48
112175  72
7153  80
30793  54
4446  66
52973  67
45186  66
2023  61
79185  69
1721  59
102125  66
5459  56
22|20
8961  60
2723  63
60950  65
64575  42
1193  64
70286  59
4993  68
2160  72
39183  49
7147  50
3996  53
3481  56
55765  56
48780  57
7361  59
51540  53
6711  58
2968  53
3949  57
48394  57
23|20
6234  73
3996  86
293  87
1206  87
1136  88
1960  75
7587  88
3424  89
3181  97
2467  70
1248  98
1617  80
6807  72
1952  86
6440  82
1258  85
1243  90
1080  81
8228  69
1711  73
24|20
1784  69
2617  73
111759  75
134853  71
58998  84
1265  74
1198  84
3147  78
1197  81
1220  81
2424  68
5418  81
72011  68
54286  82
27773  71
64957  66
356  80
44191  81
1682  76
68358  76
25|6
58559  100
60069  92
74458  91
79132  97
527  96
260  100
26|21
10  83
34  83
47  83
150  83
153  83
165  83
185  83
208  83
225  83
288  83
296  83
300  83
344  83
349  83
356  83
380  83
434  83
454  83
457  83
592  83
593  83
27|20
1196  89
2478  51
2640  79
3508  79
3555  58
1201  83
3519  67
969  76
2080  70
673  47
2886  20
2529  86
1387  84
1101  68
1947  68
1250  78
1276  87
3114  84
1083  68
3809  75
28|20
27450  60
60943  60
61011  60
63033  60
5617  71
59369  66
60046  60
507  52
3300  59
55094  72
59018  60
26695  60
2951  74
3006  65
2231  64
5418  68
26812  50
2058  63
353  66
61167  60
29|17
98961  88
7379  70
1250  100
1201  85
111362  74
48516  92
1100  69
26554  90
3441  26
4327  70
2872  86
2301  75
1617  88
3681  92
55820  96
4223  83
99114  83
30|7
5952  100
108932  78
1200  100
91529  100
116823  91
112852  100
1198  100
31|10
1198  100
1200  98
648  73
1363  63
1073  79
1036  94
1197  99
377  89
1246  68
1270  96
32|20
236  70
314  93
1356  79
357  78
224  76
627  68
1079  87
1084  66
318  100
761  64
1197  75
849  70
912  85
880  68
1198  100
58  82
203  73
608  88
497  86
410  77
33|20
110  84
17  85
2396  84
2272  50
448  70
428  76
265  78
1280  86
1177  79
1617  83
50  94
261  76
11  85
452  48
345  77
608  89
150  72
1188  71
800  81
2690  75
34|18
780  68
2273  59
3717  59
26606  76
45499  64
3996  73
4310  67
3624  52
31685  67
1721  53
5146  66
7090  80
70  69
2006  64
3000  80
4306  70
27728  35
3997  39
35|5
11  100
185  84
595  88
21  85
300  73
36|12
5171  35
3066  69
552  41
4025  23
1262  74
2735  26
2359  47
1372  47
1278  64
2194  62
3347  61
1704  59
37|5
344  77
356  92
661  66
329  84
457  98
38|16
434  54
39  56
223  72
161  71
246  70
168  47
273  47
480  73
356  74
457  70
364  74
50  78
500  63
300  65
551  62
21  63
39|20
2571  92
2391  100
1921  100
1862  39
1219  81
1907  85
2081  97
2459  93
924  81
2529  93
1729  67
47  96
260  95
2080  79
592  80
296  96
3213  89
610  86
589  89
596  89
40|20
440  82
454  78
588  81
339  73
158  76
432  71
431  98
186  64
616  90
514  69
21  72
592  71
1  88
223  80
585  67
216  84
104  68
371  79
111  87
267  85
41|20
96829  71
64839  78
122882  67
6287  57
1569  68
106920  79
86781  90
3160  61
1721  59
2028  74
6763  40
5418  65
53519  73
122904  64
55247  73
924  63
4011  79
2324  77
35836  61
5995  67
42|20
3869  61
4654  84
1021  39
2423  67
3248  51
4477  40
2500  64
1431  53
195  66
3326  73
2407  67
1090  93
2735  65
3693  62
1020  67
4545  65
4132  44
2263  60
3535  78
2805  72
43|20
225  92
296  83
596  89
588  95
587  100
420  78
158  94
631  60
5  88
597  88
168  89
355  78
47  98
367  93
519  70
594  93
236  93
1  100
60  97
259  60
44|10
36  74
663  60
12  51
661  59
94  70
1  77
104  66
112  63
494  68
889  66
45|20
2718  68
1036  85
2028  93
1653  94
1682  87
2396  86
3249  69
261  74
4308  68
329  69
1367  64
2890  81
593  94
1127  85
2431  68
6377  90
569  68
1197  100
1060  78
2858  93
46|9
590  88
588  74
315  73
208  66
1  94
432  70
225  81
434  73
339  78
47|20
508  55
68932  64
72395  70
2420  54
597  64
148626  81
5989  75
96588  80
69122  64
6155  54
4975  65
30749  68
106100  79
45950  66
2028  70
4018  55
1259  69
6373  59
33166  63
2407  65
48|7
4886  88
1320  100
1527  87
1193  84
3793  86
48  56
1653  94
49|5
2028  100
1214  100
139385  77
318  94
527  88
50|20
8143  56
114335  56
136564  56
142074  56
171759  56
175693  56
179073  56
175707  56
71264  53
82848  56
1377  53
44555  63
8157  50
6807  73
95543  42
8253  68
96610  56
924  62
32875  56
4896  44
51|20
7040  76
5620  60
2613  48
4437  100
2023  77
1500  76
522  95
858  99
4508  89
2951  82
1014  73
1407  72
2282  78
2420  81
3388  63
260  97
3186  69
3994  75
3501  68
2371  70
52|20
152081  88
51255  100
74458  94
1923  93
7438  95
40583  71
59784  87
55765  95
112852  96
86892  100
55363  100
112138  91
49272  100
52245  100
69481  100
50794  76
1704  95
54736  85
44665  86
47200  91
53|5
481  100
1100  83
249  100
1125  100
916  100
54|7
296  56
593  70
639  60
1  65
205  64
161  64
500  59
55|5
2407  54
673  46
3275  70
2890  62
4011  67
56|10
786  76
253  74
165  80
110  97
589  85
370  68
434  70
410  70
69  69
185  74
57|20
2140  76
942  75
920  70
3175  74
1784  72
3429  84
933  84
1193  93
3446  30
160  49
1499  47
2640  73
892  74
11  62
2947  76
6  71
2478  54
2291  69
1688  72
2301  71
58|20
588  82
282  70
185  80
419  60
367  69
277  72
48  71
280  88
337  85
345  83
3  87
357  80
527  100
587  90
218  77
500  81
508  87
368  82
364  91
353  76
59|20
1696  40
6460  100
3489  79
1188  96
1222  100
2076  88
3448  94
1263  97
1247  94
527  100
1244  96
904  100
903  100
965  79
2616  68
1953  91
608  99
105  90
912  100
3471  96
60|5
832  68
58559  92
805  73
455  70
858  82
61|8
266  67
1101  71
7438  95
173  31
555  89
2012  72
4878  90
3949  85
62|20
99114  86
176371  91
3793  87
56757  73
73017  82
30793  67
179819  69
68554  70
185135  97
168248  98
5903  85
4878  96
2028  92
5502  78
6058  68
344  75
1721  74
45499  76
41566  74
78105  77
63|20
5669  77
4246  67
48780  80
500  65
6016  87
31658  81
2858  84
64285  70
85414  71
1221  80
106696  71
4963  78
50  89
1097  75
260  87
110  77
1222  83
4979  72
5952  81
77561  74
64|20
5878  94
3101  86
2640  72
2959  97
8784  94
2054  57
4239  83
4025  60
5026  82
40819  79
266  84
2699  54
27266  80
3969  81
1805  73
6296  70
4776  85
3148  91
4262  90
356  96
65|7
1246  78
33660  90
7458  67
2329  86
4993  87
91542  98
3147  97
66|20
593  94
47  93
5418  85
922  98
2139  79
2956  60
3745  80
1956  92
4581  80
5349  90
1210  91
1094  82
2001  70
380  79
6539  91
671  76
1  86
6378  78
7766  80
296  97
67|8
99114  76
4306  88
27193  68
79132  94
60069  76
2012  78
4886  87
4993  88
68|20
47978  65
95218  65
6534  51
48696  77
67267  71
30825  57
1799  77
3556  74
8622  73
4351  73
63113  63
58295  61
7151  77
2413  79
6287  55
653  59
41566  63
5541  66
260  82
48043  67
69|10
4370  74
4848  77
3671  99
2476  75
1193  95
356  98
553  100
4022  89
260  100
3994  83
70|13
1193  91
1097  87
1914  73
1269  93
4995  94
318  100
8949  79
1968  96
1210  90
89492  71
1250  100
1235  88
2366  72
71|7
494  79
647  83
736  70
95  70
733  82
589  86
7  64
72|9
1047  63
150  87
858  94
2490  69
1357  79
260  100
50  85
1198  100
1196  100
73|20
1193  84
45720  81
105037  68
6333  76
59315  75
76293  69
138204  80
2706  83
152081  74
45221  42
68135  76
150  71
8376  67
93510  85
59784  74
116823  81
106072  76
1682  80
52245  63
35836  72
74|20
31522  85
2594  100
2908  95
30749  91
6870  88
3006  85
52281  96
49772  100
55118  97
2997  90
6305  100
608  98
4546  95
41863  100
27773  98
6001  94
1251  88
6552  87
46976  100
44555  95
75|14
5445  82
1240  72
5952  75
2193  69
6870  79
2529  80
168  59
541  86
3176  77
1962  55
2078  91
1889  77
1266  80
1374  70
76|20
48877  58
5956  59
2918  61
58803  75
1247  67
74458  64
7669  86
79132  62
8957  53
858  73
55820  81
1258  73
63436  50
1201  62
1208  62
48  64
288  62
34405  56
1  72
1196  71
77|6
3996  75
4973  75
7361  95
8636  75
3578  93
33794  79
78|13
296  83
165  65
3809  66
589  74
546  71
27904  73
260  77
590  75
480  69
68791  47
344  44
44974  75
380  67
79|13
3266  100
3029  79
589  98
1916  100
307  49
4005  55
260  97
1189  78
1345  97
2000  87
1374  90
2659  86
2076  94
80|20
7445  82
96691  81
84189  85
91630  91
49530  84
8950  94
6539  95
4223  93
5630  79
3527  94
76251  79
80363  71
52604  75
6502  100
34048  79
1221  93
60684  95
6952  77
5989  88
77561  82
81|26
10  83
32  83
47  83
110  83
150  83
153  83
161  83
165  83
208  83
231  83
288  83
296  83
316  83
318  83
329  83
344  83
356  83
364  83
367  83
377  83
380  83
457  83
480  83
588  83
589  83
592  83
82|20
6886  67
2381  24
2378  55
6566  45
368  70
6536  70
3253  69
4310  54
1608  62
1372  80
145  65
356  84
6708  74
1485  57
4369  60
6564  50
6888  38
5803  47
4015  51
364  81
83|20
56367  64
7143  72
7323  81
6539  69
161  73
586  56
2115  59
1270  73
6874  73
2324  74
1537  79
7153  77
68954  65
48774  64
30749  60
8014  76
1222  84
3753  52
1223  94
64983  65
84|20
55  74
987  74
912  90
1096  63
420  67
1227  74
113  64
580  66
5060  70
1293  85
900  83
1097  76
62  72
368  75
1305  66
1247  90
1296  89
11  83
1073  76
1094  67
85|7
1519  76
1624  50
1140  76
1694  57
1643  61
1747  76
1635  89
86|14
4993  88
4310  84
6947  36
2411  44
457  71
5418  76
3996  74
4901  68
1835  95
33794  78
1196  92
3555  84
1097  79
2687  64
87|5
4023  52
2009  94
3504  85
671  68
2139  97
88|12
7312  81
74795  70
4993  92
68157  98
5952  92
1193  91
223  77
8665  93
4262  88
56782  96
8677  40
58559  93
89|104
26645  69
32060  69
44851  69
53280  69
53578  69
67888  69
69211  69
81087  69
84246  69
103602  69
108078  69
109596  69
118894  69
121007  69
128089  69
128944  69
131098  69
131439  69
134847  69
140481  69
146684  69
148632  69
150554  69
164226  69
30793  61
169912  52
87869  69
1923  68
4015  55
950  80
173253  69
2324  74
27826  69
92259  81
11  72
3977  58
86298  62
8154  87
77688  69
2997  80
170837  69
49274  49
157775  69
1  77
142196  69
99117  62
62008  69
72624  69
108156  70
3752  66
2059  64
128520  100
3175  59
133879  69
48649  69
126088  69
5529  50
65588  69
99130  69
40962  54
1732  76
68659  58
91666  69
2683  60
3751  64
750  73
6650  100
149508  69
2395  68
51575  59
65230  62
171751  69
85881  72
139157  69
6863  72
4246  74
108949  75
1230  78
160567  92
73319  55
177185  69
130520  85
5220  38
121338  69
153386  69
50872  74
149566  69
145491  69
4890  68
129354  59
32243  69
84944  60
6402  69
1288  82
140133  69
119141  78
947  90
176621  69
4973  73
158398  69
69469  69
54503  80
141928  69
102481  72
90|11
1137  81
1144  81
581  80
81  74
892  94
1073  86
116  63
896  40
17  84
7  74
613  59
91|20
3013  68
6395  68
8147  68
7153  78
3360  70
2791  78
3897  79
1080  72
4850  60
3429  88
7000  60
2060  63
2916  65
1391  71
2100  56
318  90
2146  56
1225  79
1246  79
8501  70
92|5
2572  89
2114  80
1015  73
2454  67
1801  85
93|20
736  75
1917  79
552  80
1721  90
539  93
480  97
1372  100
368  93
2355  96
1923  89
2193  86
2006  79
339  87
1097  100
1591  65
260  100
2968  100
1676  77
593  98
558  81
94|12
231  41
377  65
367  56
364  70
288  47
19  48
10  53
586  43
590  68
380  61
589  60
318  79
95|20
18  84
4878  97
6979  77
4732  56
3019  87
5246  35
32  94
2952  90
1247  82
1198  98
5283  73
3361  81
1513  69
2009  82
539  72
122  54
1584  75
1240  86
4262  91
5349  85
96|16
527  94
1094  83
272  75
3819  90
150  80
2021  76
2571  82
1214  83
2058  78
1220  81
733  71
2340  61
1721  73
2396  76
367  54
1291  84
97|8
4701  91
4306  83
3578  83
4993  91
4963  81
4299  72
3981  45
4161  88
98|19
81845  84
8961  82
122912  89
5299  83
63992  49
187541  50
56152  84
134853  85
69644  61
6863  76
5618  86
56801  71
3499  88
134130  89
74789  80
82461  68
1258  89
88810  100
79132  95
99|11
318  94
161  82
420  59
592  75
196  63
122  70
145  71
150  91
316  71
236  80
588  75
100|20
497  87
296  91
1393  88
95  56
592  79
605  71
6059  87
28  100
2245  84
62  74
4308  85
1777  80
838  85
2125  85
1288  89
234  76
1197  99
2005  86
4014  90
4623  72
101|13
2580  85
3285  48
2723  73
2700  84
2908  80
2390  81
3175  63
2395  63
358  57
2702  64
3394  57
2997  82
2502  91
102|12
158  72
588  67
150  76
592  57
253  64
480  76
344  50
539  78
553  72
593  85
586  61
223  75
103|20
86014  78
1954  88
60040  75
1968  83
77206  78
2161  79
1732  84
81834  96
608  89
2384  82
4254  44
104  72
139642  54
56782  84
2096  80
101  98
6534  61
374  65
60069  90
30793  76
104|20
4740  70
743  42
5218  71
8643  58
1288  76
47997  65
468  57
76251  75
8533  77
4018  59
38038  69
1566  70
7361  87
6060  40
3034  76
1641  83
4641  89
108190  82
616  83
7034  78
105|20
4788  82
69685  82
95311  82
95313  82
110586  82
141816  82
141818  82
170597  82
172587  82
172793  82
173351  82
173535  82
6433  50
4974  70
70286  83
108981  82
95175  82
69122  88
1243  38
3916  80
106|7
69844  95
72998  72
59501  87
86880  87
5349  85
53125  99
59784  78
107|7
231  73
253  84
590  82
165  78
434  72
208  68
318  95
108|16
800  98
6022  65
4995  88
2585  90
5316  73
4975  71
3978  78
5349  80
2926  68
4246  86
4878  73
4994  76
1968  88
1684  65
497  98
5380  65
109|20
380  62
1033  72
231  46
364  77
589  73
480  71
62  72
31  62
587  71
1032  67
586  55
778  58
540  47
256  54
163  75
252  65
223  68
553  60
537  64
168  58
110|11
26171  45
2468  49
1198  79
1089  85
1222  76
1208  79
4881  76
47  79
527  73
1193  71
2428  48
111|20
100194  67
162602  67
171251  67
2145  69
96588  73
65088  65
66203  55
84772  69
2081  73
91529  78
6365  69
45666  48
3255  79
1282  77
6539  80
86833  70
122882  82
59143  80
86911  70
5283  60
112|13
788  40
161  74
1917  62
16  86
21  68
208  64
434  64
39  79
3717  64
19  64
110  84
32  80
70286  82
113|20
4083  72
39  73
3168  74
932  76
2331  50
3359  79
1086  81
3504  80
1339  79
904  90
3546  72
4063  44
4062  57
1077  78
1589  72
2475  60
3831  72
46  62
1733  81
4007  81
114|7
141718  67
54001  72
2291  74
167732  67
122886  72
8961  73
3147  80
115|20
1580  78
2804  93
1387  81
2792  84
3146  55
3273  54
3052  69
2841  84
2719  69
595  77
2700  86
383  93
2027  51
2148  64
2770  70
3785  68
2916  75
3175  83
588  80
1377  64
116|18
2716  69
858  86
1299  70
62383  70
1339  100
1276  84
597  69
1029  69
1101  62
2797  79
2657  73
1961  77
1407  64
5995  71
1704  75
165  62
2115  76
8360  68
117|20
708  79
587  75
589  80
151  78
36  73
1036  77
595  74
288  58
596  69
48  62
315  65
454  70
353  76
474  73
10  58
60  74
805  60
491  63
616  76
485  62
118|5
1221  85
1625  100
153  57
1961  85
1810  70
119|20
95441  67
117176  88
1092  82
91529  88
74458  92
4387  89
79132  94
168252  96
44022  83
78499  92
122904  88
106782  85
442  76
4993  92
31685  75
6365  80
141004  40
4148  75
88744  89
8644  86
120|5
260  79
32  70
5  56
631  76
52  72
121|12
497  89
440  68
161  70
527  87
292  65
344  52
186  56
316  64
1  94
19  43
163  41
337  69
122|20
27660  87
69784  99
7022  100
148652  60
4816  94
56174  89
94959  98
81591  90
71535  100
30810  90
2997  94
1732  99
108932  98
780  94
1090  96
3253  100
106782  99
72226  90
1200  99
1214  100
123|12
68554  65
115569  87
79132  85
109487  89
1196  92
4226  81
296  90
7153  85
143458  80
47  84
96829  78
2858  78
124|10
56145  73
2161  84
260  79
175  78
1358  83
6377  95
4226  92
3147  85
608  92
1223  82
125|20
5088  77
86721  77
110330  77
54503  88
72011  74
162578  84
119145  91
176371  89
55247  77
1240  89
86332  77
68157  88
112623  92
4082  40
160567  100
3342  62
109487  83
88140  78
98607  77
81562  83
126|8
364  74
349  70
231  63
380  68
410  56
300  70
253  70
457  78
127|5
2915  57
903  82
55276  75
5060  62
272  75
128|7
904  100
965  79
926  99
1066  87
1721  76
1080  98
1198  97
129|20
4370  65
480  84
3698  67
2692  88
2138  80
1968  78
8368  83
653  63
7143  84
316  73
6874  90
239  59
2916  79
733  78
4896  78
2028  93
3977  62
3000  91
1907  74
31658  84
130|6
208  53
316  60
292  69
110  88
590  72
296  72
131|14
2273  56
6947  73
58559  77
908  76
4878  76
89745  64
7256  69
68237  80
2722  57
2028  78
48516  77
3178  71
64614  75
969  80
132|20
6251  61
3275  73
4995  71
2987  60
7444  58
3262  58
4168  60
31658  74
44191  69
1089  67
3967  65
5502  63
50  76
58559  83
5992  55
2108  56
1844  68
2657  62
47  68
2470  54
133|7
454  69
356  74
589  57
150  63
153  46
380  56
527  82
134|7
442  65
595  78
349  74
380  74
367  68
509  49
296  69
135|20
592  82
4084  60
893  60
3994  77
2004  71
608  86
1358  85
3852  53
3489  63
1614  58
1198  93
4128  73
1883  43
2302  59
1291  82
410  55
1261  88
4022  84
4881  58
1077  69
136|20
161  76
193  38
585  56
338  76
277  65
380  67
181  38
337  75
437  54
165  75
611  97
151  76
340  58
252  70
432  65
552  58
350  77
280  82
273  62
150  76
137|20
6787  92
2716  78
1198  84
750  95
919  92
1270  83
318  92
150  82
2997  81
1200  89
6986  80
7153  84
1242  94
110  73
33493  65
1197  91
2959  83
1237  82
903  92
7762  77
138|5
2707  56
1960  49
1959  76
849  96
3996  88
139|20
4025  31
7445  41
60684  46
4865  36
68319  30
7090  47
5502  37
260  54
8371  35
53953  44
58025  38
106782  47
6957  52
7163  32
3827  35
3624  33
52722  32
54259  48
4367  33
115617  44
140|20
5699  70
5299  70
1393  73
356  87
609  72
32596  83
4795  62
34072  74
1617  83
5256  52
5943  57
1084  76
4337  70
3108  73
43396  76
4719  69
1005  30
4321  69
5812  77
4259  82
141|20
5418  83
54503  80
4963  80
2478  68
71535  79
317  66
68954  77
54286  80
6365  65
54272  66
4447  71
5502  63
6377  81
6373  68
1265  73
91529  75
2502  88
441  82
1517  70
48516  87
142|8
434  63
384  70
588  72
50  73
527  89
356  90
337  67
377  86
143|15
1721  81
61250  55
6942  84
7169  69
8533  69
106696  82
3421  61
87232  77
78316  71
69069  72
59421  42
2144  71
96821  73
7173  63
500  75
144|20
589  71
541  74
8368  82
597  74
590  84
410  61
1246  84
527  89
356  86
500  64
19  55
2700  83
434  56
733  72
780  72
1036  81
5377  88
552  67
586  65
2081  70
145|5
344  60
339  67
380  68
318  84
588  62
146|7
7293  65
3257  50
32  76
1367  51
3686  40
410  51
47610  69
147|5
1234  91
168  71
552  59
555  75
2395  20
148|10
88125  81
5618  83
108932  79
81847  74
72998  69
5816  91
8368  86
7153  77
81834  85
4993  74
149|12
1097  56
1374  64
1831  22
1527  52
260  70
173  32
1206  78
1200  63
2021  46
1580  54
1391  54
1375  47
150|6
3  70
1356  76
5  65
95  64
733  77
1073  79
151|12
786  74
562  71
780  76
837  57
747  62
1265  34
828  61
1073  69
1  80
648  68
1393  79
1359  60
152|13
50  85
2959  89
116897  80
89492  62
1193  88
69481  79
85774  78
115713  95
111  88
92259  94
1234  90
79132  82
318  87
153|20
134853  49
1732  51
8533  38
4014  45
81456  60
106782  41
8528  51
6863  44
87194  70
2617  43
1246  50
106100  60
1954  47
7458  35
4226  55
89904  65
72998  43
133780  44
586  33
36535  36
154|7
114662  80
119145  99
81834  97
122904  89
106072  81
76093  86
77561  80
155|10
153  55
3286  37
1200  81
260  92
141  70
2355  77
2384  51
2948  66
432  51
2959  94
156|20
26313  74
31038  74
1230  91
1711  61
3341  100
6296  86
762  47
2361  74
2076  85
4784  63
661  81
2926  72
8571  74
47  79
3176  78
58  77
848  23
866  91
1485  56
923  96
157|5
785  62
3617  71
2720  42
2770  50
527  79
158|6
1093  67
2605  65
2872  83
2723  82
2428  56
66320  70
159|20
2959  66
60069  76
45720  65
597  69
4022  67
89864  79
49286  77
140110  71
84954  58
4447  67
1197  83
68954  72
6942  82
1961  78
106696  81
480  63
539  67
166643  64
40819  79
63082  67
160|20
126  45
1371  47
1198  79
196  39
3408  43
5349  64
3213  69
2408  52
839  32
3593  13
2748  23
533  56
1975  59
1676  42
3745  68
2011  44
733  51
3826  40
778  68
2840  52
161|8
4980  72
7247  70
47610  83
1223  89
38038  92
3429  96
2144  87
2336  72
162|8
150  97
225  77
168  75
50  95
300  95
266  89
31  81
62  87
163|5
1608  75
1810  59
1747  71
1777  58
1837  47
164|8
1036  87
2916  80
110  95
589  93
3527  88
1101  80
1201  86
2167  88
165|13
2353  70
3624  71
110  83
5505  65
5527  73
3256  53
5956  47
5418  75
5530  43
5450  65
1127  72
3409  40
5881  37
166|20
33794  91
1721  73
4011  95
5378  66
3481  86
49530  81
2353  67
47644  57
54272  80
8961  92
1198  98
2542  91
1036  89
608  89
434  65
5219  68
5418  87
2396  82
349  83
2324  88
167|20
33493  69
4886  76
778  81
3052  73
7147  77
6857  76
45501  33
6480  69
1682  77
2231  83
784  62
33794  73
2083  76
2413  79
6333  71
8961  82
2139  79
150  72
6773  65
35836  71
168|19
3730  100
1248  100
1201  98
1089  100
296  100
923  100
1222  100
5291  94
3543  92
1302  84
3362  100
1148  97
3101  84
57669  88
2076  96
1729  88
908  100
85354  60
80463  90
169|20
3536  92
2028  99
364  93
953  87
4886  95
5400  83
8644  77
524  82
2795  93
1022  92
3114  87
3967  85
1517  85
1035  93
8641  93
6365  85
661  93
457  89
3287  50
1416  73
170|10
318  84
296  62
586  55
377  69
34  77
592  62
277  57
500  61
266  69
588  69
171|17
485  94
1220  99
1025  100
801  100
1259  100
1079  100
828  70
317  29
869  70
380  93
1136  100
1225  98
661  90
318  100
47  100
1198  100
1208  100
172|6
3087  72
3578  79
7438  85
2072  72
3793  78
2762  79
173|5
10  63
329  74
586  54
597  68
588  77
174|14
553  61
520  49
224  74
648  79
161  77
317  67
158  77
780  79
315  77
485  59
282  68
440  77
350  78
10  72
175|5
531  72
8911  71
43904  46
38388  70
8362  66
176|8
165  82
434  74
39  78
368  84
380  78
780  99
47  87
471  70
177|20
42002  62
91542  65
6332  40
3668  71
45672  52
783  56
27706  66
2657  67
114662  70
1206  78
83132  74
5218  69
508  70
3114  73
1321  70
2176  70
8798  74
88140  72
2012  65
339  62
178|16
7361  86
527  92
2329  93
5995  78
6502  95
4235  80
1198  99
208  58
6539  92
296  89
349  81
10  78
4226  99
1240  60
2579  76
318  99
179|14
367  74
589  81
161  80
231  68
288  56
743  48
1061  73
317  68
786  69
592  67
671  68
296  75
434  69
364  84
180|5
1261  81
260  66
1748  84
1242  82
2140  86
181|20
157  59
593  75
596  52
353  68
539  67
516  66
132  52
169  42
25  68
31  57
542  70
6  64
707  58
185  56
464  58
502  46
415  53
480  79
592  60
344  47
182|20
4879  70
6969  70
3911  74
2728  76
4313  70
8042  68
1291  87
3113  64
3578  78
1590  69
161  71
4452  53
224  81
4980  60
4262  84
2353  68
2890  79
1127  69
541  83
6041  75
183|12
480  83
380  82
1196  89
2951  77
2534  60
4085  72
1287  90
2194  87
3247  68
1233  83
2662  60
1408  80
184|20
158035  74
181413  74
193565  74
97304  86
74754  60
168250  67
191005  74
106072  67
166291  88
127152  90
86332  71
80463  82
5816  73
122898  71
81845  78
5810  75
170813  60
174479  74
112852  82
148626  77
185|10
1685  69
2396  71
5377  75
1721  67
5952  86
1393  76
595  71
2085  67
4995  73
899  77
186|20
2605  67
1214  93
1291  96
3745  92
1269  96
2527  78
2532  65
4361  98
1307  89
2968  97
4306  100
2541  67
1702  55
480  86
1097  94
3977  71
919  90
3527  86
593  100
1196  100
187|20
26122  76
3949  86
49272  90
231  66
1206  91
6874  88
1729  79
1209  80
48394  78
6502  90
2701  57
4027  85
288  85
2542  83
7153  83
39427  53
6890  95
1222  92
8949  78
1748  89
188|10
2346  95
1212  100
594  96
1282  97
3469  87
2396  96
1091  76
3341  100
1264  87
2206  100
189|5
48516  93
4993  89
79132  83
2959  85
58559  91
190|14
6711  95
4776  75
8784  77
4995  78
5630  72
4306  71
30749  97
1221  88
4975  68
8961  80
858  88
8464  80
69844  76
7438  82
191|17
496  74
21  74
72  62
175  100
494  73
417  47
17  90
6  78
85  76
292  73
314  98
58  81
235  70
213  67
161  74
160  65
162  83
192|5
356  96
288  64
316  68
349  82
432  75
193|7
44555  75
55442  82
4878  80
6016  84
307  79
1270  65
5618  82
194|5
163  70
1396  69
1500  66
1288  80
5060  82
195|20
3424  100
2770  55
1041  87
1653  90
1923  78
3160  79
4723  51
1863  34
2336  76
2166  21
4308  67
1909  59
260  80
2028  80
3252  80
2908  76
1392  75
1365  81
70  71
190  67
196|7
70286  88
3578  77
59315  76
58559  93
364  78
1214  81
110  80
197|7
1513  59
1240  66
1882  39
786  61
2167  67
153  68
1784  100
198|20
3894  70
3499  73
920  70
1213  86
3949  80
1994  72
1485  51
2572  80
4019  64
1089  83
110  86
593  79
4128  73
1270  72
4886  79
1079  79
2117  86
912  76
1573  58
1682  77
199|20
5464  68
2165  80
2280  60
736  54
5673  75
349  65
5502  70
482  76
8532  68
1172  87
300  73
50068  72
4881  75
3175  63
7445  66
2973  73
34338  53
41997  72
1956  78
377  57
200|20
3809  75
7022  84
50802  60
3968  71
2485  55
500  72
5610  63
590  82
1029  61
53996  83
2572  77
4993  88
4041  76
57640  94
1302  79
1784  84
6383  55
1653  87
1569  74
1517  77
201|20
1748  95
1527  86
1584  84
2858  97
339  81
589  96
2717  71
994  94
788  55
1196  100
2797  88
733  83
1259  94
2174  85
1198  99
2455  82
1569  85
1213  98
160  53
24  100
202|20
3329  76
924  90
29  82
2289  81
1197  94
1196  93
2966  79
161  86
608  95
1209  84
1296  88
3194  70
1784  83
469  75
923  93
2000  83
1587  72
1719  100
3147  89
32  89
203|9
56174  70
8665  81
2407  65
5952  87
590  94
49272  79
40815  77
333  95
296  91
204|17
1136  76
3949  85
33794  84
48394  73
27075  80
1080  74
79008  81
6104  84
8874  76
81591  84
4878  90
91658  78
711  63
2313  77
86320  68
55820  100
5218  64
205|6
912  78
99114  86
91542  80
5816  93
95167  89
96079  82
206|5
36  89
608  89
733  90
140  72
141  82
207|5
2991  58
2428  47
2707  36
3740  64
100  57
208|6
1210  76
2628  39
380  54
2353  50
2278  69
2762  73
209|7
60684  78
1291  77
68157  95
74458  100
185029  85
122886  78
88125  90
210|20
123553  83
34405  100
166203  83
3147  97
31696  85
7649  50
58559  86
2105  69
6365  81
34397  83
4625  40
84772  88
122926  97
76093  85
62836  83
33493  87
1584  72
47610  89
108932  86
122918  90
211|18
58559  91
63113  83
90405  66
57669  96
60684  89
7153  90
73017  78
2105  78
4367  66
356  92
2642  44
1556  32
318  93
44665  85
85414  77
1198  84
1136  83
260  87
212|20
170697  80
122920  72
122892  72
2571  83
5218  68
48394  72
3578  77
1196  88
135143  72
74795  71
179401  70
79132  78
77800  99
108932  70
110102  75
96821  75
8874  83
65261  80
59784  68
2291  78
213|17
3285  51
87520  64
80363  61
76251  89
8957  84
2860  65
1234  82
5419  67
51935  92
69844  90
39446  79
4132  47
858  91
69526  57
4558  74
49530  79
58559  100
214|5
83  56
628  60
743  50
1363  58
802  63
215|20
1172  84
4973  88
63082  86
1291  84
2028  82
3252  68
3210  81
1968  78
1247  90
49272  86
1089  78
72407  53
5650  77
318  88
1208  79
2000  96
1197  82
1196  78
1297  66
4019  77
216|20
104  59
21  85
3996  83
3946  52
2946  64
3993  43
3897  81
2599  82
34  84
3994  63
4034  88
3363  78
1965  82
3422  83
3555  68
3253  63
2087  76
3986  57
2018  77
1923  72
217|20
1867  55
3434  55
1275  67
2468  34
3197  49
1912  50
2302  57
1876  48
380  55
1221  78
2471  34
1918  47
1385  40
3165  80
1590  44
1562  30
1703  52
2056  55
1831  32
160  34
218|6
2657  55
2692  74
1380  33
1198  78
6934  74
5349  73
219|20
60072  69
2115  72
59315  76
6539  75
442  52
30707  77
1704  80
180  65
1219  79
1005  55
27773  65
56156  65
6188  74
6721  64
30825  56
2997  72
1552  58
1500  68
2890  67
1921  83
220|20
3996  73
733  77
1198  96
3994  79
6539  90
1258  88
1917  68
4545  73
33794  83
165  86
71264  62
4623  89
53464  48
5218  78
6365  77
3751  81
32  83
1036  83
5502  74
1591  52
221|20
4338  82
7013  89
8529  75
1080  96
3246  92
2871  95
1208  98
7063  100
2702  59
4029  88
5954  97
2352  74
922  96
2997  97
1278  93
2858  92
1212  100
1959  83
1961  91
3671  78
222|20
81831  63
100498  42
48516  78
1249  72
99813  72
91529  63
59900  55
93287  80
1721  52
2706  58
3273  39
2411  59
64622  68
7143  64
87869  69
778  79
30825  55
42011  42
673  55
64839  73
223|15
55854  65
6711  76
1  70
736  44
1961  72
457  60
2716  65
48394  55
608  66
8784  69
48516  78
3863  62
4306  73
260  72
2683  46
224|11
3496  82
3044  94
356  89
2915  86
289  67
3668  86
1270  86
2797  89
1721  77
2716  88
1259  95
225|15
2423  78
1285  88
588  79
1717  67
2791  72
1321  81
1136  88
1197  96
1753  88
2004  73
2371  79
1407  70
785  68
1060  78
3024  64
226|20
6938  69
32666  69
3552  76
542  41
1240  73
3098  71
2804  79
3668  71
3653  65
2231  78
145  64
2253  60
3052  77
2628  55
762  45
53129  95
4816  74
16  85
2144  80
46948  74
227|19
46976  71
52319  83
81845  82
109487  86
134130  86
215  80
48738  99
47099  99
1196  100
32587  72
912  89
55721  100
1682  91
750  100
778  100
40629  71
97913  76
70286  77
150  70
228|5
2571  84
1373  54
362  71
318  80
3113  52
229|13
34  86
589  78
377  77
45  66
587  85
5  69
475  100
442  76
597  71
364  92
213  67
110  90
527  95
230|20
34330  59
52715  59
47  64
7438  72
527  72
3147  71
45499  56
6537  51
2291  66
1387  66
6863  64
1485  42
595  49
4022  61
2096  67
588  64
4034  66
1676  60
8644  58
2641  62
231|5
92259  68
858  88
593  83
1198  87
109487  88
232|20
31867  65
41769  65
57526  65
70336  49
8644  63
1586  62
44972  31
4019  73
43928  35
30883  30
65802  54
8376  57
39292  67
1035  68
66198  61
66097  76
32011  44
6564  48
7451  71
33164  30
233|20
48394  64
3751  64
48516  78
1721  59
356  71
106100  79
162600  70
608  74
7153  76
134214  73
57669  76
122920  57
2329  75
4239  75
7371  81
3977  43
3147  76
3948  65
49272  73
5418  66
234|20
2616  63
2140  80
172  57
126  39
1562  43
4519  67
153  54
2710  76
3624  71
3483  52
1391  71
438  76
1460  70
2987  79
65  44
260  91
1359  52
3175  73
588  77
2080  65
235|13
480  78
736  70
500  69
454  77
592  66
235  68
595  78
32  77
527  95
648  86
223  76
588  78
377  72
236|30
1214  83
1278  83
1345  83
1350  83
1387  83
1388  83
1982  83
1997  83
1998  83
2447  83
2459  83
2490  83
2496  83
2502  83
2505  83
2542  83
2572  83
2580  83
2596  83
2598  83
2606  83
2657  83
2683  83
2694  83
2718  83
2770  83
2806  83
2858  83
3024  83
3052  83
237|10
32  69
4254  42
94959  74
293  82
1371  71
1193  71
7361  80
7980  77
43936  60
1374  81
238|9
4954  77
3528  78
4265  44
4901  60
4238  61
593  89
4499  85
4957  40
1193  84
239|20
58559  100
5459  71
4085  76
380  75
95  56
7445  81
608  84
7147  86
6378  78
2115  88
4896  83
36529  89
3994  84
33679  74
47  88
590  92
4022  83
208  73
733  77
51662  89
240|20
368  84
543  72
480  93
367  74
810  87
500  84
546  47
110  94
173  57
1  96
542  75
104  87
34  87
174  70
204  57
225  74
383  82
262  89
434  73
420  64
241|16
81786  79
71899  86
527  80
1206  91
1193  82
99114  79
100714  60
8981  86
53123  80
116897  97
56367  89
3910  77
106782  79
115569  82
4235  87
48780  83
242|7
39  70
380  75
231  65
457  88
592  61
454  83
111  72
243|8
112  86
353  100
62  63
588  83
193  45
586  78
181  55
376  85
244|19
3090  80
1049  77
110  90
257  71
165  66
151  79
1090  99
3755  100
2278  93
648  75
1580  76
1957  79
1610  89
1196  92
3256  72
1573  66
1242  94
3753  75
2243  88
245|5
3196  80
2739  58
3114  65
3274  42
1361  75
246|20
1304  79
616  83
1680  69
6016  98
3081  83
44191  91
60684  91
4973  98
1732  88
1298  85
53125  92
2291  94
2692  90
293  97
4011  96
5013  55
60069  93
48082  93
82202  34
95167  92
247|20
48516  88
593  86
2858  81
49272  81
1961  74
44191  76
527  89
116797  81
68358  76
122886  78
480  62
223  83
1265  73
2078  91
1198  81
1682  76
6377  84
1089  76
953  87
919  78
248|11
4886  81
1198  83
166528  83
176371  38
316  68
147374  83
102903  81
189333  80
122912  76
58559  81
5218  77
249|20
110350  74
102903  68
2167  79
94959  83
84601  80
2395  69
97306  77
3408  70
89047  74
91500  72
91542  75
40815  80
69844  82
904  95
46723  70
3826  64
68791  68
88812  63
67695  37
50  91
250|6
1282  91
2407  87
318  100
1597  59
1246  91
8880  99
251|5
142115  90
293  92
356  100
318  100
1089  100
252|8
164179  94
89745  91
6377  85
164909  94
1682  98
166643  72
143355  87
78499  86
253|10
44555  100
916  98
608  99
2300  100
7099  99
4217  100
26366  88
1192  90
4642  100
3363  77
254|20
46578  78
44195  86
207  71
49278  69
6333  85
780  69
110  81
1210  91
49272  86
27846  79
32587  86
2571  89
44929  80
47  85
293  92
1580  72
5995  78
32  87
592  73
48394  72
255|9
1270  55
4467  78
2023  40
3501  45
1663  57
1394  65
3392  55
2542  62
2915  62
256|20
3247  64
88744  88
377  86
4973  84
53972  73
118696  75
95441  70
104841  83
71535  85
2953  61
81229  83
53121  63
30707  86
2571  93
68791  79
170  59
6942  83
90405  68
6537  78
33493  82
257|5
1500  52
594  57
2502  89
494  60
2406  69
258|5
4995  92
7147  71
72641  70
76093  84
47099  75
259|6
508  59
5945  62
1784  63
4886  65
1356  76
1584  40
260|20
7361  90
3556  90
162  84
903  95
5690  95
6337  77
4878  86
5617  81
342  50
5219  47
2997  88
8011  87
1206  87
3317  88
6709  63
8874  93
2348  73
3822  73
2959  90
8645  81
261|11
3897  64
16  89
2060  62
296  92
2723  73
1682  79
4085  75
2194  78
7361  85
4238  82
58559  84
262|12
708  65
539  70
457  78
322  71
339  58
85  76
26  74
17  76
213  67
273  59
593  84
728  70
263|20
223  62
150  75
500  69
2987  71
2953  35
110  87
4226  91
8370  79
1197  89
7458  76
708  69
1111  83
2125  97
6942  91
5013  44
163  72
457  79
8636  76
1967  80
2085  69
264|12
7841  90
1376  59
151  72
5816  84
1907  78
1320  89
1917  54
150  82
3578  85
1090  100
253  81
1876  68
265|20
3807  66
316  67
253  77
1302  76
724  81
1240  76
3504  76
230  67
3831  74
1956  84
3098  72
529  78
1270  74
3791  17
1177  70
2322  69
1488  32
2474  56
1198  85
1962  73
266|20
476  71
2812  71
2700  83
2278  82
24  100
2770  45
2702  48
64  47
1405  60
2580  73
1527  73
2167  72
457  74
1580  67
2300  84
1923  79
2094  59
132  60
2571  89
2097  43
267|12
2858  93
593  95
1175  100
3006  71
1302  87
3999  53
3113  58
1093  94
589  95
2571  100
923  100
3996  97
268|20
1641  74
587  62
1125  68
1911  42
2802  57
1036  74
1370  57
50  77
2064  75
1784  72
1912  67
1966  70
454  63
1234  83
2247  62
1394  80
2829  72
802  68
260  79
2858  85
269|6
724  89
743  59
95  67
1  86
63  54
648  67
270|8
661  55
62  53
79  53
628  60
14  55
1356  68
141  64
25  66
271|9
3897  78
32  77
2791  70
969  69
6787  72
2858  86
55765  63
1320  65
2288  72
272|7
177765  75
1240  67
51662  68
122922  44
49272  80
158238  70
6365  74
273|11
440  82
593  96
500  77
608  93
223  98
111  100
150  88
21  79
466  64
235  76
520  54
274|20
50147  65
2947  75
3037  81
1645  69
4951  69
2036  52
1359  45
35957  64
553  75
76293  47
3918  65
1503  21
45431  69
4816  70
54999  62
5667  65
4876  50
56805  68
1921  86
54004  61
275|20
1784  82
2289  96
5884  82
1171  78
357  85
1912  87
2539  77
235  79
4886  84
2572  78
2355  81
3253  81
1192  92
926  100
111  96
2100  77
3089  94
1393  80
1719  97
1392  62
276|9
673  100
356  100
466  63
104  90
631  97
648  82
2  80
1367  83
344  76
277|6
637  61
736  68
656  68
1  84
780  79
260  89
278|5
2371  100
1347  42
4002  84
318  92
2369  48
279|20
134130  80
1101  58
166528  83
90405  64
61132  87
79132  84
56782  93
97913  85
1608  60
4226  77
59315  71
88129  81
54286  78
1258  89
8665  78
58559  84
4993  89
8376  56
107406  72
1200  80
280|20
92535  93
344  72
262  84
3146  45
4239  82
4447  80
8638  54
919  92
72641  95
86817  50
8368  88
49530  87
6863  85
35836  76
55052  72
54503  93
4246  83
48516  95
1911  67
3916  83
281|5
46578  76
8361  60
35836  71
3897  74
3861  62
282|20
5995  97
3977  61
3263  57
25  88
6708  80
2683  77
4718  66
6711  97
5481  70
6863  84
5669  81
3752  70
588  89
80463  95
1921  100
1193  92
4369  66
48322  78
1194  75
784  60
283|7
1580  59
39  51
1704  73
356  83
586  44
2082  49
805  74
284|18
474  77
173  56
2  83
296  77
15  85
348  56
248  75
318  93
47  87
353  82
275  47
44  60
339  75
367  65
276  70
165  75
637  81
235  81
285|8
1193  92
949  73
1247  85
6978  63
113207  79
4447  66
441  92
296  89
286|20
454  70
778  88
5989  79
1333  86
165  79
500  68
7438  81
2294  64
4993  88
4995  87
7361  85
70  76
4980  71
1258  84
4963  80
1097  84
4848  79
539  66
377  68
110  87
287|20
3160  60
3578  64
223  53
2633  80
1059  58
586  37
3005  50
532  44
1193  66
2599  41
2028  61
1485  42
3826  31
2081  51
8949  52
2012  42
101  66
4034  56
2422  26
2115  58
288|20
4473  63
4966  63
1008  63
2867  66
42015  55
141  63
2571  82
13  71
53519  48
2407  65
5418  67
3916  67
2347  40
2528  52
30810  74
575  42
32587  77
587  60
2517  53
8361  57
289|24
3  83
16  83
235  83
266  83
594  83
708  83
750  83
1080  83
1101  83
1208  83
1220  83
1258  83
1917  83
2012  83
2174  83
2710  83
2797  83
4322  83
6125  76
6327  83
6453  76
7025  83
7028  83
26704  83
290|20
1228  94
1299  96
2494  95
2739  90
608  98
2130  88
908  100
341  83
1447  63
342  70
1056  66
1719  100
953  97
928  86
1394  100
2648  78
475  92
2731  93
1357  84
2385  40
291|7
40815  94
122892  84
106489  100
134853  98
7153  95
88125  97
1  98
292|20
520  70
103339  56
122900  71
4896  69
2291  69
474  58
85056  62
46972  64
95167  65
164909  72
3176  54
3476  60
1608  59
31221  23
1101  59
3985  66
3984  67
1017  61
69844  82
231  58
293|5
1682  26
1673  81
344  40
1617  44
1097  64
294|20
416  32
3869  49
1064  39
2794  32
610  56
2133  51
1391  49
3868  40
1129  56
520  40
3387  43
355  22
2378  45
3693  40
785  50
2193  57
2367  48
2458  45
348  57
3501  44
295|9
1221  75
3198  77
1287  79
1213  72
4351  67
1198  72
858  74
318  87
2329  80
296|6
160848  80
2028  74
169034  80
4144  82
50  82
2324  92
297|15
832  60
543  66
1645  53
111  56
454  57
1089  73
6  56
1249  83
1047  56
1370  43
1488  63
150  55
170  41
1092  53
866  53
298|20
57640  52
95510  47
6811  39
8370  53
8807  50
63131  56
6881  49
3785  37
122900  48
103042  47
6294  22
2167  47
2005  50
6006  28
653  37
55995  34
3018  53
69757  57
103772  42
3825  32
299|5
3793  79
1387  83
188  99
1198  94
1214  86
300|32
318  83
356  83
527  83
593  83
1172  83
1704  83
2028  83
2324  83
2329  83
2571  83
2762  83
2858  83
2959  83
4848  83
4973  83
5995  83
6016  83
6711  83
7361  83
8950  83
48394  83
56174  83
63082  83
79132  83
81591  83
92259  83
99114  83
109487  83
112183  83
112290  83
112552  83
112556  83
301|20
21  61
357  67
2490  69
6711  72
589  70
8949  58
837  66
3948  73
364  72
527  83
5989  74
4963  70
608  80
292  63
3578  75
3897  81
4226  79
3753  57
1393  68
1792  77
302|7
480  88
14  77
3  77
25  82
648  78
707  79
110  94
303|11
5378  76
3703  95
1127  87
5544  75
1196  89
3471  78
1580  78
1394  81
2683  65
920  53
1358  84
304|20
314  83
2571  97
2433  59
10  72
1376  76
480  85
1373  57
1777  79
1270  92
1517  83
151  82
356  91
208  58
474  82
1214  89
1375  73
640  62
1722  54
185  53
2701  44
305|20
74624  78
140627  78
87869  80
919  77
1197  89
106100  90
138210  75
788  56
7482  85
80590  55
103075  55
903  88
6537  74
93840  90
54736  79
592  81
2288  96
58803  72
55276  80
1272  79
306|20
5784  41
68954  71
69644  45
6377  68
95543  56
81847  64
111743  67
85367  88
168418  74
167018  89
72998  59
122904  73
69406  71
85788  55
4963  74
115664  64
134368  76
112852  71
161634  59
133419  69
307|20
2190  54
4181  54
31424  54
49314  54
5010  60
7845  59
3392  55
1220  61
6793  10
6483  10
2332  30
56003  60
1991  37
3273  37
4876  41
3421  63
1409  29
413  43
4447  46
52867  54
308|20
2959  67
45517  44
96821  33
72998  47
318  62
2  32
904  48
589  43
8961  58
56152  41
56367  56
5618  62
36  19
410  36
79132  57
4993  62
8464  45
1221  54
2248  77
6  61
309|20
2202  94
1645  60
898  89
1682  74
296  87
1089  86
1269  81
7153  88
6947  85
8340  75
1104  93
7218  77
25886  99
1219  88
8154  87
971  73
1944  83
6365  69
1262  88
2762  85
310|13
6863  61
6947  65
1101  74
6503  24
2524  72
2457  72
5899  80
733  65
246  86
3254  70
1223  95
1080  71
2671  61
311|6
6561  45
5992  73
1517  46
6461  47
1407  43
2706  27
312|20
5816  69
1375  71
3499  83
589  85
2454  68
1358  80
4878  87
4103  84
3793  70
2028  88
1371  64
4121  57
2366  56
2747  46
4105  79
5446  68
2699  68
2529  87
1350  81
1356  73
313|20
4980  56
170  69
3917  61
2455  66
5544  76
541  88
2193  68
2000  78
6  75
1968  81
1089  83
1301  64
1240  78
3175  71
4865  76
2005  72
2167  71
1375  65
2087  81
2530  56
314|20
7  71
1042  64
44  39
165  61
457  71
293  62
597  55
329  52
442  58
26  74
830  62
728  70
618  61
107  56
536  60
10  54
1376  69
153  54
208  47
150  65
315|7
1262  77
2729  73
2529  78
2067  70
2553  65
909  73
902  74
316|11
1748  74
253  69
3968  65
158  40
5445  65
3751  60
7438  77
6874  78
48  51
3882  46
2572  68
317|20
133115  75
73321  57
91529  77
74545  75
7445  70
1213  79
48774  75
4262  75
1884  80
5989  85
3578  82
4011  91
68358  73
1208  71
72011  72
3897  60
3499  74
96829  79
116797  84
56782  88
318|20
26713  75
81191  75
90245  75
111817  75
127180  75
145080  75
150696  75
7445  74
1090  87
116799  91
82459  87
48385  76
2294  72
64839  84
88125  79
109487  83
4021  90
33794  83
54286  84
89753  64
319|7
115617  93
6377  90
356  94
136864  65
1221  100
122904  84
110  89
320|5
72998  67
71535  82
31184  75
59315  62
1013  64
321|12
587  86
356  86
160  65
592  63
597  71
780  87
339  75
355  53
410  64
3  67
500  71
457  83
322|20
2882  40
1968  66
2542  72
58559  83
2788  81
2146  72
2617  41
2918  65
778  74
2599  73
4027  73
4993  80
1230  81
51540  53
1  76
1617  74
1923  67
4010  58
11  78
1035  70
323|20
377  63
480  73
356  76
1094  68
161  65
115569  83
1198  84
29  34
551  61
22  57
318  88
112183  65
253  61
111659  53
3257  59
260  97
150  71
329  55
342  61
266  55
324|5
2764  83
3972  79
3864  32
3949  75
3897  75
325|20
2848  71
235  81
2986  45
262  83
1573  60
2596  72
1584  65
1217  95
1676  63
4714  43
3770  52
3261  77
2894  71
2155  72
1279  86
1614  57
3994  62
2268  70
2915  65
5008  89
326|20
8665  81
47610  68
20  50
2858  86
86882  74
5418  83
4973  94
133771  89
48774  70
2324  90
1293  48
2692  82
72605  57
70159  82
54286  78
5446  68
6591  88
4226  83
105844  74
31410  84
327|10
3301  43
150  72
858  81
1923  76
51255  98
48516  91
1304  79
765  82
6888  41
2706  92
328|20
2687  44
112852  79
70286  70
1196  82
457  65
364  71
80463  76
3489  71
318  81
595  60
5349  59
2542  66
1219  80
35836  57
3751  61
79091  64
7153  75
596  60
2398  62
1148  79
329|5
130482  52
136850  52
858  55
1884  47
750  68
330|20
5378  67
316  71
1639  70
2918  72
919  77
3949  80
3535  78
5349  76
380  68
1676  76
2502  90
3703  84
1682  79
2683  67
1206  83
1721  68
2791  77
2081  71
8874  89
592  74
331|20
8874  76
6157  48
88125  79
6539  78
3897  75
4446  72
7361  83
50872  79
4995  77
4306  71
6874  84
5502  62
3911  87
608  79
4447  73
593  85
3751  68
8665  78
4367  60
2959  92
332|20
47  82
1653  77
1258  85
316  73
8983  76
431  72
97757  72
2291  78
1835  68
356  88
5502  72
4308  69
1203  85
1682  79
1249  81
76251  65
2905  83
318  92
2294  62
32  78
333|5
3785  32
3752  33
3616  56
3615  52
3646  28
334|20
55820  79
1196  85
1580  68
1291  76
3996  65
589  75
30810  51
4027  72
1  75
64957  76
1625  71
50601  35
44195  83
27416  80
6867  72
2997  83
293  80
480  71
5378  42
51935  75
335|6
780  73
592  64
356  86
296  87
2699  76
2001  65
336|12
1267  94
1  89
38798  60
33660  81
1784  96
2001  73
2268  76
293  91
1625  82
4886  81
50  97
150  92
337|16
318  100
47  81
16  81
805  95
1393  95
266  94
667  66
168  62
784  60
65  69
110  100
708  83
25  89
1356  92
277  63
786  82
338|8
189111  64
190207  64
190215  64
190219  64
7153  71
593  67
187541  43
185029  85
339|20
72641  77
5445  81
84152  86
96079  88
106072  80
69122  82
5617  84
41285  87
56869  81
48322  94
65216  93
91630  90
86504  75
91529  85
83613  69
4993  98
3470  82
102407  75
2028  93
5952  94
340|28
10  83
110  83
150  83
153  83
161  83
165  83
185  83
208  83
253  83
288  83
292  83
296  83
316  83
318  83
329  83
344  83
349  83
356  83
454  83
457  83
480  83
589  83
590  83
592  83
595  83
648  83
780  83
1356  83
341|11
2335  81
3624  76
130087  69
1370  78
135137  89
117529  71
5459  63
45672  67
1  77
47099  86
4025  71
342|14
2683  68
2598  33
2881  40
2369  46
1268  76
2605  48
2599  79
1198  80
3157  54
3826  28
2428  47
2827  39
3863  48
1959  67
343|12
858  90
3000  91
48394  77
4226  95
4878  85
3993  68
2571  86
1617  91
31658  66
55363  82
55820  100
296  93
344|14
111362  75
380  78
316  64
2628  59
4226  81
2571  83
4014  70
2012  77
4034  86
260  87
2541  66
4973  89
5418  78
2712  82
345|13
1019  85
2539  70
926  89
5902  92
8810  54
344  68
5707  60
2366  79
56949  63
3649  64
6658  56
3489  82
412  92
346|20
3174  77
778  84
608  90
6711  86
6286  81
306  89
7323  77
307  81
3535  78
1212  96
357  78
3949  86
714  92
7937  89
7396  91
5878  78
1120  71
1131  86
3627  79
7115  69
347|9
434  61
590  78
39  57
150  80
454  78
380  73
587  77
317  72
457  84
348|11
318  100
2324  100
4368  43
1213  97
6016  95
2959  100
6893  77
4973  99
1221  97
1960  100
2019  100
349|8
10  66
161  82
589  78
381  78
349  76
231  52
588  80
509  73
350|8
852  67
7  58
637  55
648  63
733  78
12  49
858  93
661  61
351|20
88932  73
87222  88
73344  77
52579  62
2231  58
88744  80
43836  58
79132  80
597  76
58559  85
12  46
8914  34
8950  80
63082  80
6214  75
90376  76
84152  71
480  79
4878  84
1193  77
352|20
72998  75
71745  56
1801  69
34319  64
2600  84
65682  76
1080  93
79695  70
110730  62
38038  88
130490  71
97752  73
1214  86
94864  70
41566  65
56587  72
44191  79
114935  89
59315  78
47610  64
353|18
552  67
25  72
267  73
216  82
367  58
288  68
144  62
186  62
333  76
266  72
112  77
198  62
234  62
145  59
293  52
158  69
163  47
296  85
354|20
1610  77
4306  84
2692  83
3147  82
47  84
903  82
733  77
3977  58
1225  86
35836  76
648  71
44191  86
8665  82
1917  67
7147  74
1923  79
589  80
2959  90
4718  64
1196  94
355|6
316  74
1580  78
3035  97
3175  87
317  65
916  82
356|20
2248  84
52435  96
52975  76
7122  80
44889  80
1641  72
2706  70
4011  95
802  73
7323  76
2502  100
56367  92
1223  100
55118  89
3949  90
3996  88
1246  92
1466  87
223  83
7153  95
357|20
4354  79
8998  79
27329  79
2804  86
595  84
529  83
4663  50
4091  96
1224  81
1242  95
34  71
208  70
58559  99
6296  81
30793  78
1042  71
2100  70
551  85
471  70
2067  78
358|9
26095  65
605  57
5066  71
52328  72
2226  65
42728  67
7361  83
69844  76
36525  38
359|15
405  48
1092  78
1101  64
51412  87
648  62
296  84
1097  67
2396  54
2424  77
593  75
2701  41
2942  56
1682  67
2530  53
4995  76
360|5
1422  56
1620  55
1488  69
1711  58
1414  58
361|20
47099  64
1580  65
377  65
1552  58
49272  78
1263  65
53125  69
589  72
49822  68
8360  64
318  82
2529  81
5218  67
6188  65
2422  36
3082  69
1732  67
1370  69
46972  63
7458  62
362|20
1945  83
592  86
6539  88
51540  89
5989  92
637  62
70  93
7153  98
1252  83
44665  84
407  66
6874  89
2959  100
1196  99
1208  84
8961  87
48516  97
7438  86
356  94
1201  94
363|6
1552  73
1732  12
1517  63
296  71
653  56
318  75
364|5
858  100
9  79
783  81
376  75
1  96
365|20
59315  56
81229  56
128975  46
6874  62
90345  80
158872  39
129354  45
103075  31
135536  52
70286  63
112852  70
76077  59
112818  59
1777  65
6502  73
155820  30
541  63
95720  59
93270  40
135569  47
366|7
116797  78
59315  76
33794  82
91529  88
2028  88
122882  55
7438  79
367|20
926  96
3061  69
1270  84
1287  88
486  66
3536  80
3824  41
2384  73
3072  83
898  93
3618  100
3225  86
2248  88
3157  67
3969  86
3717  66
1259  84
4023  51
1196  94
1258  91
368|20
3753  53
2112  64
1944  62
2986  47
3869  49
1214  68
2947  64
415  27
3035  78
832  53
50  78
2819  54
1801  51
2490  63
1917  31
1391  58
2193  60
225  48
161  60
2881  29
369|20
1256  83
785  64
47  78
2706  46
839  77
377  52
52973  73
743  51
4214  51
5418  72
3863  65
1372  86
27904  70
60069  78
2857  78
1967  72
150  73
2011  66
1580  65
3174  68
370|19
4011  74
4878  71
8961  82
6377  79
2628  56
1748  93
2116  67
589  66
2329  78
7438  73
3977  54
1676  76
593  75
4973  90
4226  78
1240  62
1089  75
8636  60
2716  77
371|9
2571  100
112512  90
1258  100
4090  94
56715  95
3000  100
4226  100
4993  98
1748  100
372|20
335  67
924  81
318  84
1603  40
1479  43
589  83
81  63
387  43
616  69
337  70
1220  76
1201  84
165  64
1243  97
1258  81
377  57
1401  60
450  71
1206  86
1306  80
373|20
216  70
60  74
169  46
350  67
585  54
44  37
371  72
163  16
616  62
198  67
265  73
25  65
6  64
733  72
47  77
2  69
736  67
305  49
357  62
141  64
374|7
296  76
208  54
1219  80
480  76
592  62
1258  82
1339  69
375|7
344  45
1027  62
32  82
2628  56
3256  69
4226  88
500  59
376|20
91535  57
2002  34
1214  89
1101  80
2916  81
33794  83
1198  98
349  85
1371  64
376  64
1240  81
1375  82
4993  96
858  98
457  83
4226  97
5952  97
344  67
2763  83
2797  86
377|20
4942  78
2793  34
1262  84
2791  80
748  67
1345  82
5027  50
5113  73
27692  78
3421  88
6021  78
3364  81
2072  73
8641  87
2163  59
92760  78
2858  96
1503  89
2124  74
2015  80
378|10
33794  84
7153  84
48516  95
3114  84
858  87
68954  81
91529  91
71535  78
90600  72
364  90
379|8
318  94
377  80
19  71
292  67
480  80
367  67
597  68
344  60
380|20
60818  74
172875  74
172881  74
172887  74
355  47
6979  60
5476  33
2735  68
68194  90
63433  60
72356  90
105731  40
1833  66
551  78
6731  71
27831  79
1665  59
393  56
140956  85
2791  83
381|20
2085  73
1088  72
3253  76
185  52
317  68
27808  72
1240  82
19  59
3753  71
4321  65
72011  79
3082  75
333  76
2140  72
1385  61
2273  63
1208  84
457  79
104  74
2716  77
382|20
1204  69
142372  40
135532  34
1201  91
112171  67
1198  81
912  88
81847  82
4638  67
63540  24
1681  56
170289  70
103042  66
72737  86
2496  65
357  70
81537  49
59501  62
101362  57
4890  66
383|7
2436  73
2541  63
2496  54
1584  71
2558  59
1246  86
903  88
384|14
3527  58
1388  56
2683  64
2502  82
4333  10
3098  67
4396  70
457  62
358  57
968  56
2724  47
296  84
3991  58
1204  74
385|20
736  55
1080  73
249  82
1219  74
1036  76
1136  86
282  61
1073  69
1200  87
1228  74
1022  69
1007  50
1201  89
1246  69
344  49
589  84
1023  57
1287  100
594  73
1303  73
386|14
110  78
410  51
112  59
165  58
223  55
648  65
185  47
608  63
485  36
305  55
44  35
585  45
349  54
10  53
387|20
4393  65
5156  65
5780  65
7336  65
26124  65
40966  65
2712  67
5062  75
1247  79
5489  65
4195  80
7132  78
2946  64
1387  78
3000  82
51939  70
4995  75
912  86
7938  65
1783  51
388|6
6158  70
63239  70
33615  53
86298  62
62999  72
8360  81
389|7
17  83
140  77
628  88
762  82
743  71
95  81
32  90
390|17
6344  75
64957  89
4239  61
5220  50
1193  80
2571  86
9010  83
2291  87
5296  56
4226  88
7254  76
6377  77
63062  74
1206  82
2329  78
4014  86
1784  77
391|20
5575  75
500  67
3994  69
1213  92
516  47
199  100
4027  83
150  77
1408  85
4014  71
1527  78
1059  90
2916  77
4973  91
357  78
555  87
5026  84
4936  68
1210  77
3067  67
392|5
3004  59
2858  83
707  59
1198  82
1125  57
393|20
91658  71
102125  73
48394  69
36517  67
8636  74
110102  83
44199  70
5388  72
54259  82
4848  70
5669  80
1291  85
68848  74
86190  80
2571  89
1206  81
122892  76
106642  91
1625  78
106489  88
394|5
588  62
316  45
344  45
225  70
457  68
395|13
329  57
1025  72
296  58
160  51
208  50
173  35
485  52
355  41
520  46
595  61
126  45
48  60
367  54
396|6
1276  71
1597  59
1777  71
44  51
204  33
2081  47
397|5
4017  71
8645  76
1701  100
8228  84
6993  89
398|10
6408  84
1197  100
5971  95
7022  91
1198  96
60069  86
2455  65
1136  100
48516  94
82459  89
399|8
1198  75
110  82
5445  72
1196  84
593  84
480  66
1270  79
2194  78
400|9
608  90
356  93
2571  100
2959  100
7153  100
1221  96
3578  97
858  99
59615  57
401|15
5952  78
6297  74
55768  68
48982  70
166461  82
49274  68
50872  72
32031  75
79091  75
170939  71
38038  67
8360  67
3114  78
33615  65
1136  80
402|10
1084  82
597  68
52  83
329  71
296  83
586  81
315  65
1036  77
434  61
527  100
403|7
110  79
2427  64
3210  72
296  88
61465  60
1663  76
180  79
404|12
204  62
349  70
474  74
34  81
364  75
508  70
105  63
593  81
509  54
277  80
315  72
185  66
405|20
70708  80
293  94
7254  83
37731  75
2959  94
345  100
1213  91
7134  80
64614  86
6023  60
1241  95
2329  87
1247  93
3052  84
68237  85
1199  86
27592  85
27664  60
3418  90
1215  89
406|5
1586  43
135  57
56949  65
46972  69
724  51
407|5
7153  86
2959  96
6539  86
1240  68
54286  68
408|20
1198  96
122904  86
44840  85
165101  50
6618  95
1291  100
1210  100
89745  94
1278  100
7324  68
44  62
8641  91
115210  89
103596  58
68554  63
2571  100
109487  90
63131  75
80489  92
4649  99
409|20
2485  53
2490  61
2028  87
3812  68
1278  89
2997  90
296  94
1078  70
3016  66
1073  86
2683  65
2289  87
3846  62
912  98
2013  69
1911  71
2352  76
1230  92
2541  65
3174  75
410|20
389  81
3224  100
318  96
2302  71
4002  73
1060  85
4297  70
3263  73
1859  70
111  99
58  83
2145  70
3255  82
2321  76
3504  94
3948  60
11  74
4019  81
3  98
597  76
411|20
508  75
261  74
586  55
432  49
353  62
431  80
194  39
318  94
272  68
515  67
356  81
266  63
257  96
349  64
10  58
31  62
344  47
227  51
455  42
122  56
412|20
2828  20
2384  79
2915  79
903  97
608  97
2720  42
2858  92
1883  79
1307  81
1214  93
1784  66
2239  100
1  83
930  92
1136  96
2710  71
915  84
2398  79
17  81
1079  90
413|12
2706  89
1198  92
3753  92
2424  99
593  93
128360  100
4993  97
16  100
5574  70
3948  99
64957  71
2959  100
414|20
4458  68
4666  68
5285  68
5635  68
6033  68
6493  68
6563  68
6628  68
6797  68
48319  68
58879  68
169992  68
3802  48
3599  70
1600  80
8666  33
4975  72
7444  62
4081  40
177593  96
415|19
296  94
1213  85
4321  95
3507  85
4308  71
47  87
1021  47
111  93
2617  85
1276  96
3861  56
4369  45
99114  87
1221  87
63082  90
1234  87
45722  79
1197  88
175  78
416|11
5952  64
5951  53
531  63
1296  94
1199  59
1721  42
830  62
1206  68
7323  73
4848  77
3677  83
417|14
778  100
4995  91
4975  67
7254  88
1198  95
106782  92
27773  77
168250  88
1625  91
7153  93
74458  99
110102  88
48394  82
4878  96
418|19
356  81
296  85
63082  78
104374  83
1276  80
1136  79
117176  81
1573  47
137337  75
1682  73
5816  77
88125  81
74458  75
367  46
89745  77
45672  61
87869  73
7361  81
54001  81
419|20
4093  76
111  82
46976  71
27822  31
2858  82
319  70
6287  56
3578  83
1213  85
64969  100
47  88
79592  71
34319  82
89580  76
60756  65
27704  76
90943  76
2412  61
1240  80
52245  100
420|20
1161  75
4993  87
45499  81
923  76
26693  77
48385  74
1927  82
5608  84
2052  68
6934  75
7022  85
3979  44
59295  77
2329  87
54259  83
1131  82
2762  87
4973  93
5669  82
527  88
421|8
2858  79
909  78
5008  93
953  88
1178  89
2313  77
2478  62
1203  95
422|19
2539  57
2710  56
4947  80
4971  62
5039  82
4925  67
2581  68
4916  60
1265  77
2804  77
3053  86
2665  67
1283  87
4835  65
2908  78
3943  59
1213  80
2670  75
858  82
423|5
1653  79
110  89
2194  78
5349  71
1320  62
424|20
1193  82
141  69
2804  92
40278  73
608  86
108729  70
293  86
69122  68
1092  88
54503  83
58559  84
3186  69
66097  79
778  86
5679  74
3176  74
2288  89
2174  75
71668  75
112556  70
425|20
45517  70
377  65
2329  83
733  73
6  82
1645  73
8368  85
2081  63
4306  82
1680  48
1909  67
367  57
46723  77
1625  71
1036  77
4901  76
750  83
2353  59
1342  48
145  67
426|18
59784  64
150  77
471  70
337  82
54001  75
1197  83
6378  83
72641  78
4886  75
8644  78
37729  76
597  84
5444  79
91325  40
588  79
3247  69
4022  70
79091  67
427|17
4887  54
5463  36
5015  77
110  76
58  64
5528  72
6348  45
5312  44
2710  56
5696  40
4993  74
5266  65
2683  58
5400  63
5816  66
1208  71
5574  56
428|20
2471  40
2762  60
3827  39
1089  64
2953  26
2916  50
1380  43
1997  54
3440  24
4022  53
317  42
4255  28
1208  62
1391  50
6377  64
2581  34
260  68
3285  48
588  60
653  47
429|12
339  83
421  73
150  81
225  87
165  89
266  79
329  70
252  82
279  69
317  76
237  95
204  49
430|12
923  55
2987  75
3745  96
6287  67
2858  73
6365  64
2571  84
4447  82
4014  77
329  68
2076  29
4446  69
431|5
172  57
1625  57
1376  75
3948  27
802  52
432|20
1831  55
5630  66
6870  73
8640  68
6539  81
3916  74
5989  78
84189  73
110  82
35836  75
4886  81
2762  81
1206  78
49272  84
19  56
318  90
58559  91
69481  87
7158  92
33660  74
433|5
91529  73
1089  79
50  76
5299  58
110  77
434|20
1136  87
3147  84
1090  80
1265  80
5989  79
1101  73
1779  56
586  71
344  61
3863  62
1208  84
3160  82
589  80
780  75
6796  84
2791  81
4226  90
2194  76
8665  81
1291  86
435|9
2353  63
44191  81
485  60
3510  58
34405  97
2302  67
158  77
82459  73
48780  93
436|20
204  45
435  48
440  70
432  64
161  67
480  76
377  65
531  61
536  53
502  59
364  75
235  69
371  58
344  51
2  72
585  56
450  73
587  78
437  52
227  57
437|20
748  76
318  100
5  75
640  57
1299  100
1120  71
1396  69
1246  76
454  77
1171  66
1225  83
1183  87
1097  89
1307  96
1268  63
592  76
198  84
155  42
112  71
246  77
438|20
7154  60
2501  71
8966  73
27801  75
1527  76
6711  80
3898  29
1784  76
8644  68
6367  64
2424  60
3889  33
223  69
1517  72
7361  86
2641  66
5009  71
2617  65
3753  75
2393  55
439|5
356  92
4022  74
7153  80
78499  76
1240  69
440|7
8690  77
541  94
29  65
1653  85
1274  71
3174  59
1235  83
441|9
589  89
2683  80
2959  100
4306  88
260  96
296  100
51255  97
47  93
68358  87
442|5
2908  73
2881  63
1186  18
3752  64
4361  27
443|8
2329  86
79132  83
296  90
48394  80
106487  71
108190  57
7153  86
63082  86
444|9
356  89
592  67
208  57
21  70
111  80
110  94
235  78
296  93
344  58
445|16
2028  79
590  76
34405  88
47  82
116897  84
780  63
4011  79
899  100
593  84
33794  79
1080  100
45722  59
17  70
1230  80
306  84
2710  55
446|17
237  66
339  62
300  67
296  75
480  78
368  61
288  56
172  55
17  63
16  68
357  67
150  73
434  54
153  56
648  75
593  83
337  67
447|16
257  86
293  73
337  73
531  75
382  69
589  85
552  75
253  77
362  74
532  73
292  76
31  75
474  81
540  71
442  74
160  73
448|373
2368  57
3284  57
3933  57
6302  57
6476  57
7245  57
48262  57
49688  57
75803  57
75816  57
78116  57
79590  57
86593  57
92198  57
98908  57
100326  57
102819  57
104760  57
108715  57
109191  57
111680  57
113416  57
116207  57
116985  57
129657  57
130083  57
133377  57
136654  57
138546  57
142424  57
151777  57
152658  57
157130  57
158022  57
161290  57
164375  57
53996  61
136778  57
5418  67
288  54
88356  45
2580  71
155358  57
2889  62
4034  68
148888  43
81156  70
2713  53
103335  67
95441  49
34048  52
80126  43
3057  57
1057  54
2794  44
33830  90
8665  64
6059  58
110553  41
90374  90
151501  57
3764  54
6143  80
103819  22
4361  64
104913  63
3986  44
5528  58
1196  82
105351  43
83349  49
3276  57
1090  70
5349  66
587  49
106330  40
4677  53
95508  57
109895  20
110611  57
671  69
2289  65
152077  63
80693  42
111360  41
170  54
87444  70
94323  60
8493  62
3671  62
91653  54
4981  57
2991  66
78034  57
119145  74
5099  47
4299  52
2567  45
6996  34
109864  22
6582  48
73017  63
370  50
543  58
115617  61
590  69
154065  57
5553  56
41569  60
3286  42
6645  64
589  76
1920  50
2857  57
111663  53
78499  76
2657  42
6537  56
1148  72
46974  41
48516  74
80241  70
445  58
4262  70
3689  14
114935  68
6428  60
127194  57
109673  37
127096  83
89388  57
4156  57
3793  63
33679  50
2014  42
64285  70
3968  50
49530  59
3450  57
160563  66
5502  56
8169  64
6314  29
122490  57
3386  54
140725  80
4896  60
2642  37
127136  80
2763  54
2520  57
457  67
48783  64
3263  54
5400  52
5541  62
4011  70
58351  57
127132  57
152091  43
3698  54
435  24
4799  61
84152  66
3401  45
2858  75
3174  56
7076  59
106542  57
6218  56
2860  43
1283  73
3618  60
2616  60
90439  47
2404  36
4660  57
2530  49
26386  57
4327  63
3030  94
71464  60
32  73
91529  70
4158  39
99114  64
98585  59
93326  43
2268  65
80489  67
130576  31
105504  65
2791  68
50601  44
7007  62
4234  49
3623  48
80727  80
78467  25
8641  67
4128  65
106782  66
2537  14
112138  61
3247  42
112818  61
2027  11
3101  66
5779  57
82202  53
1704  75
98296  57
6863  61
89305  53
4203  47
1201  78
6212  29
637  47
84954  44
6814  57
94864  51
67695  20
159077  57
92439  80
6812  29
3156  59
802  50
118354  57
134130  67
138036  62
65135  57
52975  61
4368  24
90717  45
45722  60
79259  57
68157  72
4233  45
74458  67
3258  45
1262  79
3949  73
101025  40
69526  40
1831  40
1083  54
1884  71
1476  62
156609  32
3755  44
111659  30
4734  46
161  60
95201  57
135887  66
2598  45
87232  67
4634  100
5334  44
5459  51
146730  57
72694  57
157432  57
132488  57
4558  47
1375  57
6424  57
71518  50
2716  68
94780  44
3593  20
129354  48
158  39
1409  33
6514  57
2881  45
51662  66
90522  47
68554  45
2126  54
122932  57
93510  65
137857  69
125916  10
2953  36
2090  61
1760  14
480  68
58803  51
2109  64
50792  29
46062  25
85510  53
80864  57
112171  56
122900  60
2587  72
1527  68
117529  57
4993  73
92264  60
5247  49
533  48
912  77
26464  57
2249  71
4678  28
103772  54
114601  70
96861  41
420  39
59615  52
2349  75
109372  60
95207  45
348  75
19  46
136020  55
4502  24
91094  55
138208  50
3511  43
79428  52
2643  32
109183  57
2139  57
4212  57
5942  46
96417  55
112852  77
99728  63
89470  59
142448  39
64983  54
2640  60
2046  52
4881  72
3882  48
3744  38
1032  63
116799  69
5  36
4040  29
157407  57
2115  66
1617  72
4367  45
105254  80
3388  38
3760  80
2146  53
2968  63
6281  52
466  44
96448  15
86332  62
64969  75
115170  57
1036  69
3397  63
2474  72
1408  73
155743  57
106920  67
8542  70
120466  57
2051  34
7143  70
7150  45
89087  26
34150  42
2253  37
2973  82
449|8
1917  50
2502  78
4034  74
1222  83
2770  73
762  50
2011  62
2324  84
450|11
3977  70
589  81
110  86
3363  82
3535  89
3948  69
3409  79
1035  81
3568  80
358  57
1259  90
451|7
733  85
593  94
7  67
5  68
494  77
25  77
17  74
452|20
4025  77
2858  100
2617  85
5292  96
1206  100
1676  84
3219  94
47  100
3101  95
163  94
1092  84
1917  70
2126  92
1356  79
552  77
2628  78
1200  100
608  100
2707  82
3273  86
453|20
208  72
858  100
2335  77
4022  78
3618  96
1617  82
3452  63
1357  87
112  75
2671  66
1884  77
1894  85
2294  76
318  100
1614  75
3534  74
2959  97
798  55
5266  74
780  70
454|9
7361  81
2692  81
7116  40
55820  87
6016  86
27773  57
2160  93
2858  85
26131  90
455|12
272  62
432  56
367  64
590  77
253  70
364  78
555  60
252  72
110  87
225  64
588  73
597  69
456|9
1407  72
634  52
135  60
5  67
724  80
780  81
733  87
260  92
706  75
457|10
329  56
3593  30
2692  81
1356  73
223  84
2394  61
2701  43
3608  78
733  79
2094  56
458|12
597  78
185  81
10  75
380  80
95  80
454  89
300  81
595  89
153  77
587  90
150  91
552  83
459|6
79132  84
5618  96
8961  95
48780  89
50872  89
260  89
460|17
89039  84
4886  89
4703  63
3831  74
1441  100
4878  100
3483  60
8970  93
1  92
49272  89
40815  86
85414  77
68237  100
76093  89
47610  97
63082  81
2571  94
461|6
74458  61
2762  66
1036  96
91500  74
3578  70
539  52
462|20
26838  68
89090  68
164655  68
188189  68
1136  88
1219  84
158966  90
1248  84
508  75
1653  80
1674  76
8917  62
8620  10
3424  84
2146  74
7044  80
3814  77
1213  80
82857  68
26131  90
463|7
6377  87
2028  86
4310  76
3753  73
2006  64
1092  92
5995  82
464|20
1370  70
58025  75
63853  50
296  84
2019  79
3527  68
5254  75
7007  68
1101  65
1779  56
377  53
1653  87
55820  91
648  69
33493  60
1610  74
65088  68
74727  90
1617  80
62374  75
465|20
2941  81
2987  80
1200  93
3448  79
5060  90
1299  93
3703  93
3649  48
1625  83
292  85
904  95
3101  92
1754  87
750  100
1256  100
593  92
3732  68
3740  91
3334  99
377  75
466|20
5418  84
30793  62
79091  80
92259  86
5989  78
5459  72
318  91
63082  73
59784  76
5010  84
74458  70
6281  71
5952  88
8529  82
64716  82
68954  81
4993  83
45447  74
81845  85
55247  82
467|22
41  83
58  83
389  76
466  83
527  83
593  83
780  83
1183  83
1233  83
1357  83
1365  83
1408  83
1721  83
2028  83
2125  83
2324  83
2334  83
2384  83
2390  83
2393  83
2394  83
2493  76
468|7
592  60
349  65
1  81
317  63
296  74
32  85
165  77
469|20
3658  74
3832  74
3507  82
3032  91
2736  75
2132  83
1958  79
910  95
1090  94
1485  62
1388  57
2321  63
1234  92
2081  81
1193  96
36  75
2908  92
909  85
2023  68
3255  73
470|16
253  65
318  95
110  92
588  74
282  62
5  60
597  66
32  76
595  74
592  60
500  69
26  83
356  83
357  67
434  60
300  71
471|6
2571  83
8874  68
527  83
1  86
8360  88
7147  72
472|6
58559  88
3450  64
3298  78
2840  70
1221  77
858  82
473|8
4979  80
2959  85
60  42
7147  75
6281  65
3897  81
48322  78
2596  47
474|422
638  68
2179  68
2697  68
4046  68
5114  68
5311  68
5353  68
5455  68
5601  68
6201  68
6273  68
6382  68
6407  68
6592  68
6912  68
7702  68
7826  68
7832  68
7839  68
8057  68
8446  68
8458  68
8459  68
8611  68
8650  68
8774  68
8938  68
1466  74
6708  76
2940  80
2616  56
2334  65
7139  81
4218  68
371  28
750  93
2935  98
8645  83
5481  45
6370  84
25865  68
2553  65
912  90
2467  61
5548  62
7301  73
52967  60
5945  64
480  71
1983  45
3462  79
1068  68
8600  80
6650  100
8482  68
6791  82
4016  77
1784  76
3668  68
3977  57
8961  78
4160  78
30820  70
6984  68
2750  68
5034  60
7716  68
2612  68
4419  93
1300  62
4187  78
1187  40
6565  76
272  75
5440  68
25937  60
1099  67
3125  68
5826  68
5649  68
7256  83
4912  75
6016  73
1208  86
2083  70
3385  77
2310  58
3360  72
3163  80
1413  78
4081  40
1643  73
968  73
2116  68
26965  83
5954  77
1263  88
5116  68
3536  70
8778  80
63433  60
2952  77
318  87
3394  40
1200  81
3384  74
4356  85
932  91
7698  72
516  62
4873  82
48385  72
39869  75
1902  68
2641  66
7036  53
2181  70
4638  49
31116  91
2455  66
2146  65
628  77
3897  81
1030  53
4022  70
344  62
3196  84
92  48
237  41
6770  70
3259  65
3368  65
26151  73
1293  76
34072  78
3044  70
1639  69
5944  57
6539  76
477  65
7361  90
55687  68
58  55
4014  70
3467  74
8154  79
4191  83
2134  62
4644  77
4293  55
5013  70
1399  67
1196  84
2918  79
5899  58
4465  66
100  57
361  56
3341  98
8921  68
195  47
3789  68
4709  65
1588  63
3468  92
4678  61
2723  65
2118  76
1939  77
7019  55
3147  77
1792  68
33903  75
1682  75
41566  66
1693  65
1957  77
5021  63
2313  78
3870  68
948  76
47099  69
3447  80
6614  55
216  57
5619  80
3987  46
5060  79
3111  80
45950  81
32584  63
5525  68
2567  53
5956  77
7  54
1172  75
3217  70
8331  68
587  64
5238  70
1189  71
2416  66
832  64
3095  77
7386  78
1223  93
7058  68
5246  35
5418  72
27803  95
26  69
4002  90
1135  61
45  65
6945  100
2411  50
2520  68
7347  76
5375  68
5673  74
3039  63
7833  68
33781  50
720  98
2103  40
33154  76
608  84
1327  39
101  87
7061  68
5451  60
5682  50
5434  68
6609  68
31658  80
4578  45
2009  68
4704  68
7572  68
4929  51
3306  75
6334  66
5379  88
5437  64
42418  69
4128  79
7451  80
2786  25
2243  59
27846  69
6197  70
3264  55
3608  67
5603  100
6124  70
1222  79
1663  66
3566  57
3755  61
2628  56
4815  57
2089  72
7102  54
27706  78
7013  82
1348  64
45666  60
5755  40
4055  100
2058  68
4462  20
1544  52
2405  60
4998  68
273  50
1977  43
1732  81
7822  68
7073  68
41527  80
4787  67
1676  63
3708  61
6669  57
317  55
25940  68
971  95
7366  56
3115  71
7026  49
2710  60
50685  87
2114  78
3809  64
3516  58
2770  58
535  76
4878  84
5992  67
41997  74
1083  62
4487  72
7293  65
1016  67
2006  56
1007  60
4993  84
3412  75
5007  68
3929  40
6639  81
8712  68
1876  55
3546  68
34359  68
7579  95
7325  67
6837  68
2634  70
7753  70
8943  20
8385  68
4308  70
3246  76
3745  68
1148  83
42002  56
50740  81
3952  70
1927  90
7581  63
910  86
3948  60
54881  86
1284  73
4007  76
5341  80
3675  82
52975  72
6244  80
965  83
454  62
1247  84
7215  58
1282  74
8207  86
6242  73
6502  80
4509  54
3528  75
2391  90
4262  82
4039  57
42018  13
3271  79
976  68
48394  85
5384  68
5168  68
1358  71
6534  60
8773  68
2384  63
48780  80
1269  81
4600  80
2642  51
111  81
933  84
3578  74
5297  40
944  74
6020  68
2123  61
748  66
4896  73
5380  84
53953  60
3712  60
25996  68
1997  74
4464  75
4085  61
51540  71
2707  65
2069  100
6710  76
1488  62
6378  75
928  79
3038  73
7116  73
44511  68
594  75
1962  73
421  60
4316  30
2761  81
4823  49
892  69
1345  72
5294  71
1408  82
6579  90
3272  77
3421  77
3844  59
6787  77
37736  74
2249  79
1610  77
2468  52
3498  85
4902  66
6268  80
5225  78
5404  95
929  68
25999  68
7835  68
805  62
4126  60
475|20
6539  98
4993  97
87232  95
40815  94
5816  95
8644  88
81564  83
4701  86
81834  96
6564  71
68791  82
111759  96
7153  100
1527  87
71530  87
4896  93
106487  90
112852  98
3578  94
82461  70
476|14
594  77
34  89
380  67
158  83
153  73
586  66
440  78
364  80
378  55
357  73
224  81
165  75
296  71
11  90
477|20
34  75
913  96
3100  80
2105  67
1271  69
1207  86
70687  20
2174  81
45672  52
4571  83
3973  35
4226  96
1103  85
5291  86
348  99
3593  32
1  81
1274  87
6502  85
59615  61
478|5
1917  46
3114  53
594  52
1584  33
1101  51
479|20
5365  65
4488  77
524  64
1025  62
3707  51
1220  67
4010  52
3244  74
3526  68
4092  50
1968  77
4700  69
4003  76
3671  70
2671  74
341  65
2012  56
2542  71
454  59
2384  67
480|20
43914  65
2700  76
8533  80
2193  62
2797  70
3484  54
2571  86
1210  81
2596  72
8866  62
47610  69
6306  77
5379  84
2018  60
7153  75
3911  69
44191  81
38061  79
5673  80
380  68
481|7
1608  64
1687  76
1629  60
1729  55
1620  41
1597  47
1485  54
482|20
2068  100
8985  67
1036  71
474  71
1042  61
4389  70
780  70
27706  75
3211  80
1610  76
4367  51
1374  76
1220  78
1602  40
653  63
592  77
30812  62
4862  40
8361  66
8529  60
483|20
105325  72
783  61
2541  65
2959  91
109971  72
45722  68
1199  85
50872  81
2000  73
4306  83
69757  85
2683  71
2273  63
1588  58
109487  85
66934  84
1721  65
2328  68
68522  72
8972  74
484|20
93320  76
1438  60
6155  68
6944  85
2706  71
33166  86
6874  90
3697  62
1059  78
76293  64
919  88
2762  83
1821  65
837  84
5810  78
1753  84
3254  80
4718  65
2413  82
3646  51
485|5
588  78
161  86
253  78
292  75
231  78
486|12
653  62
47  87
110  99
153  76
474  91
95  81
288  60
329  79
161  82
318  98
292  76
6  83
487|12
27611  33
8961  68
318  73
1198  70
31658  55
1197  74
6539  61
5445  54
116797  81
4027  60
8874  59
86377  92
488|20
720  96
838  57
608  82
1223  95
26  74
5135  83
2109  67
7720  53
7303  80
4014  87
5995  82
457  78
105  67
1136  86
272  77
1269  84
3176  78
1278  97
1125  77
910  95
489|20
79536  61
86000  61
4848  73
736  47
8387  17
4700  56
45666  46
4720  66
2683  59
2021  70
2389  19
1619  56
950  43
58559  84
2236  55
2167  55
1616  58
247  64
376  49
2717  48
490|20
46578  69
89492  65
81591  76
91077  80
60074  50
5816  60
4144  72
54001  63
1  62
1784  71
7153  79
4993  78
89759  78
86320  53
60128  70
76251  61
8368  68
69122  65
2006  53
78499  69
491|13
106782  87
69757  94
7293  100
27808  77
4246  93
3948  83
104374  100
86833  86
140110  93
8529  92
180231  84
4306  87
88405  80
492|20
736  80
784  58
628  80
858  100
852  81
64  63
990  52
830  100
743  71
62  74
52  84
1499  37
66  72
1210  92
881  68
1474  39
1405  94
724  82
1047  77
65  66
493|13
2985  71
4444  75
2916  69
1275  84
2571  87
1527  64
2028  83
3793  63
2167  77
1215  81
4701  85
2924  56
260  84
494|5
1196  89
4498  60
3578  92
2028  91
1210  96
495|20
140523  80
115149  79
1259  90
1721  70
136562  58
80489  90
19  65
50872  89
231  71
102123  76
52319  84
7254  76
7360  96
8528  89
1645  83
46578  88
30810  79
2918  91
148626  86
56775  72
496|6
1221  72
99149  72
858  79
904  73
8865  55
114713  70
497|11
1193  77
112556  76
112290  75
1916  68
92259  76
2329  72
112552  71
1258  77
2762  69
5349  67
111362  77
498|7
344  77
231  77
648  70
10  87
300  80
356  98
316  72
499|6
1202  73
2337  83
38304  93
327  60
56286  60
1304  88
500|18
2599  67
2987  66
543  64
2700  67
2542  71
1265  69
2916  68
356  70
3301  50
1784  61
1914  71
595  76
2355  71
3536  59
1885  54
322  82
838  59
720  86
501|9
6  67
62  58
93  73
45  53
3  63
637  52
11  74
18  71
662  59
502|7
7236  75
1077  71
4412  30
3469  79
2001  57
2520  72
1777  73
503|19
7455  67
7361  78
4878  69
356  67
91500  51
593  71
527  81
858  74
4226  80
1259  72
1342  51
2877  60
92509  65
90866  75
500  53
441  88
48516  78
2858  67
48394  70
504|18
4995  84
5812  75
2321  72
1  80
3556  87
7153  83
6708  73
1288  87
6927  76
4033  90
4700  71
6565  81
342  81
3408  76
6879  79
4361  86
5952  82
5955  76
505|7
1241  91
4105  95
1029  67
74685  89
273  58
6502  94
54999  70
506|9
59258  59
54272  64
37741  72
56782  72
62293  83
51834  61
49286  67
112556  70
61024  68
507|5
165  63
266  63
253  68
377  74
593  80
508|5
2872  55
2011  39
1952  62
1175  79
898  54
509|20
26958  64
130073  64
2028  78
87232  73
33830  90
5313  55
48  58
2090  69
2080  57
6942  73
8907  49
6156  54
5816  68
39  75
3988  52
6807  75
7458  60
1196  79
45447  59
616  65
510|20
1882  29
7026  50
35836  68
494  50
1198  72
514  44
457  56
2935  80
858  79
2699  36
317  40
8949  58
2918  65
145  64
1262  79
6787  76
1208  67
372  25
1242  74
40819  65
511|11
2959  96
53953  85
115149  93
164179  76
6534  70
99114  89
92259  87
318  91
2324  93
1653  84
56757  75
512|10
480  81
150  81
349  76
47  84
350  77
442  75
457  89
50  90
317  69
593  91
513|7
5952  90
318  93
2174  94
235  43
1304  90
1220  85
1080  87
514|20
1335  66
5704  66
62586  66
168358  66
180263  66
1704  79
2005  78
2792  45
2013  54
1673  73
134130  75
76093  79
1333  77
58998  79
68157  83
2406  68
3210  68
54503  71
4855  67
1644  51
515|6
33794  100
2028  100
527  99
91529  100
58559  100
2959  100
516|26
260  83
457  83
480  83
647  83
708  83
1042  83
1090  83
1197  83
1198  83
1954  83
1958  83
2021  83
2259  83
2268  83
3052  83
3471  83
4027  83
4291  83
4306  83
4321  83
4322  83
4333  83
4337  76
4349  83
4361  83
4429  83
517|20
4306  59
53125  47
1265  57
165489  48
97938  64
88744  56
86880  48
4148  38
26761  48
3398  51
1293  60
3988  41
2858  62
4963  53
1204  56
1704  63
47629  61
7669  69
1206  55
46578  63
518|5
3101  56
2657  67
783  70
1876  72
6365  100
519|6
1704  97
356  100
140110  95
6378  94
7445  86
1968  94
520|20
7266  78
318  96
1049  63
59315  86
4995  90
32  88
2716  83
4333  59
1291  91
1732  86
4085  69
2723  78
3081  79
3994  79
33493  75
135  74
2393  70
60516  50
2406  88
1584  73
521|8
661  64
112  72
86  63
104  64
58  83
79  60
52  78
852  75
522|20
99114  83
81932  77
89492  77
63113  71
2959  89
1193  86
1375  77
4993  86
223  83
27611  89
76060  50
180  81
59315  78
1617  81
10  75
67255  91
2023  80
6187  79
318  91
127098  83
523|15
168252  100
8970  90
5989  89
318  100
91529  100
1721  77
293  95
65261  100
4270  90
3147  100
27731  89
134130  90
31696  92
527  90
101962  90
524|20
1356  80
150  77
552  63
748  58
344  51
442  62
253  77
1225  62
20  54
589  88
1242  89
544  62
173  62
1302  67
380  70
457  85
1020  62
788  55
193  43
466  56
525|20
120807  71
317  72
6863  77
8622  80
33004  69
7147  72
2396  74
40815  76
137337  75
1639  83
1968  79
91869  71
45880  72
2100  65
339  66
4886  81
50872  79
86332  77
8983  74
3996  78
526|12
593  92
55247  93
46578  92
176415  83
1295  63
90430  73
4014  81
2352  76
176413  83
215  90
81845  84
51255  81
527|20
2137  86
3114  93
3210  75
3016  85
2161  78
4571  78
2118  98
3421  80
455  71
2867  100
2450  61
1909  81
1214  92
4299  81
736  73
2477  86
588  86
4016  100
1259  90
2533  71
528|15
4886  70
2278  61
80906  79
4037  80
1240  49
64614  60
3821  25
150  63
1291  73
80463  73
593  75
99813  63
85342  80
48516  84
58559  78
529|5
653  56
135  49
65  49
62  59
733  72
530|6
292  75
500  72
300  73
586  65
593  90
11  93
531|5
593  85
590  86
919  48
480  70
1215  90
532|10
1721  69
4863  90
457  76
290  81
1245  86
1242  100
2023  88
2329  88
1304  76
517  61
533|8
1200  95
6502  99
79132  94
46578  96
93840  95
4973  100
2455  92
66934  78
534|20
116724  76
97913  85
94953  59
2003  80
2167  76
7569  91
153  59
1485  73
65514  86
104218  60
344  77
2571  95
5445  84
95875  72
112818  62
82461  63
96610  85
2987  86
138036  84
1566  80
535|6
2571  76
2581  41
2700  63
2688  24
2583  70
2882  29
536|8
232  81
272  59
356  82
335  65
225  69
150  74
434  57
589  68
537|10
80906  91
367  69
7153  99
53322  88
104218  60
97304  90
6539  79
318  96
89745  79
105504  91
538|8
595  96
3671  92
80549  100
4039  92
69757  89
5047  61
44889  89
66934  94
539|8
4306  81
6753  68
5218  68
50872  78
88  60
3301  84
4886  86
69122  92
540|9
2598  57
2959  89
1073  85
8874  91
1681  42
2183  75
2841  69
2747  57
1196  92
541|18
590  72
457  78
413  41
15  61
110  86
595  76
597  61
480  79
356  81
203  60
529  68
357  66
22  62
345  50
546  42
586  61
281  61
350  72
542|20
6539  74
30793  67
5299  74
2542  80
34319  80
33679  74
4963  79
5481  70
1997  80
4025  55
3623  56
924  57
4369  60
6378  81
2571  85
7254  68
41566  67
37733  67
7361  85
45517  70
543|16
73881  90
1702  64
595  81
3301  89
231  77
2378  79
2379  85
86882  96
6377  94
588  87
377  70
48385  87
2571  97
4526  52
4388  82
92259  94
544|22
1  83
3  83
14  83
32  83
40  83
62  83
68  83
95  83
116  83
619  83
626  76
648  83
650  83
694  83
736  83
780  83
839  83
1042  83
1047  83
1059  83
1105  83
1356  83
545|5
1438  47
1267  86
2763  67
1367  61
44  50
546|13
1270  73
3328  96
480  69
1970  52
2456  42
1976  44
589  84
2657  63
1673  71
3941  67
3959  67
3566  52
1977  48
547|5
1211  87
2859  75
2917  89
1394  97
1288  97
548|26
69  83
260  83
356  83
733  83
1196  83
1393  83
1477  76
1621  83
2571  83
2716  83
3263  83
3578  83
3916  83
4776  83
4899  83
5955  83
6874  83
7458  83
8531  83
49910  83
58559  83
74532  83
80862  83
122904  83
125916  83
168712  76
549|5
2571  83
2028  74
4226  68
1210  85
589  72
550|6
167296  85
102125  84
106782  90
116797  92
112852  89
122882  63
551|20
5010  81
34162  77
60069  74
1544  78
45186  75
103772  75
51935  74
4226  79
2353  70
7153  86
5989  76
135569  66
115149  79
88129  68
134130  77
6934  66
47  84
4701  73
2959  83
98809  78
552|20
2916  61
3317  80
1405  59
2953  38
2245  61
2944  69
2890  72
2125  69
508  71
3948  57
5349  72
2959  82
2857  68
173  43
2991  65
2871  68
2628  61
4308  59
4878  78
3101  64
553|17
55765  92
3481  91
1923  86
2571  98
4011  99
50  100
3949  92
1089  96
44199  91
5513  86
2231  93
2395  90
3052  88
61257  86
1221  100
33166  89
2959  100
554|18
1196  96
1022  86
2820  80
1207  92
1517  78
1282  91
1210  87
1760  41
2282  100
1225  94
907  60
1358  83
2096  87
1028  94
593  93
608  94
953  97
2324  87
555|20
790  69
3664  69
1  79
3111  81
3395  69
104  67
1334  33
2506  79
2072  60
4002  94
1266  85
2641  61
2256  59
2791  77
2701  40
1333  82
1320  69
337  70
1393  67
3526  68
556|7
162600  70
122890  66
3081  81
88125  90
588  93
72998  79
74789  67
557|6
648  83
231  74
1291  77
260  81
1210  88
150  87
558|12
5329  72
5064  89
4903  90
2297  69
2568  97
4993  96
4306  88
367  70
5283  76
1097  76
4164  80
5294  93
559|20
552  57
608  70
355  52
329  62
544  52
1527  75
173  46
377  69
745  79
174  57
529  69
350  69
349  59
533  59
836  59
1210  83
420  54
786  67
227  53
253  65
560|20
5839  71
91535  67
136018  45
67997  79
79132  90
3253  77
142558  71
2355  72
39435  55
1527  77
40414  75
64614  84
48744  80
56587  70
593  82
76251  75
84944  63
109313  71
5878  59
40819  68
561|20
168174  67
5308  53
78469  62
3703  75
60069  81
91535  58
2105  58
73017  70
5445  72
2000  65
83134  83
79132  87
79592  63
80463  75
89745  79
527  88
8972  66
353  77
33162  76
68157  82
562|20
27140  82
6870  82
6377  94
2580  81
1249  94
4776  94
36529  96
1259  89
1982  86
2268  86
2133  91
83134  100
3210  86
48394  84
30707  87
33836  65
2692  92
88163  93
99191  82
1240  85
563|20
61071  66
70932  66
80858  66
919  76
74450  60
588  76
5943  55
118997  52
86833  73
1197  80
128832  66
85397  80
45221  31
33499  56
7380  70
96821  75
81784  59
95307  47
65585  66
55250  45
564|20
50942  72
356  85
31685  67
131013  73
61024  83
79224  69
87869  73
500  75
108156  74
81784  68
93270  48
6188  76
106918  77
65230  63
67087  78
80693  56
94677  63
8984  75
73266  43
2671  62
565|6
590  75
231  63
19  64
21  71
50  77
539  80
566|15
648  87
10  53
231  48
329  65
342  75
141  77
203  61
345  71
39  71
497  93
265  69
588  73
708  78
353  63
2  74
567|20
8189  45
26743  45
92681  45
109897  45
152071  45
5690  53
136602  51
122888  45
6333  48
1274  71
122922  50
153070  45
151687  45
117877  45
108928  41
954  84
122924  37
27773  61
648  46
135887  51
568|23
50  83
147  83
296  83
356  83
480  83
593  83
765  83
1103  83
1104  83
1257  83
1298  83
1895  83
2313  83
2359  83
2863  83
3053  83
3148  83
3261  83
3363  83
8169  83
46723  83
63853  83
65088  83
569|5
231  83
50  96
380  89
588  84
592  80
570|20
208  61
8636  74
48516  83
1225  79
586  57
2683  59
457  67
1196  84
110  81
4993  83
7361  76
1198  82
1079  72
10  66
3793  74
1391  57
589  72
380  60
527  82
185  49
571|20
1331  51
2982  51
2366  29
1128  51
610  64
2902  38
1998  15
3696  66
1980  51
1987  51
70  53
1924  41
2279  39
1327  43
3732  37
1972  18
1278  63
1644  32
2327  74
1978  25
572|20
1961  93
2570  73
2788  96
2321  75
111  98
904  100
2987  70
2302  80
1834  85
2539  83
2917  91
1307  90
1  94
161  86
3421  80
838  83
1356  86
2006  87
3167  80
1953  86
573|20
89745  100
72998  91
3752  75
356  100
7293  78
6754  81
8665  89
32587  98
1073  86
88744  100
1127  88
68954  94
98809  100
2640  84
48516  100
71535  99
59369  93
60069  100
88140  93
1562  68
574|23
47  83
110  83
150  83
153  83
161  83
185  83
225  83
231  83
292  83
296  83
300  83
316  83
318  83
329  83
339  83
344  83
380  83
410  83
434  83
588  83
592  83
593  83
595  83
575|8
2566  60
2580  69
296  79
2581  73
2572  61
2542  79
2574  28
2598  38
576|5
849  60
1321  52
1373  49
1479  65
2289  71
577|20
2415  71
1183  74
1288  86
1129  71
2944  82
2194  83
733  65
1213  90
2076  74
2020  80
1262  91
1931  69
1391  71
2987  70
952  72
1909  68
260  92
919  72
2248  75
1270  77
578|6
6751  81
52668  80
45668  62
830  79
72407  72
75446  81
579|15
3174  76
2485  76
1022  85
2018  75
838  85
1917  75
1391  64
596  55
1573  87
2965  79
1653  84
2599  63
892  93
2687  71
595  88
580|20
5767  71
6583  71
480  75
8844  71
6989  70
3809  68
41569  71
3699  64
4041  70
33166  75
356  86
508  80
8376  54
3578  79
608  76
3785  57
3089  88
1320  63
54286  81
1201  84
581|8
7153  94
5995  89
4973  96
116797  74
3949  91
4306  91
109487  95
6377  93
582|12
91529  92
2959  89
116797  88
4993  87
5618  87
2571  86
76251  80
69844  87
104841  97
48516  92
97752  71
76093  79
583|12
8533  70
88405  63
2706  58
117590  78
317  82
60756  84
6942  83
595  76
46578  75
104  67
2694  63
7451  84
584|17
288  69
22  83
203  72
315  75
500  84
316  80
539  85
234  79
296  84
257  70
434  74
586  79
338  91
349  77
282  77
480  95
590  89
585|13
3173  59
1228  82
54503  90
2959  100
428  91
1405  83
7254  80
441  100
1805  90
296  100
27373  87
5325  73
79132  94
586|20
34332  87
4016  89
111659  76
106002  77
149406  86
167036  100
45499  79
136556  87
5445  94
117851  82
1291  97
71264  83
106489  84
135436  72
3753  89
2640  98
3147  100
122916  98
3793  91
101362  71
587|20
1234  98
628  86
2012  71
534  91
2002  69
1641  90
236  60
1376  86
2622  86
1541  61
3260  83
497  92
3082  64
445  61
3448  81
2574  51
765  68
691  66
329  81
3406  64
588|12
50  77
16  74
20  49
356  80
350  67
198  65
593  80
364  72
163  89
253  73
223  77
3  54
589|8
1092  63
318  100
590  85
373  89
586  68
587  90
527  100
337  86
590|20
924  67
8807  69
2371  54
38061  85
81834  83
40815  73
4890  65
903  81
5  49
3624  58
555  72
4047  63
51662  79
2085  70
419  55
595  66
329  59
2376  52
3635  70
2398  64
591|11
2908  66
2706  76
2712  68
2355  67
3615  64
3578  78
2394  59
3798  64
356  82
223  80
2724  46
592|19
514  69
2  85
153  68
415  61
110  95
177  66
420  59
380  69
44  66
788  96
588  70
163  50
204  57
610  87
39  73
419  56
253  74
432  63
240  60
593|20
1196  77
1073  73
1086  83
1617  77
4034  69
41566  60
1197  75
344  48
8368  72
339  58
2959  75
8961  73
5816  69
2797  69
4896  67
588  70
595  53
5952  78
377  57
141  65
594|20
7031  80
2671  82
7115  67
1616  68
5943  65
1188  71
2269  58
1733  90
4902  86
6996  23
780  78
1429  93
6140  80
7046  78
39  69
595  88
799  94
2028  93
8482  80
7169  83
595|5
265  74
50  94
1186  89
1199  92
1966  51
596|20
33649  70
43744  70
182793  70
129397  40
128908  70
1  84
142488  81
122922  76
4310  32
71838  41
4025  68
2501  65
110102  75
149406  73
2774  70
5502  65
8665  74
6537  68
2571  79
345  42
597|20
1799  87
490  77
3040  95
2529  92
2858  98
903  100
3039  80
2000  86
1291  90
357  80
1228  93
1845  93
2411  56
1580  80
1148  100
1198  100
2723  79
485  71
592  79
2692  93
598|5
56367  78
8360  81
593  79
114265  79
103543  40
599|496
26142  53
26567  53
26590  53
26676  53
26854  53
27595  53
34800  53
53450  53
60803  53
69131  53
74696  53
79895  53
84523  53
87960  53
92674  53
98799  53
102735  53
102852  53
104017  53
105020  53
122433  53
157865  53
158874  53
160978  53
161044  53
174727  53
179053  53
1801  44
6035  68
3387  60
33437  53
112  51
5995  73
167706  53
4394  53
836  24
7235  61
8809  80
102749  53
89087  28
42011  32
432  25
471  53
5628  61
1015  45
2  50
2269  38
69  47
3947  49
79091  54
104837  53
4037  62
7587  68
6881  53
1449  62
7225  59
81229  50
68952  70
4728  40
5081  45
33966  53
1779  42
3669  53
87197  53
170297  53
79057  56
95965  53
55207  53
4007  61
1220  62
80831  49
46723  59
71282  67
7757  68
3259  50
92309  59
1376  54
7192  60
4654  46
101423  53
53468  44
62662  53
3174  53
3698  50
2882  40
2359  56
1183  59
2792  44
1095  62
8387  11
53125  49
115713  67
2949  60
2471  41
3  48
1231  64
3861  52
240  60
1480  62
2301  55
1445  25
8045  53
586  40
2942  29
1185  81
4594  53
2474  67
3671  61
3196  69
64839  65
98697  53
2606  39
1777  53
5309  37
7022  73
4873  64
541  69
27311  68
43921  55
67734  61
4240  53
5026  64
168  27
33493  55
4125  10
7354  48
207  48
1094  54
742  31
1609  41
1042  44
3362  67
4553  63
4632  70
2278  51
468  41
122904  60
75416  53
42718  60
4285  60
79274  68
1794  53
45081  49
108192  53
3489  54
3503  58
89804  65
163809  53
577  47
3071  54
1204  71
3981  30
95771  53
45382  80
6548  48
59387  68
166528  70
168492  80
6691  53
605  45
424  40
2991  56
248  62
97950  53
3865  53
1216  57
342  51
35836  57
27772  39
176419  60
151781  53
277  35
6320  20
39381  63
5111  53
4090  50
2450  16
2676  46
2356  48
79702  63
1597  46
410  50
1721  46
3702  52
183301  53
1387  63
2072  52
26729  78
2393  52
4247  33
4591  45
1032  62
3087  57
1895  50
634  50
210  45
2074  68
51575  35
3505  85
5247  45
481  41
4215  25
1355  30
2657  48
2028  70
4011  67
420  30
552  45
1196  76
2395  56
5303  61
1752  33
3186  49
4310  35
1784  65
3200  86
7254  60
688  43
473  26
1079  68
1552  45
1148  71
1544  39
63113  58
2325  47
26649  80
6804  53
161  48
4109  49
34332  27
1653  63
4808  45
7707  53
3468  74
502  26
1221  75
1792  55
68319  41
6787  71
2119  25
3884  30
4254  25
3973  29
103609  53
8934  53
5377  66
42632  59
55290  66
4506  50
7840  66
5568  65
1689  65
7005  53
103228  50
59947  53
786  40
4351  51
172253  53
4679  47
1411  82
117630  53
1590  46
112623  65
3146  39
8984  43
1920  47
519  26
179817  65
3979  40
3741  81
44020  39
26630  53
7285  62
3030  84
1021  28
8638  65
87  49
7153  67
2877  65
2018  56
3173  54
5198  53
7101  49
7701  15
3213  64
26159  59
2339  53
33896  58
2000  58
4006  48
136562  56
37382  43
6645  65
171763  74
8528  61
27008  53
4017  65
4167  51
86142  67
1249  71
3255  61
736  42
2779  49
84414  79
27773  63
2083  58
98499  39
4034  61
119828  53
1993  49
94864  43
6631  15
2321  58
26242  53
3703  58
41566  44
2529  64
1968  63
8914  67
3257  40
159403  53
1036  64
76093  74
5103  36
6947  61
1952  65
2124  46
4084  44
6016  65
778  69
81  40
2171  69
1253  62
4275  49
7982  78
3723  57
849  39
2681  65
6565  61
39414  47
122916  71
6440  66
8917  56
72011  65
1605  45
1240  64
923  66
68157  69
5961  53
5053  53
3571  80
2403  59
3871  76
44238  53
72226  64
7004  37
2054  38
62970  60
5159  38
354  70
122924  41
48774  67
1394  64
3763  56
70286  67
1904  70
3969  60
81562  59
102590  53
233  65
4155  69
1031  62
76  49
459  25
1097  57
1178  65
60291  68
3328  68
1232  48
3036  44
5283  35
4327  54
610  61
2726  61
4732  31
5970  44
2396  63
594  57
1247  72
45499  49
3476  53
2399  25
137218  53
1997  55
3271  64
27801  65
6365  48
1799  60
580  53
122900  60
2803  40
80219  56
466  35
110882  85
3997  25
26176  53
2378  44
117895  16
26662  68
90603  65
119218  53
44  30
809  41
1960  60
4519  41
1959  76
414  25
1073  58
61236  62
1479  58
4019  55
1245  71
37857  63
161032  53
371  13
3020  55
88593  53
6774  69
2005  64
90405  55
26285  53
6793  22
627  68
1617  66
6734  19
108090  53
2427  55
51024  75
122922  54
3440  11
6874  70
4919  52
338  31
81591  65
1704  69
1499  32
357  44
62155  61
144  65
34148  60
53519  45
4504  53
2796  47
216  49
6827  13
1429  50
7445  57
1385  49
90471  70
8425  53
10  59
26542  49
7387  69
72998  58
89470  62
3629  72
1297  61
3424  65
1672  50
44761  72
196  35
70703  53
2383  36
180  55
4040  30
6333  61
4440  100
5291  61
88235  59
1639  59
4580  10
153236  53
86190  57
4477  45
103027  53
32291  59
34811  53
5171  40
122260  53
8784  66
5954  65
8798  54
707  25
880  31
314  45
61323  59
600|20
3269  43
1394  72
3785  39
2717  44
5569  65
4306  72
1206  72
56775  50
2015  54
7  45
2013  51
262  69
1210  73
1060  66
2431  57
2077  69
2423  49
4641  70
527  84
5076  55
601|20
141846  88
68157  93
1262  91
106782  90
60069  96
49272  86
5445  90
1193  100
1207  83
79132  91
904  96
166024  90
1917  70
7153  94
2324  86
170697  80
31658  94
5989  91
88810  77
2571  93
602|20
161  72
19  55
350  69
494  64
14  80
471  93
125  73
434  57
235  61
481  63
315  45
371  72
474  68
527  90
21  67
349  66
440  69
339  68
480  82
163  92
603|20
602  70
803  70
2008  70
2577  70
3459  70
4787  71
2912  74
1769  50
485  69
4420  70
920  71
1  78
2706  66
1844  77
3787  100
1222  88
190  44
2716  77
3983  94
101  91
604|20
220  70
292  73
151  83
329  64
410  61
426  60
435  52
316  67
22  74
235  71
181  56
332  60
273  56
637  79
285  70
173  63
588  75
23  100
553  81
1  99
605|20
35347  64
6787  65
1197  83
5667  64
42738  50
51662  72
7373  59
596  60
780  67
4571  71
2316  87
7454  51
150  67
60040  64
8977  44
3269  53
72982  64
1210  77
62376  50
60937  53
606|20
263  73
563  73
583  73
3808  73
4671  73
4840  73
5856  73
6111  73
6573  73
8685  73
32728  73
55805  73
3147  82
4392  78
2311  74
6308  50
50842  90
6591  85
8270  78
2025  80
607|20
891  78
1610  81
448  93
3147  87
1094  73
1307  83
592  81
204  40
1552  62
527  100
3476  85
296  98
2313  87
3440  31
423  73
1518  69
2118  90
2193  68
380  77
2028  93
608|20
52245  68
2997  78
3793  68
2763  64
174  43
2000  65
1214  77
919  68
2700  76
4161  57
5146  59
1639  69
541  73
473  45
2529  71
522  82
4343  55
1909  58
2431  59
1220  73
609|8
296  62
833  36
356  78
339  66
454  72
318  82
208  46
292  65
610|20
5953  74
58975  74
70206  74
78626  74
82765  74
97988  74
107447  74
107462  74
110591  74
110746  74
118082  74
139655  74
160341  74
86644  76
56801  57
61024  80
77561  74
4816  83
62434  74
3972  78
